-7.083506407064433574e+00 5.482864206327695555e+00 -1.425128429529953333e+00 3.951690000000000000e+05 2.709093505572827780e+03
-8.003211014162575632e-01 4.858056878270646806e+00 5.482864206860362799e+00 3.916970000000000000e+05 2.709093505572828235e+03
-7.708313735916815901e+00 -8.003211014769591181e-01 -7.083506406359264318e+00 3.905300000000000000e+05 2.709093505572828235e+03
5.482864208375273662e+00 -7.708313737070005445e+00 -8.003211001895218502e-01 3.824610000000000000e+05 2.709093505572828235e+03
-8.003211011221048610e-01 -7.708313736710236341e+00 5.482864204870259606e+00 3.813640000000000000e+05 2.709093505572828235e+03
-7.083506407593796794e+00 5.482864209042238812e+00 4.858056879670572314e+00 3.801970000000000000e+05 2.709093505572828690e+03
-8.003211018006790578e-01 -8.003210997255738590e-01 4.858056878798246103e+00 3.757400000000000000e+05 2.709093505572828690e+03
-7.083506406783245168e+00 -1.425128428482349774e+00 -8.003210998682326327e-01 3.710590000000000000e+05 2.709093505572827780e+03
-7.708313735397295474e+00 -8.003210986832137719e-01 5.482864206352324743e+00 3.683940000000000000e+05 2.709093505572828235e+03
-1.425128427845900658e+00 -8.003210998867301695e-01 5.482864206846995714e+00 3.646510000000000000e+05 2.709093505572827780e+03
-1.425128428304559547e+00 -7.083506407138779437e+00 -8.003211019519961278e-01 3.634560000000000000e+05 2.709093505572827780e+03
5.482864207047014382e+00 -8.003210997871414989e-01 4.858056876348325837e+00 3.621630000000000000e+05 2.709093505572827780e+03
-1.425128431105080251e+00 -7.083506408878379901e+00 -7.083506406243737175e+00 3.597640000000000000e+05 2.709093505572827780e+03
-1.425128429134339791e+00 5.482864205920630063e+00 5.482864206923656170e+00 3.562310000000000000e+05 2.709093505572827780e+03
-7.083506407056426646e+00 -8.003210990412112924e-01 -1.425128429307626288e+00 3.551200000000000000e+05 2.709093505572827780e+03
5.482864207632561993e+00 -1.425128427482554638e+00 5.482864208212111734e+00 3.539670000000000000e+05 2.709093505572827780e+03
5.482864206543929697e+00 -7.083506408673756027e+00 4.858056878296226344e+00 3.517220000000000000e+05 2.709093505572828690e+03
-1.425128428215244991e+00 -8.003211014646415267e-01 -7.083506407175396369e+00 3.493650000000000000e+05 2.709093505572827780e+03
4.858056876776595701e+00 -8.003211000678935871e-01 -7.083506407420688156e+00 3.480440000000000000e+05 2.709093505572828235e+03
-7.708313737919423758e+00 -7.083506405441378107e+00 -7.083506407427345053e+00 3.457150000000000000e+05 2.709093505572828235e+03
-7.083506405377756110e+00 -8.003211013952848951e-01 -7.708313736437828467e+00 3.432460000000000000e+05 2.709093505572828690e+03
-7.708313609821707324e+00 5.482864701766378523e+00 -8.003213743309652850e-01 3.401370000000000000e+05 2.709093505562030259e+03
-1.425128429291770527e+00 5.482864205810771274e+00 -8.003210991874607494e-01 3.323760000000000000e+05 2.709093505572827780e+03
5.482864204521741947e+00 5.482864207670991696e+00 4.858056878870479878e+00 3.272470000000000000e+05 2.709093505572828235e+03
4.858057067825252595e+00 -7.083505211022990800e+00 5.482866368199197815e+00 3.214040000000000000e+05 2.709093505375923996e+03
5.482864208336307499e+00 -7.083506411135816805e+00 -7.708313733841000825e+00 3.167930000000000000e+05 2.709093505572828235e+03
5.482863998702996788e+00 -7.083507131987827776e+00 -1.425129438712374741e+00 3.010560000000000000e+05 2.709093505520098461e+03
-7.708313735226800745e+00 5.482864204951310327e+00 5.482864207768486153e+00 2.977190000000000000e+05 2.709093505572828235e+03
5.482864207478424845e+00 5.482864205326186458e+00 -1.425128429198357249e+00 2.958520000000000000e+05 2.709093505572827780e+03
-8.003196297044034013e-01 5.482863167036315488e+00 -1.425128315129293943e+00 2.952310000000000000e+05 2.709093505468387320e+03
-7.083506408034872415e+00 -7.708313737056320392e+00 -8.003210994154543734e-01 2.930420000000000000e+05 2.709093505572828235e+03
-8.003210992370185517e-01 -8.003210993686405983e-01 -7.708313735648081533e+00 2.855050000000000000e+05 2.709093505572828235e+03
-7.083506408005274757e+00 4.858056878362575937e+00 -7.083506407987067988e+00 2.763860000000000000e+05 2.709093505572828235e+03
4.858056879745534573e+00 -8.003211009836925793e-01 -8.003211029423936695e-01 2.751630000000000000e+05 2.709093505572828235e+03
-8.003211002705367116e-01 -8.003211010118850277e-01 -1.425128427157287048e+00 2.707620000000000000e+05 2.709093505572827780e+03
-8.003211008445104691e-01 4.858056879616414747e+00 -7.083506407281861428e+00 2.556930000000000000e+05 2.709093505572828235e+03
-8.003211019504212764e-01 5.482864205952919789e+00 4.858056878024396674e+00 2.396480000000000000e+05 2.709093505572828235e+03
-7.083506409493509182e+00 -1.425128427383870910e+00 5.482864207916303023e+00 2.238510000000000000e+05 2.709093505572827780e+03
4.858057093202866383e+00 5.482864744604439622e+00 -8.003211464644102158e-01 2.154320000000000000e+05 2.709093505561930215e+03
-7.083506610178548435e+00 -1.425128487882202144e+00 -7.083506436095629688e+00 2.003670000000000000e+05 2.709093505571365768e+03
-8.003211014375791743e-01 -7.083506407578499697e+00 -7.708313734800489314e+00 1.991860000000000000e+05 2.709093505572828235e+03
-8.003211001799818147e-01 -7.708313736281764861e+00 -7.083506407299744012e+00 1.975290000000000000e+05 2.709093505572828235e+03
-8.003211007875646876e-01 -7.083506407266767724e+00 4.858056876253856515e+00 1.958160000000000000e+05 2.709093505572827780e+03
-7.083505495438078725e+00 5.482864674064175325e+00 -7.708313511923554628e+00 1.894270000000000000e+05 2.709093505537456622e+03
-7.083506414430347675e+00 -8.003217426455738748e-01 4.858057349885840814e+00 1.821560000000000000e+05 2.709093505552102215e+03
5.482864207073016694e+00 4.858056879005973272e+00 -8.003211016006226419e-01 1.686170000000000000e+05 2.709093505572828235e+03
4.858056877097810755e+00 -7.083506408805856580e+00 -7.083506406007758827e+00 1.674920000000000000e+05 2.709093505572828235e+03
-8.003211004061396849e-01 5.482864206607014346e+00 -7.708313733584118310e+00 1.652330000000000000e+05 2.709093505572828235e+03
5.482864205347257602e+00 -7.708313735711710635e+00 -7.083506404630869113e+00 1.639540000000000000e+05 2.709093505572828235e+03
5.482864207180815797e+00 5.482864205391392964e+00 -7.708313735634119368e+00 1.626750000000000000e+05 2.709093505572828235e+03
5.482864205661973855e+00 -1.425128428173800810e+00 -7.083506408236226903e+00 1.570000000000000000e+05 2.709093505572827780e+03
5.482864207950797208e+00 -8.003211025920127231e-01 -7.708313735005615897e+00 1.558610000000000000e+05 2.709093505572828235e+03
-8.004977450440364795e-01 4.858248989459759137e+00 -8.005641436558101898e-01 1.476520000000000000e+05 2.709089363294533996e+03
-7.708313736145397499e+00 -8.003211010024448013e-01 -8.003211025523445654e-01 1.464570000000000000e+05 2.709093505572828235e+03
-7.083506189997245350e+00 4.858056675096254828e+00 -8.003209490067467735e-01 1.364420000000000000e+05 2.709093505569169338e+03
-7.083506406853079973e+00 -7.083506407695752571e+00 -7.708313735933240984e+00 1.301790000000000000e+05 2.709093505572828235e+03
5.482864207320977457e+00 -1.425128430099352084e+00 -8.003211005993835503e-01 1.217640000000000000e+05 2.709093505572827780e+03
-8.003158226506416062e-01 -1.425124746560800348e+00 -7.083503391171915631e+00 1.061910000000000000e+05 2.709093503929703274e+03
5.482864205214343478e+00 -8.003211005574307757e-01 -1.425128428255807433e+00 1.041840000000000000e+05 2.709093505572827780e+03
-8.003211019802889403e-01 -1.425128427459662728e+00 -8.003210999115762947e-01 8.137300000000000000e+04 2.709093505572827780e+03
-7.083506406387518162e+00 -7.083506406757962282e+00 -1.425128427951242838e+00 7.784400000000000000e+04 2.709093505572827780e+03
5.482864365577928112e+00 -7.708313808062797534e+00 5.482864181935108050e+00 4.869100000000000000e+04 2.709093505571819151e+03
-7.083506406533951250e+00 -7.083506409557181804e+00 4.858056875708692601e+00 3.088200000000000000e+04 2.709093505572828235e+03
-7.083506408107881569e+00 -7.708313736504335267e+00 5.482864206274872032e+00 2.968700000000000000e+04 2.709093505572828235e+03
-7.708314987064577295e+00 5.482864149107911977e+00 -7.083506896912882489e+00 1.949000000000000000e+04 2.709093505512078536e+03
