-7.083506408918504249e+00 -8.003210987233088103e-01 4.858056881460884213e+00 3.986320000000000000e+05 2.709093505572828235e+03
-7.083506407298355789e+00 -7.083506408001818855e+00 4.858056877263537743e+00 3.938440000000000000e+05 2.709093505572828235e+03
-1.425128427379280804e+00 -8.003211004063611744e-01 -8.003210997313788821e-01 3.915290000000000000e+05 2.709093505572827780e+03
-7.083506407905432845e+00 -8.003211012827166071e-01 -1.425128427763063144e+00 3.892000000000000000e+05 2.709093505572827780e+03
-7.083506406543770950e+00 4.858056879989584687e+00 5.482864207023233405e+00 3.880750000000000000e+05 2.709093505572828235e+03
5.482864206680527985e+00 5.482864209726151294e+00 4.858056878468000050e+00 3.845840000000000000e+05 2.709093505572828235e+03
-7.083506407575204555e+00 -7.708313735411215006e+00 -8.003211017619145107e-01 3.834730000000000000e+05 2.709093505572828235e+03
-7.708313735290664326e+00 -7.083506408356614159e+00 -8.003211010683353166e-01 3.822640000000000000e+05 2.709093505572828235e+03
4.858056877952117603e+00 -8.003210990655307278e-01 5.482864207249006583e+00 3.785210000000000000e+05 2.709093505572828235e+03
-1.425128427658835184e+00 -8.003210994079758001e-01 5.482864206193802659e+00 3.762760000000000000e+05 2.709093505572827780e+03
-8.003211001232447552e-01 -1.425128427782110796e+00 -7.083506406691681967e+00 3.699990000000000000e+05 2.709093505572827780e+03
-8.003211013652843375e-01 -7.083506405445707976e+00 -7.708313736525587601e+00 3.676700000000000000e+05 2.709093505572828235e+03
5.482864206390727801e+00 -1.425128430443257654e+00 -8.003211005471007056e-01 3.651450000000000000e+05 2.709093505572827780e+03
4.858056877437322285e+00 -8.003211008225850076e-01 -7.083506407225148571e+00 3.624100000000000000e+05 2.709093505572828235e+03
-8.001938513002390119e-01 -1.424775838473694822e+00 5.482567040834891436e+00 3.586390000000000000e+05 2.709085951046163700e+03
5.482864205648883882e+00 4.858056879790646931e+00 5.482864206614727287e+00 3.529080000000000000e+05 2.709093505572828235e+03
-8.003211010984323526e-01 -7.708313734636787373e+00 -7.083506406938362865e+00 3.506770000000000000e+05 2.709093505572828235e+03
-8.003210994043448157e-01 4.858056878537178491e+00 5.482864205673474878e+00 3.494680000000000000e+05 2.709093505572828235e+03
-1.425128427453649760e+00 -7.083506407741031019e+00 -7.083506408018942935e+00 3.458930000000000000e+05 2.709093505572828235e+03
-1.425128429917243533e+00 -7.083506407221354273e+00 5.482864205730376028e+00 3.398720000000000000e+05 2.709093505572827780e+03
-1.425128427780178342e+00 5.482864208417053575e+00 -8.003211005426092983e-01 3.378930000000000000e+05 2.709093505572827780e+03
-7.083506404680169233e+00 5.482864206184336453e+00 -7.708313735691431745e+00 3.324420000000000000e+05 2.709093505572827780e+03
-7.083506406782264619e+00 -1.425128429026656374e+00 -7.083506407683557882e+00 3.263610000000000000e+05 2.709093505572827780e+03
4.858056951463631812e+00 -7.083506157268955050e+00 -8.003206541496954429e-01 3.229680000000000000e+05 2.709093505564252155e+03
-7.708313734130106454e+00 -8.003211014333336815e-01 -7.083506406518929488e+00 3.076330000000000000e+05 2.709093505572828235e+03
-7.708313735660018651e+00 5.482864205742653319e+00 -7.083506409425517347e+00 3.064800000000000000e+05 2.709093505572828235e+03
5.482863979818965561e+00 5.482864073122254212e+00 -7.708313975486629666e+00 3.004830000000000000e+05 2.709093505568656383e+03
5.482864206153691633e+00 -7.708313735655454302e+00 5.482864207035937021e+00 2.979620000000000000e+05 2.709093505572828235e+03
-1.425128426218168709e+00 -8.003211017967836183e-01 -7.083506406808583122e+00 2.957170000000000000e+05 2.709093505572827780e+03
4.858056880063658767e+00 5.482864206767871451e+00 5.482864206434070908e+00 2.911760000000000000e+05 2.709093505572828235e+03
-8.003211004031880460e-01 5.482864206975540000e+00 -7.708313735686301627e+00 2.900230000000000000e+05 2.709093505572828690e+03
-7.083506406221072638e+00 -7.708313734778007742e+00 5.482864205448524153e+00 2.800640000000000000e+05 2.709093505572828235e+03
-7.083329357643039614e+00 -7.708345172249116750e+00 -7.083427308197296490e+00 2.771050000000000000e+05 2.709092266612133699e+03
5.482864205265317814e+00 -7.083506409493958600e+00 4.858056879378631621e+00 2.716260000000000000e+05 2.709093505572828690e+03
5.482864204654140039e+00 -8.003210997235029600e-01 4.858056879820319196e+00 2.653910000000000000e+05 2.709093505572828235e+03
4.858056879358835900e+00 5.482864206287831443e+00 -8.003211009570968537e-01 2.608640000000000000e+05 2.709093505572828235e+03
5.482864105605508520e+00 5.482864483628276275e+00 -1.425127759425178775e+00 2.574570000000000000e+05 2.709093505554910735e+03
-8.003210994906639897e-01 -7.083506406942904121e+00 -1.425128429074776104e+00 2.525980000000000000e+05 2.709093505572827780e+03
-7.083506406081953699e+00 4.858056878282768665e+00 -7.083506404815544499e+00 2.513050000000000000e+05 2.709093505572828235e+03
-7.083506406732827720e+00 5.482864206341768742e+00 4.858056879922665772e+00 2.432500000000000000e+05 2.709093505572828235e+03
-7.708313834768029338e+00 -7.083506344201818905e+00 -7.083506591890701642e+00 2.417050000000000000e+05 2.709093505571274363e+03
5.482864206098936322e+00 -8.003211018725736592e-01 -7.708313736171225727e+00 2.350500000000000000e+05 2.709093505572828690e+03
5.482864208146160934e+00 -8.003211000757127769e-01 -1.425128429397778174e+00 2.227530000000000000e+05 2.709093505572827780e+03
-8.003207404291172722e-01 4.858056811676674691e+00 -7.083506021384224027e+00 2.169520000000000000e+05 2.709093505563734197e+03
-8.003211012030236882e-01 -8.003210986415217887e-01 -7.708313734780999127e+00 2.001930000000000000e+05 2.709093505572828235e+03
4.858056879673094741e+00 -7.083506408077266947e+00 -7.083506408678369226e+00 1.986900000000000000e+05 2.709093505572828690e+03
-7.083506406612047890e+00 -7.083506409975230511e+00 -1.425128429252678242e+00 1.841250000000000000e+05 2.709093505572827780e+03
4.858056878789279054e+00 -7.083506407105909730e+00 5.482864208695931829e+00 1.829860000000000000e+05 2.709093505572828235e+03
-8.003204763627673746e-01 -8.003199364000019855e-01 -1.425127853104799280e+00 1.775630000000000000e+05 2.709093505505707071e+03
5.482864310514409922e+00 -7.708313710118312123e+00 -8.003208424385568343e-01 1.761580000000000000e+05 2.709093505570323487e+03
-8.003211005249702970e-01 4.858056877683631924e+00 -8.003210994229810193e-01 1.598190000000000000e+05 2.709093505572828235e+03
-1.425128427291818323e+00 5.482864208597124644e+00 -7.083506406259879817e+00 1.541020000000000000e+05 2.709093505572827780e+03
-8.003210991407533337e-01 -7.083506408755882333e+00 4.858056881440605324e+00 1.518290000000000000e+05 2.709093505572828235e+03
-7.708313898730605906e+00 5.482864115205610567e+00 5.482864366214332819e+00 1.486040000000000000e+05 2.709093505570841444e+03
-8.003211012253029777e-01 -7.708313736446013920e+00 5.482864206233467819e+00 1.347250000000000000e+05 2.709093505572827780e+03
-7.083506407358175494e+00 -1.425128427872915493e+00 -8.003211003363194243e-01 1.286300000000000000e+05 2.709093505572827780e+03
-7.083506407050478515e+00 4.858056877859263878e+00 -8.003211000484479198e-01 1.170470000000000000e+05 2.709093505572828235e+03
-1.425128427425144118e+00 -7.083506406434289637e+00 -8.003210998040499735e-01 1.119920000000000000e+05 2.709093505572827780e+03
5.482864208654690152e+00 -7.708313736520798543e+00 -7.083506407994628162e+00 1.008570000000000000e+05 2.709093505572828690e+03
-8.003211002988586120e-01 -7.708313737004855781e+00 -8.003210989320822533e-01 8.205000000000000000e+04 2.709093505572828235e+03
-7.083506407627354839e+00 -7.083506407506131808e+00 -7.708313737866111737e+00 7.192700000000000000e+04 2.709093505572828235e+03
-8.003210999624599253e-01 5.482864205382262490e+00 4.858056878686541680e+00 4.439800000000000000e+04 2.709093505572828690e+03
-7.708313734560098496e+00 5.482864209370893249e+00 -8.003211000680432452e-01 3.190500000000000000e+04 2.709093505572828235e+03
-7.083506406805988753e+00 -8.003211018972226087e-01 -7.708313738261670878e+00 3.076600000000000000e+04 2.709093505572827780e+03
-7.083506407769406543e+00 -1.425128427736968684e+00 5.482864205762086662e+00 2.926700000000000000e+04 2.709093505572827780e+03
5.482864206825558639e+00 -1.425128431615751534e+00 5.482864205299640581e+00 2.048400000000000000e+04 2.709093505572827780e+03
-7.708313727904387846e+00 -7.083506420017593896e+00 5.482864205205646435e+00 -3.000000000000000000e+00 2.709093505572821869e+03
