-8.003211018004912081e-01 -7.083506408240161534e+00 4.858056879544955464e+00 = 1.042100000000000000e+04 @ 2.709093505572828235e+03
-7.083506406804767508e+00 -7.083506407142157180e+00 4.858056880035943159e+00 = 2.339600000000000000e+04 @ 2.709093505572828235e+03
-7.083506407262207816e+00 5.482864206826856268e+00 4.858056878822880620e+00 = 3.440600000000000000e+04 @ 2.709093505541297418e+03
-1.425128428388027668e+00 -7.083506406440926995e+00 5.482864206816588926e+00 = 8.013200000000000000e+04 @ 2.709093505572072445e+03
-1.425128428062500729e+00 5.482864206065169554e+00 5.482864206208674318e+00 = 8.262500000000000000e+04 @ 2.709093505564327188e+03
-8.003211026475735013e-01 -8.003210998741305815e-01 -1.425128428697431726e+00 = 1.187560000000000000e+05 @ 2.709093505572506729e+03
-1.425128429909331640e+00 5.482864207542202273e+00 -8.003210991928879636e-01 = 1.305180000000000000e+05 @ 2.709093505572696358e+03
-8.003211003975236881e-01 -1.425128427867211611e+00 -7.083506407640152602e+00 = 1.363480000000000000e+05 @ 2.709093505570881916e+03
5.482864207811555701e+00 4.858056878642104337e+00 -8.003211001257982682e-01 = 1.467090000000000000e+05 @ 2.709093505572827780e+03
-8.003211017338078825e-01 4.858056880025836577e+00 -8.003210984233191105e-01 = 1.554280000000000000e+05 @ 2.709093505572425329e+03
-7.708313737991309367e+00 -7.083506406097676233e+00 -8.003211034993337192e-01 = 1.615610000000000000e+05 @ 2.709093505572827780e+03
-8.003211002929817575e-01 5.482864204687817100e+00 -7.708313734973826215e+00 = 1.728280000000000000e+05 @ 2.709093505571364403e+03
-1.425128427925302033e+00 -8.003211017194806765e-01 -7.083506407328429511e+00 = 1.780090000000000000e+05 @ 2.709093505572828235e+03
5.482864206519852068e+00 5.482864205686649228e+00 4.858056880225712248e+00 = 1.801660000000000000e+05 @ 2.709093505572828235e+03
-7.083506407727551135e+00 -7.083506407674095229e+00 -7.708313733171641147e+00 = 1.891000000000000000e+05 @ 2.709093505572827780e+03
-8.003210998049961056e-01 -8.003210983941425605e-01 -7.708313736230989477e+00 = 1.968850000000000000e+05 @ 2.709093505571087462e+03
5.482864207582116123e+00 -1.425128431429913745e+00 5.482864206057597833e+00 = 1.995180000000000000e+05 @ 2.709093505572828235e+03
5.482864205999351093e+00 -7.708313737287253886e+00 -8.003211003877424012e-01 = 2.091510000000000000e+05 @ 2.709093505571854621e+03
-7.083506406827080326e+00 4.858056878086431496e+00 -7.083506407064222188e+00 = 2.117280000000000000e+05 @ 2.709093505570628167e+03
-8.003210997143337391e-01 -7.083506407983784392e+00 -7.708313738956084293e+00 = 2.138010000000000000e+05 @ 2.709093505570474917e+03
4.858056880250154919e+00 5.482864207212517549e+00 5.482864206672187990e+00 = 2.238260000000000000e+05 @ 2.709093505571584046e+03
5.482864207824920122e+00 -8.003211015434231745e-01 -7.708313733748357599e+00 = 2.393850000000000000e+05 @ 2.709093505572781396e+03
-8.003211003432701975e-01 -7.083506406331204097e+00 -1.425128427632555095e+00 = 2.417380000000000000e+05 @ 2.709093505568419005e+03
5.482864208933454719e+00 -1.425128428531829750e+00 -7.083506408276030619e+00 = 2.429150000000000000e+05 @ 2.709093505572825507e+03
-8.003211865943969938e-01 -7.708313786968031600e+00 5.482864221968745788e+00 = 2.489640000000000000e+05 @ 2.709093505572828235e+03
-7.083506694343900456e+00 -7.708313637753522407e+00 5.482864417239900590e+00 = 2.604180000000000000e+05 @ 2.709093505572266622e+03
5.482864204117261053e+00 -7.708313731205768349e+00 5.482864204085506898e+00 = 2.669760000000000000e+05 @ 2.709093505572828235e+03
4.858056876317279560e+00 -8.003210982660956541e-01 -8.003210994509529774e-01 = 2.869740000000000000e+05 @ 2.709093505572827780e+03
-1.425128427623202576e+00 -7.083506408105536778e+00 -8.003211017290038365e-01 = 2.898030000000000000e+05 @ 2.709093505572828235e+03
4.858056641260176889e+00 5.482864197002908391e+00 -8.003212860948312191e-01 = 2.923520000000000000e+05 @ 2.709093505571709102e+03
-7.083506436535155437e+00 -1.425128585498094846e+00 5.482864117497948442e+00 = 2.944250000000000000e+05 @ 2.709093505569810532e+03
5.482864205742954411e+00 5.482864207665237188e+00 -7.708313733417695879e+00 = 3.041980000000000000e+05 @ 2.709093505572827780e+03
-8.003210999451787488e-01 -1.425128428979373751e+00 5.482864208917773929e+00 = 3.068030000000000000e+05 @ 2.709093505572828235e+03
4.858056879819992346e+00 -7.083506405765300329e+00 5.482864204976187317e+00 = 3.081760000000000000e+05 @ 2.709093505572827780e+03
-7.708313637675023422e+00 -7.083506323027928708e+00 5.482864220285518897e+00 = 3.096330000000000000e+05 @ 2.709093505568448563e+03
-7.083506407830251206e+00 4.858056877471719659e+00 5.482864208318204646e+00 = 3.106650000000000000e+05 @ 2.709093505572491722e+03
4.858056883940840009e+00 -8.003211006682264816e-01 -7.083506410604894832e+00 = 3.172740000000000000e+05 @ 2.709093505572827780e+03
-7.708313488661072022e+00 -8.003209302991519669e-01 5.482864417207973240e+00 = 3.185910000000000000e+05 @ 2.709093505572827780e+03
5.482864217789504835e+00 -8.003210981831740956e-01 -1.425128393595067822e+00 = 3.207760000000000000e+05 @ 2.709093505572827780e+03
-8.003209559715479537e-01 -7.708313699471267100e+00 -8.003212291057509864e-01 = 3.292290000000000000e+05 @ 2.709093505572828235e+03
-7.708313822557272488e+00 -7.083506351011163993e+00 -7.083506158319488044e+00 = 3.335420000000000000e+05 @ 2.709093505572827780e+03
-7.083506220874324910e+00 -1.425128466389124160e+00 -8.003209211724154892e-01 = 3.347750000000000000e+05 @ 2.709093505572828690e+03
-7.083506261357658040e+00 -8.003210321388523063e-01 -1.425128364883107013e+00 = 3.390880000000000000e+05 @ 2.709093505572828235e+03
5.482864205481488895e+00 -8.003210994670627576e-01 4.858056880952263512e+00 = 3.434290000000000000e+05 @ 2.709093505572827326e+03
-7.708313886373911572e+00 5.482864036189382340e+00 -8.003210661748823007e-01 = 3.524740000000000000e+05 @ 2.709093505572828235e+03
-7.083506405143094042e+00 -7.708313732750464276e+00 -8.003211013764865989e-01 = 3.554710000000000000e+05 @ 2.709093505572827780e+03
-8.003211007427754042e-01 -7.708313735432109404e+00 -7.083506408945440924e+00 = 3.581880000000000000e+05 @ 2.709093505572828235e+03
-7.708313734835092745e+00 5.482864204530136121e+00 -7.083506407787258041e+00 = 3.595610000000000000e+05 @ 2.709093505572827780e+03
-7.083506261532282799e+00 4.858056946262780507e+00 -8.003209609903342292e-01 = 3.621940000000000000e+05 @ 2.709093505572828690e+03
-1.425128427168992351e+00 -8.003210996475291772e-01 5.482864207166179504e+00 = 3.637070000000000000e+05 @ 2.709093505572827780e+03
-7.083506428962412116e+00 -7.083506341135349160e+00 -1.425128343093800654e+00 = 3.752160000000000000e+05 @ 2.709093505572828235e+03
-8.003210999147120086e-01 5.482864206282299868e+00 -1.425128428309089479e+00 = 3.794450000000000000e+05 @ 2.709093505572828235e+03
4.858056673470732889e+00 5.482864289155576110e+00 -7.083506504379021074e+00 = 3.807620000000000000e+05 @ 2.709093505572828235e+03
-8.003211283106549390e-01 -1.425128482681192965e+00 -8.003210869364680846e-01 = 3.861950000000000000e+05 @ 2.709093505572827780e+03
5.482864189180601144e+00 5.482864147111812692e+00 -1.425128504590961853e+00 = 3.875120000000000000e+05 @ 2.709093505572827780e+03
-7.708313684890800488e+00 -8.003216076620900399e-01 -7.083506335811158294e+00 = 3.902290000000000000e+05 @ 2.709093505572827780e+03
5.482864342133112245e+00 -7.083506337623203919e+00 -7.708313719235817985e+00 = 3.916860000000000000e+05 @ 2.709093505572827780e+03
-7.708313146191941634e+00 -8.003215938243302130e-01 -8.003217118338220581e-01 = 3.930310000000000000e+05 @ 2.709093505572828235e+03
-8.003210994000148348e-01 5.482864206408069485e+00 4.858056877846744115e+00 = 3.943760000000000000e+05 @ 2.709093505572828235e+03
5.482864205967798554e+00 4.858056877558675879e+00 -7.083506409403527826e+00 = 3.971760000000000000e+05 @ 2.709093505572828235e+03
