-7.083506407293044482e+00 -8.003210974146809376e-01 -7.708313736107252900e+00 = 1.772700000000000000e+04 @ 2.709093505570776415e+03
-7.083506407608654243e+00 -7.708313735697577940e+00 -7.083506410135479214e+00 = 1.881600000000000000e+04 @ 2.709093505572827780e+03
-7.708313735697307933e+00 -7.083506409289309858e+00 5.482864209198464067e+00 = 8.033200000000000000e+04 @ 2.709093505572828235e+03
4.858056880161216284e+00 5.482864206351396597e+00 -7.083506406966823654e+00 = 9.349900000000000000e+04 @ 2.709093505572828235e+03
-7.708313734709212994e+00 -7.083506406459948224e+00 -8.003210976980619229e-01 = 1.010650000000000000e+05 @ 2.709093505572828235e+03
-7.083506407564588159e+00 4.858056879369472725e+00 -7.083506408306343261e+00 = 1.239770000000000000e+05 @ 2.709093505572827780e+03
-7.708313736117771597e+00 5.482864206693913722e+00 -8.003211003904474596e-01 = 1.280100000000000000e+05 @ 2.709093505554837066e+03
4.858056879279965656e+00 -7.083506409330333931e+00 -8.003211003404618884e-01 = 1.366450000000000000e+05 @ 2.709093505571563128e+03
-7.708313735193305760e+00 -7.083506406171888869e+00 -7.083506408141312605e+00 = 1.473660000000000000e+05 @ 2.709093505570207526e+03
-7.083506406465201799e+00 -7.083506405376163606e+00 4.858056879734705902e+00 = 1.588240000000000000e+05 @ 2.709093505572828235e+03
-7.083506409481310939e+00 -8.003210989194814440e-01 4.858056881862291121e+00 = 1.629460000000000000e+05 @ 2.709093505572827780e+03
-8.003211009886604943e-01 -7.708313736688252149e+00 -8.003210995650704707e-01 = 1.774890000000000000e+05 @ 2.709093505572828690e+03
-8.003211012943810543e-01 -7.083506405160538755e+00 -1.425128426793630165e+00 = 1.818020000000000000e+05 @ 2.709093505572827780e+03
-8.003211007424420043e-01 -7.708313734764379532e+00 5.482864205397572910e+00 = 1.915290000000000000e+05 @ 2.709093505572827780e+03
-8.003211014645966737e-01 -8.003210998562115819e-01 4.858056878912934806e+00 = 1.928460000000000000e+05 @ 2.709093505572827780e+03
-7.083506407549103656e+00 5.482864207367398990e+00 4.858056878547786894e+00 = 1.974950000000000000e+05 @ 2.709093505572620415e+03
-8.003210998117045172e-01 -1.425128429611308700e+00 5.482864207339559037e+00 = 1.994840000000000000e+05 @ 2.709093505568626824e+03
5.482864207579502214e+00 4.858056876977196126e+00 -8.003211004127848138e-01 = 2.017810000000000000e+05 @ 2.709093505572828235e+03
5.482864208064681222e+00 -7.083506408126155840e+00 4.858056879200747247e+00 = 2.101260000000000000e+05 @ 2.709093505572828235e+03
-1.425128428436536643e+00 5.482864205964485649e+00 -7.083506408845526181e+00 = 2.168200000000000000e+05 @ 2.709093505570077014e+03
-7.083506406108356579e+00 -7.708313732535051699e+00 -8.003211019446675456e-01 = 2.188140000000000000e+05 @ 2.709093505568428554e+03
-7.708313536581751002e+00 5.482864249895366804e+00 -7.083506402515664213e+00 = 2.236690000000000000e+05 @ 2.709093505572827780e+03
5.482864208201713829e+00 -1.425128427702331058e+00 -8.003210997903987822e-01 = 2.273940000000000000e+05 @ 2.709093505563322651e+03
-7.083506406350445594e+00 -1.425128428164087246e+00 -7.083506406964540147e+00 = 2.442510000000000000e+05 @ 2.709093505572828235e+03
-8.003211576073715472e-01 -8.003210675231542393e-01 -1.425128217332628955e+00 = 2.525120000000000000e+05 @ 2.709093505571078822e+03
5.482864206741953517e+00 4.858056879264113448e+00 5.482864205134040603e+00 = 2.534650000000000000e+05 @ 2.709093505572827780e+03
-8.003211000074791359e-01 5.482864208138130913e+00 -1.425128428896907495e+00 = 2.563780000000000000e+05 @ 2.709093505572828235e+03
5.482864207372915466e+00 -7.083506406141916401e+00 -1.425128428904261835e+00 = 2.592070000000000000e+05 @ 2.709093505571795504e+03
4.858056859589877874e+00 5.482865227146817233e+00 -8.003217137943217097e-01 = 2.670480000000000000e+05 @ 2.709093505571995138e+03
-1.425128429955050402e+00 5.482864206372978444e+00 5.482864205771715405e+00 = 2.714410000000000000e+05 @ 2.709093505571326659e+03
5.482864144887384938e+00 -7.708313742800992685e+00 -8.003210750679448093e-01 = 2.774570000000000000e+05 @ 2.709093505571514470e+03
4.858057002661126056e+00 -7.083506115202833797e+00 -7.083506291711081815e+00 = 2.793900000000000000e+05 @ 2.709093505569468562e+03
-7.083506406334764804e+00 -8.003210994148626245e-01 -1.425128425859319758e+00 = 2.803150000000000000e+05 @ 2.709093505572827780e+03
-8.003211684573265927e-01 -1.425128332776043782e+00 -8.003214012872970073e-01 = 2.819400000000000000e+05 @ 2.709093505569135687e+03
5.482864402303190943e+00 -7.708313732451719247e+00 -7.083506459835335889e+00 = 2.946480000000000000e+05 @ 2.709093505572681806e+03
-7.708313702063798623e+00 -8.003209795679512295e-01 5.482864030769485808e+00 = 2.983730000000000000e+05 @ 2.709093505572827780e+03
-8.003211558996229380e-01 4.858056809234958529e+00 -7.083506274484270726e+00 = 3.079780000000000000e+05 @ 2.709093505527368961e+03
-8.003210017634556639e-01 5.482864173248386486e+00 -7.708313593272865027e+00 = 3.103870000000000000e+05 @ 2.709093505572827780e+03
5.482864209511879139e+00 -8.003211004739685386e-01 -7.708313732644212379e+00 = 3.176120000000000000e+05 @ 2.709093505572827780e+03
-1.425128426779209700e+00 -7.083506408495006568e+00 -7.083506409215847732e+00 = 3.204130000000000000e+05 @ 2.709093505572828235e+03
5.482864249079197450e+00 -8.003213132149115117e-01 4.858056963058385413e+00 = 3.218420000000000000e+05 @ 2.709093505571182050e+03
5.482864209219317608e+00 4.858056876040210526e+00 -7.083506404803523893e+00 = 3.227670000000000000e+05 @ 2.709093505572827780e+03
-1.425128935194848845e+00 -8.003212147406649768e-01 -7.083506518973815780e+00 = 3.252040000000000000e+05 @ 2.709093505572827780e+03
-7.083506408869790327e+00 -7.083506407415922190e+00 -1.425128429038801325e+00 = 3.278320000000000000e+05 @ 2.709093505571428977e+03
5.482864456095395411e+00 -8.003209324013491610e-01 -1.425128217805075481e+00 = 3.302650000000000000e+05 @ 2.709093505572828235e+03
-8.003208524541379765e-01 -8.003210523211998773e-01 -7.708313591448694879e+00 = 3.358100000000000000e+05 @ 2.709093505572827780e+03
-7.708313732649456185e+00 5.482864206750491576e+00 5.482864207699313930e+00 = 3.372670000000000000e+05 @ 2.709093505572828235e+03
5.482864207179534155e+00 5.482864206087884718e+00 4.858056879136372075e+00 = 3.386960000000000000e+05 @ 2.709093505572828235e+03
-7.708313668807727836e+00 -8.003207890454065998e-01 -7.083506578772182927e+00 = 3.400410000000000000e+05 @ 2.709093505572827780e+03
5.482864269487259357e+00 -1.425128475757973856e+00 -7.083506397022473422e+00 = 3.508220000000000000e+05 @ 2.709093505572829145e+03
-7.083506406385077447e+00 -1.425128428539336412e+00 5.482864205591627460e+00 = 3.521390000000000000e+05 @ 2.709093505572828235e+03
-7.083506410136594766e+00 -1.425128428086056998e+00 -8.003211001873455910e-01 = 3.575720000000000000e+05 @ 2.709093505572828235e+03
-7.083506407270208527e+00 5.482864204702130095e+00 -1.425128428839289807e+00 = 3.590570000000000000e+05 @ 2.709093505572827780e+03
4.858056877642065174e+00 -7.083506407996119414e+00 5.482864206239815630e+00 = 3.618580000000000000e+05 @ 2.709093505572828235e+03
-7.083506404185393457e+00 5.482864204458119950e+00 -7.708313732997168266e+00 = 3.631750000000000000e+05 @ 2.709093505572828235e+03
-7.083506407657387705e+00 4.858056879479827117e+00 5.482864208294863317e+00 = 3.719120000000000000e+05 @ 2.709093505572828235e+03
5.482864175435252285e+00 -1.425128330077486627e+00 5.482864472283869084e+00 = 3.763650000000000000e+05 @ 2.709093505572828235e+03
4.858056962705077808e+00 5.482864383835134525e+00 5.482864232044683206e+00 = 3.778220000000000000e+05 @ 2.709093505572828235e+03
5.482864113629096536e+00 -7.083505853517962692e+00 -7.708314217873186713e+00 = 3.845990000000000000e+05 @ 2.709093505572828235e+03
-1.425128427402583275e+00 -7.083506407164891883e+00 5.482864207091895814e+00 = 3.873720000000000000e+05 @ 2.709093505572828690e+03
5.482864205027371263e+00 -7.708313735177504178e+00 5.482864206257529460e+00 = 3.916010000000000000e+05 @ 2.709093505572828235e+03
-7.083506406270439371e+00 -7.083506407248139070e+00 -7.708313739025177469e+00 = 3.929740000000000000e+05 @ 2.709093505572828235e+03
-8.003211010740018949e-01 4.858056880097764818e+00 5.482864205670835211e+00 = 3.943190000000000000e+05 @ 2.709093505572828235e+03
-1.425128427484277260e+00 5.482864208453362309e+00 -8.003211023968876958e-01 = 3.970360000000000000e+05 @ 2.709093505572828235e+03
4.858057097118196666e+00 -8.003212147552438704e-01 -7.083506382539319191e+00 = 3.984080000000000000e+05 @ 2.709093505572827780e+03
