-7.708313733778998866e+00 -7.083506405955448670e+00 5.482864206910567972e+00 = 9.110000000000000000e+03 @ 2.709093505565769647e+03
4.858056878614101848e+00 -7.083506408625837025e+00 -7.083506408213093408e+00 = 2.616800000000000000e+04 @ 2.709093505572828690e+03
4.858056878553052016e+00 5.482864207689088332e+00 -8.003211001593879548e-01 = 2.762500000000000000e+04 @ 2.709093505572827780e+03
-7.083506404908775700e+00 4.858056878684800850e+00 -8.003210991094770188e-01 = 3.664100000000000000e+04 @ 2.709093362343739500e+03
-1.425128428330333596e+00 -7.083506406122952015e+00 -8.003211004661704431e-01 = 6.877800000000000000e+04 @ 2.709093505572828235e+03
-8.003210991075163649e-01 -8.003211011043672718e-01 4.858056877000056950e+00 = 8.449700000000000000e+04 @ 2.709093505570726393e+03
5.482864210438554764e+00 -7.083506409697059247e+00 4.858056880898262264e+00 = 8.825000000000000000e+04 @ 2.709093505572828235e+03
-8.003211000786959461e-01 5.482864206705041710e+00 4.858056879285088669e+00 = 9.628800000000000000e+04 @ 2.709093505569819627e+03
-8.003210990034596017e-01 -7.083506406344757700e+00 -1.425128430145794933e+00 = 1.066820000000000000e+05 @ 2.709093505572827780e+03
-1.425128430750532527e+00 5.482864206636331339e+00 -7.083506407922677717e+00 = 1.093990000000000000e+05 @ 2.709093505570935577e+03
5.482864207201887830e+00 -7.708313734968468722e+00 -8.003211008768605916e-01 = 1.326120000000000000e+05 @ 2.709093505569545869e+03
-7.083506405077078405e+00 4.858056877989334943e+00 -7.083506406794789712e+00 = 1.336770000000000000e+05 @ 2.709093505565390842e+03
-7.083506408616817573e+00 -7.708313737272680655e+00 -8.003210981936537127e-01 = 1.397260000000000000e+05 @ 2.709093505572827780e+03
5.482864206940368135e+00 4.858056874467068909e+00 -7.083506407030911056e+00 = 1.445430000000000000e+05 @ 2.709093505572828235e+03
5.482864206400431151e+00 5.482864206176506272e+00 -7.708313736367434998e+00 = 1.486650000000000000e+05 @ 2.709093505572828235e+03
-8.003211007343520311e-01 4.858056877789815431e+00 -8.003211026768172198e-01 = 1.585180000000000000e+05 @ 2.709093505570674097e+03
-8.003210989713099854e-01 -7.708313736534057270e+00 -7.083506406671759237e+00 = 1.650530000000000000e+05 @ 2.709093505568542241e+03
5.482864207559556391e+00 -8.003210994381891874e-01 -1.425128428273752190e+00 = 1.791710000000000000e+05 @ 2.709093505567664124e+03
4.858056876606726249e+00 -7.083506407728614285e+00 5.482864207389585687e+00 = 1.924160000000000000e+05 @ 2.709093505572827780e+03
-7.708313734737883394e+00 5.482864205687167924e+00 5.482864205122835344e+00 = 1.955810000000000000e+05 @ 2.709093505572828235e+03
-7.708313731931317747e+00 -8.003211004910336657e-01 -8.003211021686410520e-01 = 1.992830000000000000e+05 @ 2.709093505566145268e+03
-1.425128251418070535e+00 -7.083506256295280856e+00 5.482864173042189648e+00 = 2.084500000000000000e+05 @ 2.709093505572828235e+03
5.482864206262276774e+00 -1.425128428400369129e+00 5.482864208274718543e+00 = 2.127540000000000000e+05 @ 2.709093505572602226e+03
-1.425128564420143240e+00 -8.003215423004973461e-01 5.482863921911449445e+00 = 2.176550000000000000e+05 @ 2.709093505567991542e+03
-7.083506224144879404e+00 -7.083506401692545751e+00 -1.425128477687305661e+00 = 2.200640000000000000e+05 @ 2.709093505568388082e+03
5.482864207419274827e+00 -8.003211012479447550e-01 4.858056881080658584e+00 = 2.292210000000000000e+05 @ 2.709093505572828235e+03
-7.083507064904243755e+00 5.482864043895988360e+00 -7.708313695625682804e+00 = 2.316020000000000000e+05 @ 2.709093505560976610e+03
-7.083506408180598513e+00 -1.425128427919828189e+00 -7.083506407600229871e+00 = 2.376230000000000000e+05 @ 2.709093505572828235e+03
-7.708313734189834676e+00 -8.003211014747940721e-01 5.482864206779825444e+00 = 2.392760000000000000e+05 @ 2.709093505565082978e+03
4.858056855434785604e+00 5.482864273076911488e+00 5.482864291692362890e+00 = 2.473460000000000000e+05 @ 2.709093505572828235e+03
-7.083506400751337750e+00 -8.003211277942943180e-01 -1.425128451855585121e+00 = 2.613750000000000000e+05 @ 2.709093505571962396e+03
-7.708313790123872522e+00 -7.083506541073361973e+00 -7.083506211274777087e+00 = 2.623000000000000000e+05 @ 2.709093505572828235e+03
-1.425128166777782646e+00 5.482864278953752724e+00 -8.003213665844256530e-01 = 2.670890000000000000e+05 @ 2.709093505572827780e+03
5.482864206979964905e+00 -7.083506409306929541e+00 -1.425128426187437292e+00 = 2.713700000000000000e+05 @ 2.709093505568075670e+03
5.482864210146095374e+00 -8.003211004199637379e-01 -7.708313735321437932e+00 = 2.746750000000000000e+05 @ 2.709093505570919206e+03
-7.708313838516788863e+00 -8.003209938972665194e-01 -7.083506341601942147e+00 = 2.772220000000000000e+05 @ 2.709093505572782306e+03
-8.003211003528353240e-01 5.482864206424478581e+00 -7.708313737819045386e+00 = 2.806950000000000000e+05 @ 2.709093505572434879e+03
5.482863815917222716e+00 -7.083506550632329812e+00 -7.708313480861846756e+00 = 2.825440000000000000e+05 @ 2.709093505572828235e+03
4.858056879635428871e+00 -8.003210998587512170e-01 -7.083506405446414966e+00 = 2.852610000000000000e+05 @ 2.709093505572827780e+03
-7.083506966692969975e+00 -1.425128546486139847e+00 -8.003213062670719857e-01 = 2.885660000000000000e+05 @ 2.709093505558073957e+03
-8.003211009228270445e-01 4.858056879330613143e+00 5.482864205334919028e+00 = 3.040840000000000000e+05 @ 2.709093505572828690e+03
5.482864099897639676e+00 -7.708314041161399288e+00 -7.083506576574325919e+00 = 3.189530000000000000e+05 @ 2.709093505571663627e+03
-8.003209640708133232e-01 -1.425128652519400907e+00 5.482863925275171191e+00 = 3.223980000000000000e+05 @ 2.709093505563342205e+03
-8.003211787171373715e-01 -8.003211254508650896e-01 -7.708313750726127900e+00 = 3.268790000000000000e+05 @ 2.709093505572827780e+03
-7.708313734264732986e+00 -7.083506406582888104e+00 -8.003210973407111073e-01 = 3.311360000000000000e+05 @ 2.709093505570997422e+03
-7.708313862713986886e+00 5.482863770304871487e+00 -7.083506377826673805e+00 = 3.336810000000000000e+05 @ 2.709093505572827780e+03
4.858056879462070654e+00 -8.003210998152970879e-01 -8.003211002219445813e-01 = 3.404300000000000000e+05 @ 2.709093505572828690e+03
5.482864204978496581e+00 -1.425128425088876494e+00 -8.003211006385619886e-01 = 3.446590000000000000e+05 @ 2.709093505572828235e+03
5.482864023913349705e+00 -1.425128390673325196e+00 -7.083506052516732154e+00 = 3.460320000000000000e+05 @ 2.709093505572827780e+03
5.482864362861405105e+00 5.482863886773990281e+00 -1.425128509354198325e+00 = 3.475170000000000000e+05 @ 2.709093505572827780e+03
5.482864458348270631e+00 -7.708313787432735431e+00 5.482864175334748680e+00 = 3.490300000000000000e+05 @ 2.709093505572828235e+03
-8.003211004388673944e-01 4.858056878500166320e+00 -7.083506406725599724e+00 = 3.533430000000000000e+05 @ 2.709093505572828235e+03
-7.708313737578206926e+00 5.482864206738297774e+00 -8.003210993226682612e-01 = 3.562840000000000000e+05 @ 2.709093505572827780e+03
-8.003211005363728425e-01 -8.003211003982958482e-01 -1.425128428116952062e+00 = 3.648250000000000000e+05 @ 2.709093505572828235e+03
4.858057058809916562e+00 5.482863762142622832e+00 -7.083506419321727421e+00 = 3.703420000000000000e+05 @ 2.709093505572827780e+03
-8.003211661534517241e-01 -7.083506600700085976e+00 4.858056638891876666e+00 = 3.716590000000000000e+05 @ 2.709093505572828235e+03
5.482864257818822473e+00 4.858056731353359581e+00 -8.003209176339504127e-01 = 3.732560000000000000e+05 @ 2.709093505572827780e+03
-1.425128428509966350e+00 -8.003211007940979060e-01 -7.083506408274456767e+00 = 3.745170000000000000e+05 @ 2.709093505572827780e+03
5.482864157379630399e+00 5.482864290673401086e+00 4.858057161596484264e+00 = 3.758900000000000000e+05 @ 2.709093505572828235e+03
-7.083506407557295326e+00 -7.708313733517547561e+00 5.482864207062202233e+00 = 3.772350000000000000e+05 @ 2.709093505572827780e+03
-7.083506358600955899e+00 5.482864186222530911e+00 -1.425128672088691761e+00 = 3.799520000000000000e+05 @ 2.709093505572827780e+03
4.858056879169284414e+00 -7.083506406114200793e+00 -8.003211005944573797e-01 = 3.827530000000000000e+05 @ 2.709093505572827780e+03
-1.425171238593624601e+00 5.482865268368589895e+00 5.482914540312981089e+00 = 3.907060000000000000e+05 @ 2.709093505572828235e+03
-1.425128428213669363e+00 -7.083506408908246677e+00 -7.083506406850220927e+00 = 3.919950000000000000e+05 @ 2.709093505572828235e+03
-8.003210997548683148e-01 -7.708313736411566808e+00 5.482864205437172345e+00 = 3.946840000000000000e+05 @ 2.709093505572828235e+03
4.858056778595806868e+00 -8.003213631126064875e-01 5.482863831803958199e+00 = 3.972320000000000000e+05 @ 2.709093505572828235e+03
