4.111522177454868476e+00 4.112103404809713147e+00 1.170032687951448880e+00 = 2.340000000000000000e+02 @ 9.887167927087915364e-01
7.706277258442661093e+00 7.706277253507944458e+00 2.193280047071661354e+00 = 1.974200000000000000e+04 @ 9.999999999999998890e-01
7.706277245008744892e+00 4.111207139246602971e+00 4.111207143319208335e+00 = 2.176400000000000000e+04 @ 1.000000000000000000e+00
7.706277246807787584e+00 1.170088788116922185e+00 7.706277246488227206e+00 = 3.784500000000000000e+04 @ 1.000000000000000000e+00
7.706281984097473448e+00 4.111204201739973030e+00 3.330183059260012901e-01 = 4.143500000000000000e+04 @ 1.000000000000000000e+00
2.193280051129099295e+00 4.111207133920321333e+00 7.706277241257340371e+00 = 4.801300000000000000e+04 @ 9.569183975926618402e-01
4.111207144516527023e+00 1.170088786561845451e+00 7.706277265448229663e+00 = 5.468800000000000000e+04 @ 9.999999999999997780e-01
4.107965242295986918e+00 4.109186267505303469e+00 7.707098632120190196e+00 = 5.729800000000000000e+04 @ 9.999999986730929713e-01
7.706277243868127513e+00 7.706277264167622043e+00 4.111207139535203225e+00 = 6.047300000000000000e+04 @ 1.000000000000000000e+00
4.111207152427462930e+00 2.193280053409959685e+00 2.193280062259697072e+00 = 6.313900000000000000e+04 @ 9.999999999999997780e-01
1.170088788699339855e+00 2.193280051705137179e+00 7.706277227785707673e+00 = 7.538600000000000000e+04 @ 9.999999960145637967e-01
2.191057325236800857e+00 7.628242417048900492e+00 2.199401301461356706e+00 = 7.944400000000000000e+04 @ 1.000000000000000000e+00
1.170088786159098504e+00 4.111207135938140134e+00 7.706277232978914427e+00 = 8.621900000000000000e+04 @ 9.999999999999995559e-01
1.170088790190850769e+00 4.111207140826548034e+00 4.111207128455303561e+00 = 9.755300000000000000e+04 @ 9.999999997849554623e-01
4.111207143754064930e+00 2.193280051490710036e+00 7.706277264154525852e+00 = 9.884400000000000000e+04 @ 9.999999999999997780e-01
7.706277250748565066e+00 2.193280049688853595e+00 2.193280047589424520e+00 = 1.368220000000000000e+05 @ 9.524601799799072843e-01
2.193280050934455438e+00 7.706277252577745429e+00 4.111207145548482877e+00 = 1.683550000000000000e+05 @ 9.999999938936556809e-01
4.111207134821701636e+00 7.706277198714119869e+00 4.111207143308266865e+00 = 1.745380000000000000e+05 @ 9.991919787937747488e-01
7.706277259177975125e+00 7.706277242501199609e+00 7.706277266248114266e+00 = 1.925860000000000000e+05 @ 9.999999978258777844e-01
1.170088787251743367e+00 7.706277253145048967e+00 4.111207141149122002e+00 = 1.932020000000000000e+05 @ 9.999999999999993339e-01
1.170088787182843815e+00 7.706277257774271305e+00 7.706277255357606215e+00 = 2.083480000000000000e+05 @ 9.999637439506647851e-01
7.706277256073096993e+00 4.111207140117772774e+00 7.706277252376316333e+00 = 2.468720000000000000e+05 @ 1.000000000000000000e+00
7.706277254997470294e+00 4.111207136431350939e+00 2.193280050338739962e+00 = 2.548670000000000000e+05 @ 1.000000000000000000e+00
2.193280048460016562e+00 7.706277249801352092e+00 7.706277261979516346e+00 = 2.595030000000000000e+05 @ 1.000000000000000000e+00
7.706277268002625469e+00 2.193280050191175778e+00 7.706277226459340213e+00 = 2.742040000000000000e+05 @ 9.999999999999992228e-01
4.111207140128582793e+00 7.706277244021755735e+00 7.706277245594177927e+00 = 2.768930000000000000e+05 @ 9.998700757844658504e-01
4.111207144702563987e+00 4.111207139332131000e+00 4.111207142921920799e+00 = 2.799100000000000000e+05 @ 9.752810859271197064e-01
7.706277259480049935e+00 1.170088786863078267e+00 4.111207144697880622e+00 = 2.891380000000000000e+05 @ 9.999999826804450986e-01
7.706277255795973780e+00 6.242284337033076058e-01 6.242284331269521980e-01 = 2.907630000000000000e+05 @ 9.983645020060425423e-01
6.242284338921765263e-01 1.170088788597867691e+00 4.111207138268971661e+00 = 2.937850000000000000e+05 @ 9.999999999999993339e-01
2.193280056831595548e+00 2.193280054328082596e+00 4.111207155810225444e+00 = 2.947990000000000000e+05 @ 1.000000000000000000e+00
6.242284330230639666e-01 4.111207148684386858e+00 2.193280054420358560e+00 = 3.018400000000000000e+05 @ 9.999999999999984457e-01
1.170088790904959097e+00 4.111207149393436566e+00 2.193280048004994764e+00 = 3.029050000000000000e+05 @ 1.000000000000000000e+00
3.330184356639149246e-01 2.193280053313891642e+00 6.242284339806428717e-01 = 3.051840000000000000e+05 @ 9.999999999999997780e-01
4.111228799793778421e+00 1.170087743466722729e+00 2.193287988364589491e+00 = 3.129200000000000000e+05 @ 9.927876391603625006e-01
7.706277269132132623e+00 2.193280051476177661e+00 4.111207143165596989e+00 = 3.129200000000000000e+05 @ 9.981140412365133718e-01
1.170088787964631782e+00 2.193280047885392214e+00 2.193280049459221281e+00 = 3.134530000000000000e+05 @ 1.000000000000000000e+00
2.193287383909195309e+00 7.706237681476692636e+00 1.170102404379592009e+00 = 3.151130000000000000e+05 @ 1.000000000000000000e+00
4.111203621736036595e+00 7.706300628800759611e+00 1.170090880599041538e+00 = 3.163740000000000000e+05 @ 9.999999966018697783e-01
7.706243195808363033e+00 1.170104051179512439e+00 2.193288311516679023e+00 = 3.173830000000000000e+05 @ 9.999999997811325203e-01
1.170088789465234091e+00 4.111207142885464627e+00 1.170088786240425005e+00 = 3.181680000000000000e+05 @ 9.999999971169903912e-01
7.706277248096556676e+00 7.706277250953077917e+00 1.170088787246336359e+00 = 3.199430000000000000e+05 @ 1.000000000000000000e+00
7.651013246755809405e+00 4.082417933790702058e+00 6.220679530642028165e-01 = 3.224180000000000000e+05 @ 1.000000000000000000e+00
7.647589265590785779e+00 4.033560539646958709e+00 1.166064260793077789e+00 = 3.252570000000000000e+05 @ 9.999999993059496273e-01
2.193280047757363072e+00 4.111207129944708605e+00 2.193280048781134806e+00 = 3.261540000000000000e+05 @ 1.000000000000000000e+00
2.193280054487573238e+00 2.193280052273349323e+00 1.170088788094843624e+00 = 3.295910000000000000e+05 @ 9.999999999999997780e-01
4.111207179960121749e+00 7.706277256055450664e+00 2.193280042688710463e+00 = 3.334480000000000000e+05 @ 1.000000000000000000e+00
4.111207148253856580e+00 6.242284329715117597e-01 7.706277254539459776e+00 = 3.359970000000000000e+05 @ 9.999999999999997780e-01
2.193280054505957644e+00 4.111207132707758838e+00 4.111207165867595492e+00 = 3.381260000000000000e+05 @ 1.000000000000000000e+00
1.171425492809927693e+00 1.171350129073829294e+00 7.782051581705998089e+00 = 3.395830000000000000e+05 @ 1.000000000000000000e+00
6.242325979474238062e-01 4.111325653764715149e+00 7.706178647185087272e+00 = 3.407320000000000000e+05 @ 1.000000000000000000e+00
4.081123643405306645e+00 1.167296345893960474e+00 4.270255167840688593e+00 = 3.431650000000000000e+05 @ 1.000000000000000000e+00
4.122417953152167414e+00 4.110232712580900838e+00 2.192031934956320427e+00 = 3.453420000000000000e+05 @ 1.000000000000000000e+00
1.170088783292653867e+00 2.193280055353519664e+00 4.111207163277223131e+00 = 3.540470000000000000e+05 @ 9.999999999999997780e-01
4.111207136832065956e+00 2.193280047741988703e+00 4.111207146114270294e+00 = 3.586420000000000000e+05 @ 1.000000000000000000e+00
2.193280053119501805e+00 6.242284327498039964e-01 4.111207141742399429e+00 = 3.617000000000000000e+05 @ 1.000000000000000000e+00
2.193280049054555647e+00 2.193280047068901784e+00 7.706277263987183268e+00 = 3.627090000000000000e+05 @ 1.000000000000000000e+00
1.170439737038852623e+00 7.716860221738143011e+00 2.194266313234761512e+00 = 3.648110000000000000e+05 @ 1.000000000000000000e+00
4.111207123752687487e+00 1.170088791663398187e+00 1.170088788855075057e+00 = 3.673090000000000000e+05 @ 1.000000000000000000e+00
6.242269656293288893e-01 7.706197846216137570e+00 7.706243904281898871e+00 = 3.694660000000000000e+05 @ 1.000000000000000000e+00
2.206094568211541151e+00 2.185031077346839545e+00 6.238561074792283723e-01 = 3.706130000000000000e+05 @ 9.999999999999988898e-01
7.706374961092069320e+00 7.706215725824825391e+00 6.242209981987963952e-01 = 3.726190000000000000e+05 @ 1.000000000000000000e+00
1.214945850915004621e+00 6.222897757985046407e-01 7.417201480230872335e+00 = 3.736560000000000000e+05 @ 1.000000000000000000e+00
7.706277285317569614e+00 1.170088787296307942e+00 1.170088788717933870e+00 = 3.747210000000000000e+05 @ 1.000000000000000000e+00
4.111198432822621207e+00 6.242295520084435445e-01 4.111216521815255653e+00 = 3.757400000000000000e+05 @ 9.999999999999995559e-01
7.706277223996126580e+00 2.193280055109620097e+00 1.170088785093199135e+00 = 3.779270000000000000e+05 @ 9.999999999999997780e-01
2.193280053639216298e+00 6.242284329434258927e-01 1.170088787428637866e+00 = 3.791320000000000000e+05 @ 9.981284595098189882e-01
6.242225392745499590e-01 7.706183218566906135e+00 1.170089988065683206e+00 = 3.827780000000000000e+05 @ 9.999999999999997780e-01
6.242284332031305949e-01 6.242284324487132885e-01 1.170088790188736017e+00 = 3.839010000000000000e+05 @ 9.999999999999993339e-01
2.193280050813162685e+00 2.193280048213549271e+00 2.193280051176977441e+00 = 3.848820000000000000e+05 @ 1.000000000000000000e+00
6.242259880829438279e-01 1.170087013393431574e+00 7.706216593521507008e+00 = 3.859750000000000000e+05 @ 9.999854099431304544e-01
6.242284318406892130e-01 4.111207140934982185e+00 1.170088786570796069e+00 = 3.887340000000000000e+05 @ 1.000000000000000000e+00
7.991753702935557868e+00 1.132292745939052825e+00 6.332997322338242974e-01 = 3.900560000000000000e+05 @ 9.999999999999997780e-01
4.111207141437684065e+00 2.193280046949416473e+00 1.170088788408686575e+00 = 3.913170000000000000e+05 @ 9.999999999826749697e-01
6.242284346112735305e-01 6.242284327310704262e-01 4.111207147778613624e+00 = 3.944590000000000000e+05 @ 1.000000000000000000e+00
6.242284332396529356e-01 1.170088789113163275e+00 1.170088787865037228e+00 = 3.956080000000000000e+05 @ 1.000000000000000000e+00
4.111207146829425341e+00 7.706277253297874275e+00 6.242284322470753599e-01 = 3.967000000000000000e+05 @ 1.000000000000000000e+00
2.193333247442787126e+00 4.194553851541725109e+00 1.189695886261701308e+00 = 3.977640000000000000e+05 @ 9.999990719024458574e-01
