-7.083506407543120886e+00 -1.425128429366199878e+00 -8.003210999806623649e-01 = 5.880600000000000000e+04 @ 2.709093505571910100e+03
5.482864206713015776e+00 4.858056879920782833e+00 5.482864207789408084e+00 = 6.866300000000000000e+04 @ 2.709093505572827780e+03
-8.003210992650630073e-01 5.482864205210524311e+00 -1.425128428549313764e+00 = 7.438100000000000000e+04 @ 2.709093505572827780e+03
5.482864203979699980e+00 4.858056880146024881e+00 -8.003211000932340946e-01 = 8.293200000000000000e+04 @ 2.709093505572828235e+03
-7.708313735154595392e+00 5.482864205761847742e+00 -8.003211023488412401e-01 = 8.441700000000000000e+04 @ 2.709093505572643608e+03
5.482864207659075007e+00 -7.708313737472826332e+00 -8.003210996130218913e-01 = 8.943500000000000000e+04 @ 2.709093505572572212e+03
4.858056878094659581e+00 5.482864205490008302e+00 -8.003210993206781865e-01 = 9.330500000000000000e+04 @ 2.709093505572828235e+03
-7.083506408096559959e+00 -8.003211007143986588e-01 -7.708313736614654132e+00 = 1.008570000000000000e+05 @ 2.709093505572741378e+03
-8.003211008889939970e-01 -7.708313733581134031e+00 5.482864206300289922e+00 = 1.153090000000000000e+05 @ 2.709093505570935122e+03
-1.425128428356154497e+00 -8.003211003092789433e-01 -8.003210993391863814e-01 = 1.260950000000000000e+05 @ 2.709093505572828235e+03
-8.003210993726527223e-01 5.482864207070099916e+00 4.858056880123053034e+00 = 1.290080000000000000e+05 @ 2.709093505406679469e+03
4.858056878402701173e+00 -7.083506408115676223e+00 -7.083506410280749677e+00 = 1.429910000000000000e+05 @ 2.709093505572378035e+03
-7.083506406240734243e+00 4.858056880392554788e+00 -8.003210993038880616e-01 = 1.492690000000000000e+05 @ 2.709093251259993849e+03
4.858056881845621788e+00 -7.083506409629373834e+00 5.482864209829001467e+00 = 1.513980000000000000e+05 @ 2.709093505572642243e+03
4.858056877458013290e+00 -8.003211008813075900e-01 -7.083506407852549813e+00 = 1.592350000000000000e+05 @ 2.709093505572827780e+03
-8.003210991174875000e-01 -1.425128430406510160e+00 -8.003211001083850862e-01 = 1.663480000000000000e+05 @ 2.709093505572828235e+03
5.482864208246126303e+00 -8.003211012850900419e-01 4.858056880091888630e+00 = 1.678890000000000000e+05 @ 2.709093505572409413e+03
-7.083506407404039251e+00 -7.083506408717278546e+00 4.858056881838587415e+00 = 1.732380000000000000e+05 @ 2.709093505572610411e+03
-8.003211009845940804e-01 -8.003210985322886106e-01 4.858056882550315869e+00 = 1.777520000000000000e+05 @ 2.709093505564369934e+03
5.482864207345375718e+00 -1.425128426482691335e+00 -7.083506407101560320e+00 = 1.873570000000000000e+05 @ 2.709093505572828235e+03
-8.003210998948284693e-01 -7.708313736708189978e+00 -8.003211010831235983e-01 = 2.166520000000000000e+05 @ 2.709093505549996280e+03
-7.708313827478815661e+00 -8.003208553745724263e-01 -8.003207049049353428e-01 = 2.176050000000000000e+05 @ 2.709093505572827780e+03
-1.425128429585169831e+00 -7.083506404089499497e+00 -7.083506407603303856e+00 = 2.217780000000000000e+05 @ 2.709093505566221211e+03
5.482863439160034602e+00 -7.708314752228399236e+00 -7.083507029259571652e+00 = 2.272950000000000000e+05 @ 2.709093505572619506e+03
-7.083506405702018505e+00 -7.083506408367953533e+00 -1.425128429081632842e+00 = 2.359810000000000000e+05 @ 2.709093505570871002e+03
-7.083506540703523591e+00 5.482864239623800984e+00 -7.708313636261387991e+00 = 2.493150000000000000e+05 @ 2.709093505478427687e+03
-8.003210999206897824e-01 -7.083506409433562467e+00 -1.425128429146844677e+00 = 2.500720000000000000e+05 @ 2.709093505572828235e+03
4.858054371908049340e+00 -8.003218179997595438e-01 5.482868064467885993e+00 = 2.518650000000000000e+05 @ 2.709093505568889213e+03
-7.708313737609202576e+00 -8.003210967843322754e-01 5.482864218177802229e+00 = 2.532940000000000000e+05 @ 2.709093505571293463e+03
-8.003217656351151454e-01 -1.425128499702274842e+00 -7.083506200101269634e+00 = 2.565150000000000000e+05 @ 2.709093505572828235e+03
-7.083506408163473544e+00 -7.708313733857130146e+00 -8.003211023905694166e-01 = 2.589010000000000000e+05 @ 2.709093505572828235e+03
-8.003204640144491178e-01 -8.003212450272291223e-01 -7.708313939819407601e+00 = 2.604700000000000000e+05 @ 2.709093505571310743e+03
-7.083506407260639293e+00 4.858056881110963232e+00 5.482864204230565086e+00 = 2.629910000000000000e+05 @ 2.709093505572498998e+03
5.482864205322426798e+00 -7.083506404574209547e+00 4.858056878223424135e+00 = 2.651760000000000000e+05 @ 2.709093505572828690e+03
-7.083506404221880715e+00 -7.083506306966284249e+00 -7.708313742911152566e+00 = 2.696290000000000000e+05 @ 2.709093505572828235e+03
5.482864289476683695e+00 -8.003211880372165243e-01 -1.425128252037644927e+00 = 2.726500000000000000e+05 @ 2.709093505557758363e+03
-8.003211007108776975e-01 4.858056880536887334e+00 -8.003211001410019954e-01 = 2.775790000000000000e+05 @ 2.709093505572828235e+03
5.482864206259885798e+00 4.858056876712206318e+00 -7.083506408662785248e+00 = 2.804360000000000000e+05 @ 2.709093505557088974e+03
-1.425128571963939494e+00 5.482864359328693205e+00 5.482864259287328679e+00 = 2.843770000000000000e+05 @ 2.709093505572821869e+03
-7.083506691145139200e+00 5.482864126957521123e+00 -1.425128613287039991e+00 = 2.888020000000000000e+05 @ 2.709093504866679723e+03
-7.708313738509835034e+00 -7.083506409835888640e+00 5.482864207417502911e+00 = 3.041850000000000000e+05 @ 2.709093505572827780e+03
-8.003199098712366899e-01 -1.425128935783631645e+00 5.482863086297373734e+00 = 3.111350000000000000e+05 @ 2.709093505571891001e+03
-1.425128220419860314e+00 -8.003209859178554986e-01 5.482864158824932055e+00 = 3.119760000000000000e+05 @ 2.709093505572827780e+03
-8.003211340492583092e-01 4.858056844668487528e+00 5.482864270308612120e+00 = 3.154490000000000000e+05 @ 2.709093505506597921e+03
-8.003211379305205098e-01 -7.708313308800413211e+00 -7.083506295464432334e+00 = 3.230100000000000000e+05 @ 2.709093505572827780e+03
-1.425128430812681257e+00 5.482864208543879236e+00 -8.003210996003160549e-01 = 3.280790000000000000e+05 @ 2.709093505565597297e+03
-7.708314154424201092e+00 -7.083505683550966658e+00 -7.083506356044046548e+00 = 3.290040000000000000e+05 @ 2.709093505572828235e+03
5.482864207046726612e+00 -1.425128429251047546e+00 5.482864207192391426e+00 = 3.360340000000000000e+05 @ 2.709093505572827780e+03
4.858056831524578456e+00 -7.083506760387994206e+00 -8.003207303739603429e-01 = 3.459470000000000000e+05 @ 2.709093505572827780e+03
4.858056836250246313e+00 -8.003211277657978906e-01 -8.003210363696797724e-01 = 3.542360000000000000e+05 @ 2.709093505572828235e+03
-8.003210789131032232e-01 -7.083506384433037262e+00 -7.708313842239146396e+00 = 3.560570000000000000e+05 @ 2.709093505572828690e+03
-7.083506406897152274e+00 -8.003211002497814253e-01 4.858056879483557466e+00 = 3.589140000000000000e+05 @ 2.709093505572827780e+03
-1.425128430518334266e+00 -8.003211005560795233e-01 -7.083506408708257318e+00 = 3.603150000000000000e+05 @ 2.709093505572828235e+03
-7.083506402742692387e+00 -8.003210723378317848e-01 -1.425128360024950469e+00 = 3.631440000000000000e+05 @ 2.709093505572828235e+03
5.482940861996267401e+00 -7.083472467962308450e+00 -7.708284450923251541e+00 = 3.646010000000000000e+05 @ 2.709093505572828235e+03
5.482864318437393081e+00 -7.708313713741403284e+00 5.482864174715851746e+00 = 3.660300000000000000e+05 @ 2.709093505572828235e+03
5.482863984187088313e+00 -8.003221556012360960e-01 -7.708315687696895679e+00 = 3.686350000000000000e+05 @ 2.709093505572828235e+03
-7.708313736510097769e+00 -7.083506406875667238e+00 -8.003211004889566604e-01 = 3.700080000000000000e+05 @ 2.709093505572827780e+03
-7.083506475014465842e+00 4.858056846518013394e+00 -7.083506176729865267e+00 = 3.728090000000000000e+05 @ 2.709093505572828235e+03
5.482864199948499717e+00 -7.083506357155822997e+00 -1.425128437034473894e+00 = 3.780740000000000000e+05 @ 2.709093505572828235e+03
4.858056877961852038e+00 5.482864205260528756e+00 -7.083506408174670810e+00 = 3.795030000000000000e+05 @ 2.709093505572828235e+03
-8.003210389829449323e-01 4.858056928974660238e+00 -7.083506369080102338e+00 = 3.850480000000000000e+05 @ 2.709093505572828235e+03
-7.083506382770793586e+00 -1.425128458901754769e+00 -7.083506471716212616e+00 = 3.892210000000000000e+05 @ 2.709093505572828235e+03
-7.708313736927605575e+00 5.482864204487768234e+00 5.482864208047419474e+00 = 3.932540000000000000e+05 @ 2.709093505572828235e+03
5.482864206093196024e+00 5.482864208257364425e+00 -1.425128428020709048e+00 = 3.957750000000000000e+05 @ 2.709093505572827780e+03
-1.425128427886618976e+00 -7.083506408347628458e+00 -8.003211019685053662e-01 = 3.972040000000000000e+05 @ 2.709093505572828235e+03
-7.083506412061154833e+00 -7.708313861942746037e+00 -7.083506515747623133e+00 = 3.985760000000000000e+05 @ 2.709093505572827780e+03
