5.482864206887645864e+00 -8.003211002553403119e-01 4.858056877087834735e+00 = 9.801000000000000000e+03 @ 2.709093505571848709e+03
-8.003210981791751832e-01 -7.708313735926166643e+00 -8.003211004295504027e-01 = 1.540700000000000000e+04 @ 2.709093505565950636e+03
-7.083506406885144102e+00 5.482864207605984141e+00 -1.425128428744013798e+00 = 1.638800000000000000e+04 @ 2.709093505571224796e+03
5.482864206232042292e+00 4.858056878750469210e+00 -8.003211002497035986e-01 = 1.871300000000000000e+04 @ 2.709093505572563572e+03
-1.425128428989796303e+00 -7.083506407938183536e+00 -8.003211000948512455e-01 = 2.782500000000000000e+04 @ 2.709093505572827780e+03
-8.003211015554373420e-01 4.858056879338052525e+00 -7.083506408073220406e+00 = 4.147700000000000000e+04 @ 2.709093505572827780e+03
-7.708313736515334469e+00 -7.083506408459052217e+00 5.482864205242552913e+00 = 6.703400000000000000e+04 @ 2.709093505565339910e+03
-8.003211007224654283e-01 4.858056878756956465e+00 -8.003211014503560650e-01 = 7.356900000000000000e+04 @ 2.709093505572398044e+03
-7.708313736220373968e+00 -8.003211017032795249e-01 -8.003211009552061439e-01 = 9.421200000000000000e+04 @ 2.709093505572827780e+03
-7.083506409132398929e+00 -7.083506407491218404e+00 -7.708313737334014704e+00 = 9.575300000000000000e+04 @ 2.709093505572828235e+03
-8.003211001756271870e-01 -1.425128430854571304e+00 -8.003211002272808683e-01 = 9.712600000000000000e+04 @ 2.709093505572828235e+03
5.482864204157322341e+00 5.482864205978638772e+00 -1.425128429152289433e+00 = 1.120610000000000000e+05 @ 2.709093505572827780e+03
-1.425128428282249393e+00 5.482864208788220672e+00 -8.003210997225918000e-01 = 1.148060000000000000e+05 @ 2.709093505572828235e+03
-8.003210994373834986e-01 4.858056877946731689e+00 5.482864209663223853e+00 = 1.310800000000000000e+05 @ 2.709093505572828235e+03
-7.083506407176686892e+00 -8.003210996161341795e-01 -1.425128426669660220e+00 = 1.428180000000000000e+05 @ 2.709093505572828690e+03
5.482864207023679270e+00 -7.708313733746114949e+00 5.482864207924094124e+00 = 1.518080000000000000e+05 @ 2.709093505572827780e+03
-7.708313737526607312e+00 -8.003210984856193866e-01 5.482864205810709990e+00 = 1.600410000000000000e+05 @ 2.709093505572449885e+03
5.482864208083504387e+00 -7.708313734565242825e+00 -7.083506409978548746e+00 = 1.672100000000000000e+05 @ 2.709093505572828690e+03
-7.708313734405150441e+00 5.482864203757919164e+00 -7.083506407936972948e+00 = 1.826820000000000000e+05 @ 2.709093505572827780e+03
5.482863982770505018e+00 -7.083506280389440413e+00 4.858057633132377262e+00 = 1.944430000000000000e+05 @ 2.709093505572828235e+03
-7.708313734342295831e+00 5.482864204472653213e+00 5.482864209906614938e+00 = 1.983640000000000000e+05 @ 2.709093505572827780e+03
-1.425128199807146112e+00 5.482863985248219052e+00 5.482864156348767004e+00 = 1.997650000000000000e+05 @ 2.709093505572828235e+03
5.482864205306794858e+00 4.858056881391691562e+00 5.482864206491566250e+00 = 2.010820000000000000e+05 @ 2.709093505572827780e+03
-7.083505704512871759e+00 -7.708313615320955492e+00 5.482864245489379229e+00 = 2.026230000000000000e+05 @ 2.709093505572755475e+03
-7.083506408713471814e+00 4.858056876627395937e+00 5.482864204890621984e+00 = 2.035200000000000000e+05 @ 2.709093505572827780e+03
-8.003212548547393723e-01 -7.708313749572960560e+00 -7.083506317047987721e+00 = 2.060690000000000000e+05 @ 2.709093505572828235e+03
-8.003211888960160003e-01 -8.003210221651602119e-01 -7.708313545946536394e+00 = 2.178030000000000000e+05 @ 2.709093505572548111e+03
4.858056877627968007e+00 -7.083506407877799838e+00 -8.003211011031208244e-01 = 2.208000000000000000e+05 @ 2.709093505568134788e+03
-1.425128428038969552e+00 -7.083506409210039934e+00 5.482864207643334709e+00 = 2.288520000000000000e+05 @ 2.709093505572827780e+03
-7.083506468555671454e+00 -1.425128346473656382e+00 -7.083506110520406018e+00 = 2.391110000000000000e+05 @ 2.709093505572828235e+03
5.482864204876210401e+00 4.858056880226422791e+00 -7.083506409424028760e+00 = 2.419960000000000000e+05 @ 2.709093505572740924e+03
-7.083506405800588546e+00 5.482864204130142305e+00 -7.708313736302697450e+00 = 2.430050000000000000e+05 @ 2.709093505572827780e+03
5.482864205109971856e+00 -7.083506408959664213e+00 -1.425128427166542755e+00 = 2.510340000000000000e+05 @ 2.709093505525065211e+03
-8.003211656755480075e-01 5.482864006911442267e+00 -1.425128376485600867e+00 = 2.585950000000000000e+05 @ 2.709093505572827780e+03
5.482864207244221966e+00 -8.003211016775655384e-01 -7.708313734590495514e+00 = 2.638050000000000000e+05 @ 2.709093505572827780e+03
-1.425128429514666006e+00 -8.003211003496417675e-01 5.482864205958104087e+00 = 2.701060000000000000e+05 @ 2.709093505572828690e+03
-7.083506409962761374e+00 -7.708313735306317582e+00 -7.083506410168876499e+00 = 2.776440000000000000e+05 @ 2.709093505571319383e+03
-8.003216092847560414e-01 5.482863097315869183e+00 4.858056869454328464e+00 = 2.787370000000000000e+05 @ 2.709093505572827780e+03
-8.003210993841476384e-01 -7.083506409886322963e+00 -1.425128427132622999e+00 = 2.840020000000000000e+05 @ 2.709093505572827780e+03
5.482864253926469367e+00 5.482864222741851812e+00 4.858056890887274548e+00 = 2.854030000000000000e+05 @ 2.709093505572828235e+03
4.858056878870977258e+00 5.482864207528826306e+00 -8.003211002194520196e-01 = 2.898280000000000000e+05 @ 2.709093505569650006e+03
5.482864204857532897e+00 -8.003211007337692751e-01 -1.425128428307917527e+00 = 2.907250000000000000e+05 @ 2.709093505572827780e+03
-7.083506541600681494e+00 -7.083506205588070870e+00 4.858057167042411528e+00 = 2.922100000000000000e+05 @ 2.709093505572828235e+03
-7.083506368103818396e+00 -8.003210760111061361e-01 -7.708313814297741651e+00 = 2.936390000000000000e+05 @ 2.709093505571165679e+03
4.858056879843887899e+00 5.482864202896664096e+00 -7.083506408478031702e+00 = 3.004720000000000000e+05 @ 2.709093505571790956e+03
-8.003211002571295474e-01 -1.425128426069108611e+00 5.482864207860542294e+00 = 3.014530000000000000e+05 @ 2.709093505572828235e+03
5.482864166544432649e+00 -1.425128404854692832e+00 -8.003211033529628038e-01 = 3.082020000000000000e+05 @ 2.709093505556438686e+03
-7.083506407312407660e+00 -1.425128430708833882e+00 -8.003211014455997585e-01 = 3.129070000000000000e+05 @ 2.709093505572828235e+03
-7.083506409448702357e+00 5.482864206312150657e+00 4.858056877544301599e+00 = 3.158480000000000000e+05 @ 2.709093505569407171e+03
-8.003211003969085136e-01 -8.003211006803511163e-01 -1.425128426954266336e+00 = 3.166610000000000000e+05 @ 2.709093505572828235e+03
-7.708313735899443131e+00 -7.083506407826243745e+00 -8.003211000333886327e-01 = 3.180620000000000000e+05 @ 2.709093505551463295e+03
-1.425128430640854926e+00 5.482864206731494328e+00 -7.083506406974345637e+00 = 3.190430000000000000e+05 @ 2.709093505572828235e+03
-8.003211001756794785e-01 5.482864207048264049e+00 -7.708313735437846148e+00 = 3.202760000000000000e+05 @ 2.709093505572828235e+03
5.482864293150729651e+00 -7.708313786733324235e+00 -8.003210614903912834e-01 = 3.244730000000000000e+05 @ 2.709093505572828235e+03
-8.003211004582306831e-01 -8.003211021907071787e-01 4.858056881522808013e+00 = 3.274140000000000000e+05 @ 2.709093505572828235e+03
-7.083506404811847013e+00 4.858056877376357718e+00 -7.083506405438749098e+00 = 3.386150000000000000e+05 @ 2.709093505572827780e+03
-7.083506406652333887e+00 4.858056880349154838e+00 -8.003211022545386744e-01 = 3.428720000000000000e+05 @ 2.709093505572827780e+03
-7.708313735420139423e+00 5.482864205172815808e+00 -8.003211009684150223e-01 = 3.468490000000000000e+05 @ 2.709093505572827780e+03
4.858056877749193703e+00 -8.003211018668099364e-01 5.482864205396644763e+00 = 3.524500000000000000e+05 @ 2.709093505572827780e+03
4.858056875498485638e+00 -7.083506408284415912e+00 -7.083506406256370624e+00 = 3.549990000000000000e+05 @ 2.709093505572827326e+03
5.482864207093916420e+00 -7.083506409396905568e+00 -7.708313734133159123e+00 = 3.564840000000000000e+05 @ 2.709093505572828235e+03
-7.083506410431214206e+00 -1.425128428837959316e+00 5.482864207083983921e+00 = 3.579130000000000000e+05 @ 2.709093505572828235e+03
4.858056787956249067e+00 5.482864229275627110e+00 5.482864270846905974e+00 = 3.605460000000000000e+05 @ 2.709093505572828235e+03
5.482864314086620006e+00 5.482863977933486233e+00 -7.708313334441641018e+00 = 3.731470000000000000e+05 @ 2.709093505572828235e+03
-8.003211000657363128e-01 -1.425128430589509332e+00 -7.083506405514812698e+00 = 3.790280000000000000e+05 @ 2.709093505572828235e+03
-1.425128428611180054e+00 -8.003211009547309684e-01 -7.083506405994862476e+00 = 3.915450000000000000e+05 @ 2.709093505572827780e+03
4.858056803198918416e+00 -7.083506436732598388e+00 5.482864242583265657e+00 = 3.942340000000000000e+05 @ 2.709093505572828235e+03
-7.708313748669603171e+00 -8.003212869298076404e-01 -7.083506530136032708e+00 = 3.955790000000000000e+05 @ 2.709093505572827780e+03
-1.425128223874801536e+00 -8.003215029397010571e-01 -8.003210088472656469e-01 = 3.969240000000000000e+05 @ 2.709093505572828235e+03
5.482864318231686518e+00 -1.425128557895442460e+00 5.482864225386735235e+00 = 3.984080000000000000e+05 @ 2.709093505572828235e+03
