4.111207141376965524e+00 7.706277261718137872e+00 2.193280047546957157e+00 = 1.110700000000000000e+04 @ 9.999844536883881752e-01
7.706277247756612603e+00 7.706277267888014926e+00 7.706277257014831683e+00 = 2.690100000000000000e+04 @ 9.999999981167284613e-01
7.706277257330626185e+00 7.706277253243910330e+00 6.242284326032987440e-01 = 4.755500000000000000e+04 @ 9.447924136852832167e-01
2.193280048126286630e+00 1.170088785346200089e+00 2.193280054843062210e+00 = 4.898900000000000000e+04 @ 9.060383521073578361e-01
2.193280052170581751e+00 7.706277218734535417e+00 4.111207157173146776e+00 = 4.919600000000000000e+04 @ 1.000000000000000000e+00
7.706277260075944824e+00 7.706277280240016125e+00 2.193280051311667478e+00 = 6.800200000000000000e+04 @ 9.938756840461406838e-01
7.706277208725639483e+00 4.111207126454798910e+00 4.111207150054815074e+00 = 7.070100000000000000e+04 @ 9.999999938115318177e-01
2.193280041935234514e+00 7.706277245378283069e+00 7.706277269822897402e+00 = 7.705500000000000000e+04 @ 1.000000000000000000e+00
4.111207142341958942e+00 7.706277246631669797e+00 4.111207141708752566e+00 = 7.815300000000000000e+04 @ 9.792951527006055201e-01
4.111207148313495985e+00 7.706277253861636645e+00 7.706277253045233699e+00 = 8.375300000000000000e+04 @ 1.000000000000000000e+00
2.193280054553412128e+00 4.111207146595530659e+00 7.706277262176711496e+00 = 1.059320000000000000e+05 @ 9.858705340105737847e-01
7.706277265093809170e+00 7.706277248362654930e+00 4.111207147588010535e+00 = 1.059320000000000000e+05 @ 9.908435486892952504e-01
1.170088786479505094e+00 7.706277250561291758e+00 7.706277258508603012e+00 = 1.191810000000000000e+05 @ 1.000000000000000000e+00
2.193280051746718140e+00 2.193280050769431888e+00 4.111207140933310633e+00 = 1.399140000000000000e+05 @ 9.999999943461076457e-01
4.111207135338069030e+00 2.193280056730677607e+00 1.170088786230294220e+00 = 1.678430000000000000e+05 @ 9.998679638016090276e-01
1.170088788588330653e+00 4.111207144462121654e+00 7.706277274361145402e+00 = 2.007260000000000000e+05 @ 9.999996428022992490e-01
7.706277269141750708e+00 4.111207148828722069e+00 7.706277269575562805e+00 = 2.054010000000000000e+05 @ 1.000000000000000000e+00
4.111207137328825922e+00 2.193280044218719471e+00 4.111207145205658442e+00 = 2.120460000000000000e+05 @ 1.000000000000000000e+00
7.706277262691360264e+00 4.111207146550462710e+00 6.242284355664048379e-01 = 2.143070000000000000e+05 @ 9.999999999999997780e-01
4.111207133629783073e+00 1.170088784260066017e+00 4.111207136436155984e+00 = 2.156570000000000000e+05 @ 9.999999999999997780e-01
7.706277256704565204e+00 7.706277246263784519e+00 1.170088787280143094e+00 = 2.221950000000000000e+05 @ 9.999999997942512486e-01
4.111207136800310025e+00 4.111207144339549480e+00 7.706277256811071119e+00 = 2.262530000000000000e+05 @ 1.000000000000000000e+00
6.242333024033566158e-01 4.110947620576571815e+00 4.111381782788811279e+00 = 2.327790000000000000e+05 @ 1.000000000000000000e+00
7.706277252963731783e+00 2.193280049138659482e+00 7.706277263162627733e+00 = 2.409880000000000000e+05 @ 9.999999970439882313e-01
2.193280052324661167e+00 6.242284331813596765e-01 7.706277268825250992e+00 = 2.511690000000000000e+05 @ 9.632441676153054022e-01
7.706277250774734355e+00 2.193280048165091589e+00 1.170088785662755315e+00 = 2.515910000000000000e+05 @ 1.000000000000000000e+00
1.170088789265781859e+00 4.111207149347351653e+00 4.111207140308498431e+00 = 2.614540000000000000e+05 @ 1.000000000000000000e+00
4.111207146913955057e+00 7.706277259599310980e+00 1.170088787581635481e+00 = 2.766730000000000000e+05 @ 9.999759298122132822e-01
2.193280051013788423e+00 7.706277262057245281e+00 2.193280053149432529e+00 = 2.801790000000000000e+05 @ 9.999999984483816107e-01
7.710453593474021261e+00 1.174770548623139899e+00 2.120540647888886632e+00 = 2.868550000000000000e+05 @ 9.999999943711601613e-01
7.547806377584211468e+00 2.100091300837778174e+00 2.063894739978183068e+00 = 2.873880000000000000e+05 @ 1.000000000000000000e+00
1.170088786908522582e+00 7.706277256577862111e+00 2.193280049017777067e+00 = 2.978070000000000000e+05 @ 1.000000000000000000e+00
4.111207135949991986e+00 7.706277268392681457e+00 6.242284330306545614e-01 = 2.995490000000000000e+05 @ 1.000000000000000000e+00
4.111207142480227006e+00 2.193280049905858231e+00 2.193280051213432724e+00 = 3.007260000000000000e+05 @ 1.000000000000000000e+00
4.111207144884290621e+00 4.111207146917119637e+00 2.193280053462216994e+00 = 3.022350000000000000e+05 @ 1.000000000000000000e+00
7.707896170811643799e+00 1.169304415320995494e+00 7.719235171617457425e+00 = 3.075550000000000000e+05 @ 9.999999999999964473e-01
7.706223547779987193e+00 2.193269199339858755e+00 4.111230543465913101e+00 = 3.109920000000000000e+05 @ 9.964443657923381936e-01
7.706277245505239293e+00 6.242284327269237432e-01 7.706277268290994797e+00 = 3.114410000000000000e+05 @ 9.999696854837891724e-01
7.706277254483552497e+00 3.330184351409668508e-01 4.111207137476069917e+00 = 3.153490000000000000e+05 @ 9.999999999999997780e-01
7.911378891642996791e+00 4.152046357170818602e+00 1.169881237912724137e+00 = 3.165820000000000000e+05 @ 1.000000000000000000e+00
7.767185343294155331e+00 1.164659681663062774e+00 1.161406456579801239e+00 = 3.204440000000000000e+05 @ 1.000000000000000000e+00
1.170088786228681510e+00 7.706277244139823956e+00 1.170088785942969167e+00 = 3.221910000000000000e+05 @ 9.976830499649849138e-01
4.111207147798873862e+00 4.111207147248538973e+00 1.170088789521398720e+00 = 3.233450000000000000e+05 @ 9.869392006778754389e-01
1.170088788028280202e+00 2.193280055522050631e+00 1.170088788814450886e+00 = 3.272990000000000000e+05 @ 1.000000000000000000e+00
4.106879307500332921e+00 4.107793685977787490e+00 6.243158709241258819e-01 = 3.286490000000000000e+05 @ 1.000000000000000000e+00
4.070324108379747230e+00 6.195910788545548886e-01 7.765186323289641201e+00 = 3.299940000000000000e+05 @ 9.999999982425055167e-01
6.242284268595336139e-01 7.706277212399912813e+00 2.193280033448832267e+00 = 3.311200000000000000e+05 @ 9.999447276355588610e-01
2.193280051808905284e+00 2.193280047829979651e+00 1.170088786347957210e+00 = 3.336180000000000000e+05 @ 1.000000000000000000e+00
6.242284342337209857e-01 7.706277261669225886e+00 7.706277251321784760e+00 = 3.373810000000000000e+05 @ 1.000000000000000000e+00
1.170088789074668290e+00 2.193280048715595232e+00 2.193280052241854072e+00 = 3.401920000000000000e+05 @ 1.000000000000000000e+00
4.111207144125875068e+00 2.193280053450273215e+00 7.706277246618728149e+00 = 3.413130000000000000e+05 @ 1.000000000000000000e+00
4.111207149003246464e+00 4.111207149336649103e+00 4.111207141774511520e+00 = 3.437380000000000000e+05 @ 9.021606675717912527e-01
4.111193124871237004e+00 1.170072815352853679e+00 1.170102620835468565e+00 = 3.437380000000000000e+05 @ 9.809498101423927974e-01
7.706311323352921683e+00 4.111225793365960612e+00 2.193296014347971390e+00 = 3.439070000000000000e+05 @ 1.000000000000000000e+00
3.330297767867992365e-01 7.702413229601456024e+00 7.697869912509903045e+00 = 3.457050000000000000e+05 @ 1.000000000000000000e+00
1.170088786488143073e+00 2.193280054310479787e+00 4.111207144808511238e+00 = 3.480480000000000000e+05 @ 1.000000000000000000e+00
1.170088785932843267e+00 7.706277256289030930e+00 4.111207136461858980e+00 = 3.491130000000000000e+05 @ 1.000000000000000000e+00
3.974911474396995992e+00 1.208089429422565919e+00 7.643616697017401762e+00 = 3.502060000000000000e+05 @ 1.000000000000000000e+00
6.242278973052839408e-01 4.111204035136237778e+00 2.193309152298301701e+00 = 3.542770000000000000e+05 @ 1.000000000000000000e+00
1.170088787668870367e+00 1.170088788896624932e+00 7.706277260363761705e+00 = 3.567180000000000000e+05 @ 9.999999024948209581e-01
2.193280050725094021e+00 2.193280050726514219e+00 7.706277252203462602e+00 = 3.587070000000000000e+05 @ 1.000000000000000000e+00
6.242304951805452973e-01 4.111211685788911829e+00 1.170088242147381052e+00 = 3.596930000000000000e+05 @ 1.000000000000000000e+00
4.111207150472484528e+00 1.170088788131893320e+00 2.193280044618118652e+00 = 3.620740000000000000e+05 @ 9.999999999999997780e-01
2.193280050721884589e+00 4.111207126198618056e+00 1.170088785904045192e+00 = 3.683070000000000000e+05 @ 9.999999999999997780e-01
6.242284329778108320e-01 1.170088786558397764e+00 7.706277262246662652e+00 = 3.693540000000000000e+05 @ 9.999999999999997780e-01
2.193280052084229936e+00 1.170088787754327120e+00 7.706277257364579469e+00 = 3.705740000000000000e+05 @ 1.000000000000000000e+00
7.707116261096200738e+00 4.111399274868452025e+00 3.329897972987666543e-01 = 3.736980000000000000e+05 @ 9.999999999999998890e-01
7.726324369003853221e+00 6.241924084898058389e-01 1.168824091628561046e+00 = 3.757400000000000000e+05 @ 9.999999999999997780e-01
6.242234146990676136e-01 7.706192505856411579e+00 1.170074284183783231e+00 = 3.797310000000000000e+05 @ 1.000000000000000000e+00
2.193280048934631576e+00 4.111207135931612910e+00 4.111207144774443378e+00 = 3.831720000000000000e+05 @ 1.000000000000000000e+00
7.863088153765065869e+00 1.179821953714243588e+00 4.075421072761209018e+00 = 3.842370000000000000e+05 @ 1.000000000000000000e+00
7.838284489344903072e+00 6.346794121090590934e-01 4.181276942304616107e+00 = 3.852510000000000000e+05 @ 1.000000000000000000e+00
7.706277246944305936e+00 2.193280050600011855e+00 6.242284329672007637e-01 = 3.862930000000000000e+05 @ 1.000000000000000000e+00
2.242311602038308038e+00 2.246877643282298997e+00 2.164404014790513919e+00 = 3.873020000000000000e+05 @ 1.000000000000000000e+00
6.242284342995011448e-01 1.170088787180875611e+00 4.111207147438231679e+00 = 3.883120000000000000e+05 @ 9.999999999999997780e-01
1.170086155920206483e+00 2.193272311699655752e+00 7.706422209318668948e+00 = 3.893780000000000000e+05 @ 9.999999999999991118e-01
7.677967681358893515e+00 3.393036461642507939e-01 7.688499608312488576e+00 = 3.934920000000000000e+05 @ 9.999999999999997780e-01
2.193280053341446934e+00 7.706277246142637871e+00 1.170088786947798498e+00 = 3.945080000000000000e+05 @ 9.999999999999994449e-01
3.535012250465530137e-01 2.261037882027358226e+00 4.260617597850863802e+00 = 3.955170000000000000e+05 @ 9.999999999999997780e-01
1.175909622787071118e+00 7.992384955696487658e+00 6.528289865748034826e-01 = 3.966380000000000000e+05 @ 1.000000000000000000e+00
2.193294065459357345e+00 4.111231936710998625e+00 2.193293173159009957e+00 = 3.978480000000000000e+05 @ 1.000000000000000000e+00
1.170568996031725373e+00 1.169949725377123606e+00 4.114769796287808035e+00 = 3.987720000000000000e+05 @ 1.000000000000000000e+00
