-1.561544720381142781e+00 4.400020663896223816e+00 3.285294842526750081e+00 -2.132746320410983554e+00 -3.676140699381185151e+00 2.156310398434298836e+00 1.185181325066122948e+00 7.463559717164057472e-02 -1.570050340771425468e+00 2.519245426310867231e+00 = 6.418000000000000000e+03 @ -2.040704685353680636e-12
-1.561544678452214674e+00 4.400020658263709805e+00 3.285294893515643633e+00 -2.132746317165325145e+00 -3.676140752031973769e+00 2.156310394946979958e+00 1.185181385601818072e+00 7.463559494420878015e-02 -1.570050347005747415e+00 2.519245381447381416e+00 = 2.897100000000000000e+04 @ -1.557243420857858847e-12
-1.561544736981413051e+00 4.400020568665177656e+00 3.285294881741487316e+00 -2.132746301760748420e+00 -3.676140712768650509e+00 2.156310431919657322e+00 1.185181321102964702e+00 7.463560192227365608e-02 -1.570050369591693640e+00 2.519245391982431581e+00 = 6.637700000000000000e+04 @ -1.557239156294135068e-12
-1.561544712761080422e+00 4.400020660250929971e+00 3.285294866211274201e+00 -2.132746364095464919e+00 -3.676140696639754069e+00 2.156310415940331016e+00 1.185181281955155486e+00 7.463566969428619968e-02 -1.570050333557435618e+00 2.519245447074642819e+00 = 8.769100000000000000e+04 @ -3.114473265103157200e-12
-1.561544747995042393e+00 4.400020625247186068e+00 3.285294875492617006e+00 -2.132746368222020461e+00 -3.676140703832021295e+00 2.156310399981960391e+00 1.185181301792112452e+00 7.463563120899908976e-02 -1.570050260738233616e+00 2.519245384155778478e+00 = 8.769100000000000000e+04 @ -3.114457133602505902e-12
-1.561544700657967466e+00 4.400020746709931707e+00 3.285294883692346346e+00 -2.132746323857635407e+00 -3.676140702466024202e+00 2.156310363198616908e+00 1.185181261803706088e+00 7.463561919367522890e-02 -1.570050313256166952e+00 2.519245363718500830e+00 = 8.769100000000000000e+04 @ -3.114431596531949359e-12
-1.561544724580819166e+00 4.400020585887876479e+00 3.285294853563971884e+00 -2.132746356974743129e+00 -3.676140699751939245e+00 2.156310363719796896e+00 1.185181350266472755e+00 7.463566830382956097e-02 -1.570050311433446977e+00 2.519245406935091580e+00 = 9.173100000000000000e+04 @ -8.113023582887572392e-12
-1.561544749214978989e+00 4.400020711430999043e+00 3.285294842017582262e+00 -2.132746293196163379e+00 -3.676140685753316539e+00 2.156310466202649767e+00 1.185181304287978632e+00 7.463561629346529558e-02 -1.570050393545510792e+00 2.519245465235489867e+00 = 9.173100000000000000e+04 @ -8.112996980785245198e-12
-1.561544738766995399e+00 4.400020687225946858e+00 3.285294845405456243e+00 -2.132746314827243861e+00 -3.676140699695775282e+00 2.156310437337914721e+00 1.185181260197987863e+00 7.463554335343448864e-02 -1.570050325754024811e+00 2.519245399414737463e+00 = 9.173100000000000000e+04 @ -6.228895507614330493e-12
4.141256931088054927e+00 2.477011799758511490e+00 2.669820133254180217e+00 -4.522347951110799791e+00 3.639003837612665215e+00 1.853559771340387741e+00 -4.341979563269065423e+00 6.109914535732476892e-01 4.009883362279011543e+00 -3.297228321035114096e+00 = 1.046680000000000000e+05 @ -1.557246397495830648e-12
-1.561544697583515884e+00 4.400020627086505876e+00 3.285294861048370763e+00 -2.132746363351658569e+00 -3.676140709174679166e+00 2.156310451883302282e+00 1.185181263313190181e+00 7.463558976695651437e-02 -1.570050252455204465e+00 2.519245428449599089e+00 = 1.090060000000000000e+05 @ -4.671655284307424950e-12
-1.561544744920945194e+00 4.400020663615322292e+00 3.285294861771701491e+00 -2.132746294547331001e+00 -3.676140657273697876e+00 2.156310476582488977e+00 1.185181270735370163e+00 7.463563760339715636e-02 -1.570050297548501783e+00 2.519245411265888190e+00 = 1.090060000000000000e+05 @ -3.441363006184717465e-12
-1.561544769752751805e+00 4.400020684827049777e+00 3.285294873288808315e+00 -2.132746359408824954e+00 -3.676140714752281990e+00 2.156310461833468306e+00 1.185181247432766982e+00 7.463561345036277828e-02 -1.570050312363962419e+00 2.519245474917326533e+00 = 1.090060000000000000e+05 @ -3.114462307252570325e-12
-1.561544625663695562e+00 4.400020633205587117e+00 3.285294850147775225e+00 -2.132746417289813401e+00 -3.676140747913625439e+00 2.156310448947005298e+00 1.185181229927029456e+00 7.463559963365325178e-02 -1.570050287169684644e+00 2.519245402931060696e+00 = 1.090060000000000000e+05 @ -1.557248451863128977e-12
-1.561544735253660221e+00 4.400020704581137920e+00 3.285294870362182706e+00 -2.132746348610746967e+00 -3.676140735741788124e+00 2.156310492917782096e+00 1.185181291314000296e+00 7.463555460663826024e-02 -1.570050277055883736e+00 2.519245446547666134e+00 = 1.090060000000000000e+05 @ -1.557243399526853780e-12
-3.395113005648060955e+00 -3.317307192840387220e+00 2.346836083330864575e+00 2.062943749172754249e+00 4.371514711455499302e+00 3.119865142687868076e+00 5.439719744228321829e-01 -4.743713116101263338e+00 3.612208829036930524e+00 2.474375807382008574e+00 = 1.129250000000000000e+05 @ -3.114455674516115868e-12
-1.561544709880214876e+00 4.400020675612466015e+00 3.285294885040276558e+00 -2.132746385793709010e+00 -3.676140743940192745e+00 2.156310363983132916e+00 1.185181344033465090e+00 7.463561757994152668e-02 -1.570050301918095137e+00 2.519245419775995032e+00 = 1.129250000000000000e+05 @ -3.114442621879194270e-12
-1.561544727048432391e+00 4.400020697097810185e+00 3.285294882638464475e+00 -2.132746386772901293e+00 -3.676140715444581097e+00 2.156310407648004190e+00 1.185181274485314074e+00 7.463559162591644480e-02 -1.570050335753649495e+00 2.519245403551644280e+00 = 1.259770000000000000e+05 @ -3.441405915950818627e-12
-1.561544668106823908e+00 4.400020662418740791e+00 3.285294890924089106e+00 -2.132746344803930327e+00 -3.676140754457840831e+00 2.156310427115369244e+00 1.185181303069758663e+00 7.463555882719863366e-02 -1.570050317703813647e+00 2.519245384970143498e+00 = 1.259770000000000000e+05 @ -1.557255856649236422e-12
-1.561544644162948803e+00 4.400020674570366275e+00 3.285294888949921166e+00 -2.132746301999170591e+00 -3.676140707446502454e+00 2.156310374334529545e+00 1.185181273613484132e+00 7.463559636524563778e-02 -1.570050337663944529e+00 2.519245410417728870e+00 = 1.259770000000000000e+05 @ -1.557240894984006100e-12
-1.561544749831306200e+00 4.400020628653705579e+00 3.285294888085781739e+00 -2.132746333740802580e+00 -3.676140744428437745e+00 2.156310299700404887e+00 1.185181337491605369e+00 7.463559884952061796e-02 -1.570050275570372023e+00 2.519245419229719563e+00 = 1.494260000000000000e+05 @ -4.671690842786906243e-12
-1.561544734145846380e+00 4.400020629549761253e+00 3.285294800097058321e+00 -2.132746373145756547e+00 -3.676140739880432662e+00 2.156310399569457914e+00 1.185181398174508738e+00 7.463562052731305407e-02 -1.570050359315816602e+00 2.519245404603815963e+00 = 1.494260000000000000e+05 @ -3.114475264134478563e-12
1.757743602034550712e+00 1.595737249952601022e+00 -4.308931319949905969e+00 -2.485058316791523669e+00 3.613715906652313903e-01 -6.325954701191564833e-02 4.342311917523332454e+00 1.897810726274025805e+00 -2.231270019837940932e+00 -2.156429141300166830e+00 = 1.494260000000000000e+05 @ -3.114448654232967488e-12
-1.561544670060073026e+00 4.400020651637047919e+00 3.285294876851971857e+00 -2.132746284200047970e+00 -3.676140701907645969e+00 2.156310458499594240e+00 1.185181304877833686e+00 7.463563020386883295e-02 -1.570050296801472900e+00 2.519245383377579195e+00 = 1.494260000000000000e+05 @ -1.557242457798057955e-12
-1.561544740965391753e+00 4.400020656716034928e+00 3.285294863165552748e+00 -2.132746357151973804e+00 -3.676140749892125470e+00 2.156310384699828386e+00 1.185181221899676007e+00 7.463563033637130029e-02 -1.570050399705949173e+00 2.519245385949644422e+00 = 1.534860000000000000e+05 @ -4.671686295384661099e-12
-1.561544705722131221e+00 4.400020661248778886e+00 3.285294875446771456e+00 -2.132746319340640628e+00 -3.676140641595130099e+00 2.156310405861189938e+00 1.185181305582278410e+00 7.463560965320277518e-02 -1.570050267235684416e+00 2.519245404533159149e+00 = 1.534860000000000000e+05 @ -3.114500512286987260e-12
-1.561544664963466111e+00 4.400020622050017316e+00 3.285294918305552869e+00 -2.132746360706990085e+00 -3.676140675639414823e+00 2.156310387897844461e+00 1.185181318733151690e+00 7.463560858639088635e-02 -1.570050313707023415e+00 2.519245411452025518e+00 = 1.534860000000000000e+05 @ -1.557234569262113890e-12
-1.561544706749662170e+00 4.400020703836143632e+00 3.285294911329132095e+00 -2.132746325553135591e+00 -3.676140644356746812e+00 2.156310389604812361e+00 1.185181269763408762e+00 7.463565455651209601e-02 -1.570050370634320736e+00 2.519245371276375600e+00 = 1.534860000000000000e+05 @ -1.557232594445755732e-12
-1.561544714379489829e+00 4.400020657825269410e+00 3.285294844144940107e+00 -2.132746338033399969e+00 -3.676140785751612405e+00 2.156310364560581228e+00 1.185181299037954217e+00 7.463559447717485473e-02 -1.570050306821329178e+00 2.519245372243656522e+00 = 1.744370000000000000e+05 @ -1.557243488027494178e-12
-1.561544694051122395e+00 4.400020662284241268e+00 3.285294914917595843e+00 -2.132746367043358404e+00 -3.676140693335550935e+00 2.156310356350208846e+00 1.185181276741672285e+00 7.463556134318614921e-02 -1.570050333495753625e+00 2.519245353341279081e+00 = 2.049790000000000000e+05 @ -3.114473273418474318e-12
-1.561544711941839747e+00 4.400020711357314873e+00 3.285294902434074960e+00 -2.132746352157695036e+00 -3.676140717119124712e+00 2.156310362422602545e+00 1.185181309307021369e+00 7.463551930231390741e-02 -1.570050288773278568e+00 2.519245405822235551e+00 = 2.430670000000000000e+05 @ -1.557248424992784741e-12
-1.561544708297563533e+00 4.400020653799575854e+00 3.285294955955638141e+00 -2.132746387884877581e+00 -3.676140787580743030e+00 2.156310377348519935e+00 1.185181274111781313e+00 7.463554455472967697e-02 -1.570050337086446923e+00 2.519245410930353479e+00 = 2.430670000000000000e+05 @ -1.557247227042186215e-12
-1.561544727356254825e+00 4.400020794341375385e+00 3.285294911161586118e+00 -2.132746373741689627e+00 -3.676140742649006921e+00 2.156310383826364419e+00 1.185181301865438908e+00 7.463552221980986057e-02 -1.570050333922454522e+00 2.519245387535851588e+00 = 2.740540000000000000e+05 @ -3.114439135563931383e-12
-1.561544715676967954e+00 4.400020608687179369e+00 3.285294857275764979e+00 -2.132746386506991332e+00 -3.676140660655296433e+00 2.156310391344931077e+00 1.185181293219800702e+00 7.463562594825719210e-02 -1.570050352413191685e+00 2.519245394844693120e+00 = 3.261160000000000000e+05 @ -1.557246736161643366e-12
-1.561544724125930816e+00 4.400020660756499780e+00 3.285294900327299317e+00 -2.132746441119625747e+00 -3.676140656770965354e+00 2.156310399214333096e+00 1.185181236744385247e+00 7.463560525878884522e-02 -1.570050329406428524e+00 2.519245419098760319e+00 = 3.440550000000000000e+05 @ 0.000000000000000000e+00
-1.561544749654802056e+00 4.400020612117699237e+00 3.285294857877614660e+00 -2.132746418928237464e+00 -3.676140764215812595e+00 2.156310384076012276e+00 1.185181309239720315e+00 7.463557181104306382e-02 -1.570050293388409735e+00 2.519245388410041198e+00 = 3.482370000000000000e+05 @ -3.114472063849672130e-12
-1.561544769135788435e+00 4.400020715885514910e+00 3.285294826567093374e+00 -2.132746355833959662e+00 -3.676140722427471808e+00 2.156310389872885036e+00 1.185181261319077084e+00 7.463566749840010173e-02 -1.570050402539751033e+00 2.519245347199004392e+00 = 3.482370000000000000e+05 @ -3.114448703688359960e-12
-1.561544704570686060e+00 4.400020714037923497e+00 3.285294927298651135e+00 -2.132746350657782397e+00 -3.676140713397906712e+00 2.156310351791211666e+00 1.185181275219587604e+00 7.463564467811338587e-02 -1.570050337615357394e+00 2.519245433223232578e+00 = 3.621740000000000000e+05 @ -1.557252797225345879e-12
-1.561544660163510789e+00 4.400020695053375341e+00 3.285294844799042657e+00 -2.132746389146429777e+00 -3.676140691504229618e+00 2.156310408511091570e+00 1.185181328530429568e+00 7.463560907702147806e-02 -1.570050272513668910e+00 2.519245382833435798e+00 = 3.621740000000000000e+05 @ -1.557251514684340769e-12
-1.561544747608312633e+00 4.400020694203316651e+00 3.285294891352165347e+00 -2.132746324862216714e+00 -3.676140705927234187e+00 2.156310394784269224e+00 1.185181277360852325e+00 7.463561493390311052e-02 -1.570050404547583156e+00 2.519245495271749569e+00 = 3.621740000000000000e+05 @ -1.557237239901758851e-12
-1.561544736834816316e+00 4.400020660602575795e+00 3.285294856653863782e+00 -2.132746362412474728e+00 -3.676140651420727323e+00 2.156310428961907721e+00 1.185181219555939913e+00 7.463560787448167422e-02 -1.570050304584454715e+00 2.519245389312996242e+00 = 3.661890000000000000e+05 @ -1.557242876423845598e-12
-1.561544785166866012e+00 4.400020681476791928e+00 3.285294810457999759e+00 -2.132746319206385799e+00 -3.676140675996493634e+00 2.156310421582908532e+00 1.185181270899779538e+00 7.463562177130259045e-02 -1.570050346693809828e+00 2.519245377540263675e+00 = 3.705900000000000000e+05 @ 0.000000000000000000e+00
-1.561544747606072425e+00 4.400020669696252718e+00 3.285294935507236058e+00 -2.132746341118811007e+00 -3.676140709243705285e+00 2.156310405454034740e+00 1.185181329594996003e+00 7.463558089885853619e-02 -1.570050270101508216e+00 2.519245362734649607e+00 = 3.748560000000000000e+05 @ -3.114501291153944788e-12
-1.561544695160865359e+00 4.400020693692778373e+00 3.285294892626427377e+00 -2.132746327157700961e+00 -3.676140655239665378e+00 2.156310379841074987e+00 1.185181341254760934e+00 7.463565284232623331e-02 -1.570050304803205288e+00 2.519245465534409867e+00 = 3.748560000000000000e+05 @ -3.114476787318002531e-12
-1.561544754896782905e+00 4.400020718626582727e+00 3.285294813339001863e+00 -2.132746348858858720e+00 -3.676140710851619087e+00 2.156310417572533833e+00 1.185181263142387476e+00 7.463568974659937072e-02 -1.570050290884523969e+00 2.519245419160330623e+00 = 3.748560000000000000e+05 @ -3.114469093426323820e-12
-1.561544724479666524e+00 4.400020655115097767e+00 3.285294822509622126e+00 -2.132746306452398599e+00 -3.676140784428625352e+00 2.156310458107806749e+00 1.185181247402987248e+00 7.463566482108593969e-02 -1.570050344205227155e+00 2.519245434158993380e+00 = 3.748560000000000000e+05 @ -3.114446132566341532e-12
-1.561544769442243519e+00 4.400020640985761844e+00 3.285294953766953352e+00 -2.132746351253368200e+00 -3.676140737857932717e+00 2.156310316401875316e+00 1.185181316722856426e+00 7.463568454757014969e-02 -1.570050312651457336e+00 2.519245446626911633e+00 = 3.748560000000000000e+05 @ -1.557248825222374645e-12
-1.561544685039949476e+00 4.400020684455737019e+00 3.285294855349155885e+00 -2.132746306408110915e+00 -3.676140753548793771e+00 2.156310429693334640e+00 1.185181305188525158e+00 7.463560830896036336e-02 -1.570050404901055074e+00 2.519245411214296126e+00 = 3.789050000000000000e+05 @ 0.000000000000000000e+00
-1.561544701600472873e+00 4.400020741103695343e+00 3.285294858195018541e+00 -2.132746396638504294e+00 -3.676140731369957226e+00 2.156310411739835065e+00 1.185181247302726559e+00 7.463575961034082940e-02 -1.570050341862829102e+00 2.519245453663732537e+00 = 3.830430000000000000e+05 @ -1.557240688788924836e-12
-1.561544766219189251e+00 4.400020685964754819e+00 3.285294831821301109e+00 -2.132746393474752367e+00 -3.676140730795215639e+00 2.156310388441637915e+00 1.185181208387227958e+00 7.463574823900560873e-02 -1.570050360720695037e+00 2.519245465640590709e+00 = 3.874570000000000000e+05 @ -3.114489198094896757e-12
-1.561544779835083885e+00 4.400020679976053728e+00 3.285294818636975922e+00 -2.132746292415845790e+00 -3.676140710202957962e+00 2.156310432022908508e+00 1.185181241858150880e+00 7.463571408363342541e-02 -1.570050389264148860e+00 2.519245499183731418e+00 = 3.874570000000000000e+05 @ -3.114473109945208184e-12
-1.561544718485165184e+00 4.400020636556947196e+00 3.285294807796092176e+00 -2.132746382154306009e+00 -3.676140725035153878e+00 2.156310416791462625e+00 1.185181239269977427e+00 7.463552069991558069e-02 -1.570050346296244292e+00 2.519245383378850622e+00 = 3.874570000000000000e+05 @ -1.557238462741611518e-12
-1.561544682969035591e+00 4.400020669636955262e+00 3.285294864629991096e+00 -2.132746314437792279e+00 -3.676140630518256458e+00 2.156310332669576724e+00 1.185181263768350979e+00 7.463559429606055062e-02 -1.570050297153635199e+00 2.519245326525952677e+00 = 3.874570000000000000e+05 @ -1.557234195658730792e-12
-1.561544706219125223e+00 4.400020679674481627e+00 3.285294881300707903e+00 -2.132746367452516001e+00 -3.676140754769321894e+00 2.156310361467396852e+00 1.185181296247710181e+00 7.463553801194686144e-02 -1.570050273580329891e+00 2.519245316595869255e+00 = 3.913740000000000000e+05 @ -1.557234971970620102e-12
-1.561544709965900335e+00 4.400020697328464792e+00 3.285294848044608695e+00 -2.132746310263185396e+00 -3.676140734266924337e+00 2.156310365872569079e+00 1.185181293739917541e+00 7.463554186002474555e-02 -1.570050351335938954e+00 2.519245355743700898e+00 = 3.954000000000000000e+05 @ -3.114479289294230546e-12
-1.561544691882705171e+00 4.400020695100221424e+00 3.285294826517387801e+00 -2.132746369382673368e+00 -3.676140658983992449e+00 2.156310367026772923e+00 1.185181292702367717e+00 7.463565855011519701e-02 -1.570050319973003816e+00 2.519245359238469373e+00 = 3.954000000000000000e+05 @ -1.557258157569665609e-12
1.757743620242285365e+00 1.595737221533478856e+00 -4.308931243114909826e+00 -2.485058289817866140e+00 3.613715627356375304e-01 -6.325955982697203939e-02 4.342311932203823055e+00 1.897810782644851590e+00 -2.231270043676783388e+00 -2.156429130097354818e+00 = 3.954000000000000000e+05 @ 0.000000000000000000e+00
