7.706277272868463868e+00 4.111207129743960742e+00 4.111207144827465854e+00 = 1.128800000000000000e+04 @ 9.999999985195033858e-01
7.706277269649007167e+00 4.111207145844035793e+00 1.170088789635078896e+00 = 1.614300000000000000e+04 @ 9.999999999999997780e-01
7.706277241509544851e+00 7.706277255786185165e+00 7.706277281412178937e+00 = 2.296000000000000000e+04 @ 9.515215445762938984e-01
4.111207148178841031e+00 1.170088787398617214e+00 7.706277266723661867e+00 = 2.601800000000000000e+04 @ 1.000000000000000000e+00
4.112177087572146839e+00 2.192921170950275389e+00 7.692048335454617636e+00 = 4.553500000000000000e+04 @ 9.999999999999993339e-01
4.111207144019343396e+00 6.242284334177314875e-01 2.193280050035899986e+00 = 9.635400000000000000e+04 @ 1.000000000000000000e+00
7.706277245613613935e+00 7.706277261268701828e+00 2.193280049598048453e+00 = 1.039560000000000000e+05 @ 1.000000000000000000e+00
7.706277269597592294e+00 1.170088786011123982e+00 4.111207142532598446e+00 = 1.131810000000000000e+05 @ 1.000000000000000000e+00
2.193280053120268303e+00 1.170088786779753143e+00 7.706277259004734148e+00 = 1.238770000000000000e+05 @ 9.849225582743006413e-01
7.680020487766209492e+00 6.244158044435516031e-01 7.681317457839973883e+00 = 1.387930000000000000e+05 @ 1.000000000000000000e+00
4.111207142268782810e+00 4.111207139494430507e+00 7.706277262917521576e+00 = 1.400820000000000000e+05 @ 9.999999942869131075e-01
4.111207157421397085e+00 7.706277245015011879e+00 2.193280053565401566e+00 = 1.418010000000000000e+05 @ 9.999999965024095605e-01
2.193280052589840601e+00 7.706277246861822583e+00 7.706277257412132542e+00 = 1.426140000000000000e+05 @ 9.999999989806012124e-01
2.193280052980148831e+00 4.111207135454958639e+00 7.706277262224308977e+00 = 1.459290000000000000e+05 @ 9.999956782913460573e-01
7.706277256045359181e+00 4.111207146505771348e+00 7.706277267788050445e+00 = 1.527030000000000000e+05 @ 1.000000000000000000e+00
2.193280048822468853e+00 7.706277262515293103e+00 4.111207134854211631e+00 = 1.538490000000000000e+05 @ 9.999999999999995559e-01
7.706277259757976950e+00 2.193280054515887922e+00 7.706277250845076310e+00 = 1.556190000000000000e+05 @ 1.000000000000000000e+00
4.111207145800717555e+00 7.706277255441349006e+00 7.706277252207278217e+00 = 1.710400000000000000e+05 @ 9.814917412459513990e-01
4.111207146674283663e+00 2.193280049058281556e+00 2.193280050895864530e+00 = 1.719980000000000000e+05 @ 9.998208448745693477e-01
2.193280052422461157e+00 4.111207139994606408e+00 4.111207139720848502e+00 = 2.001850000000000000e+05 @ 1.000000000000000000e+00
7.706277249106976868e+00 4.111207144890574483e+00 2.193280052840105743e+00 = 2.027950000000000000e+05 @ 1.000000000000000000e+00
4.111207143481030002e+00 1.170088789550181696e+00 4.111207147038301812e+00 = 2.071560000000000000e+05 @ 1.000000000000000000e+00
4.117573666953235900e+00 4.108194925048312740e+00 6.243091522436292617e-01 = 2.100790000000000000e+05 @ 1.000000000000000000e+00
4.111207138889020563e+00 2.193280049698480116e+00 4.111207136104188642e+00 = 2.111160000000000000e+05 @ 9.999999999999997780e-01
7.706277258315377132e+00 7.706277244799615289e+00 1.170088787744435699e+00 = 2.206960000000000000e+05 @ 9.999999999999995559e-01
1.170088785665788889e+00 4.111207158000877548e+00 2.193280049660630393e+00 = 2.313550000000000000e+05 @ 1.000000000000000000e+00
7.706277261488171604e+00 7.706277253392375570e+00 4.111207140894446610e+00 = 2.341380000000000000e+05 @ 1.000000000000000000e+00
7.706277246624614996e+00 2.193280054587279704e+00 2.193280055848422005e+00 = 2.353150000000000000e+05 @ 9.993247022540474589e-01
6.239678812601382463e-01 7.704934936939569212e+00 7.697189625492991460e+00 = 2.424650000000000000e+05 @ 9.977610628093684930e-01
2.193280050574085038e+00 4.111207143625795091e+00 2.193280052174862327e+00 = 2.524150000000000000e+05 @ 9.993753664444466889e-01
4.111207143958701238e+00 7.706277257566370942e+00 4.111207145640711325e+00 = 2.537580000000000000e+05 @ 9.433174937503094881e-01
2.193277284460966481e+00 2.193283385816028108e+00 2.193270217102636810e+00 = 2.541100000000000000e+05 @ 9.860841652954344116e-01
4.111207137158681135e+00 1.170088787421007526e+00 1.170088787687973975e+00 = 2.570940000000000000e+05 @ 1.000000000000000000e+00
2.193280053118268125e+00 6.242284343117494583e-01 1.170088781916168053e+00 = 2.684390000000000000e+05 @ 9.999812405513213154e-01
4.111207141764598560e+00 4.111207139940936450e+00 4.111207147178568277e+00 = 2.824850000000000000e+05 @ 9.999999999999997780e-01
6.242284342118218365e-01 1.170088784913848601e+00 2.193280053173116695e+00 = 2.855150000000000000e+05 @ 9.999999998113762167e-01
6.242284326428595431e-01 7.706277259682752678e+00 1.170088786584680518e+00 = 2.873360000000000000e+05 @ 1.000000000000000000e+00
6.242284325393594457e-01 7.706277261748576635e+00 4.111207142352454547e+00 = 2.885130000000000000e+05 @ 9.999999955106175786e-01
2.211068367724997596e+00 7.577470345357878223e+00 3.456323244002226236e-01 = 2.892700000000000000e+05 @ 1.000000000000000000e+00
2.294150883103051708e+00 7.834265846483662976e+00 6.158948730420550355e-01 = 2.918190000000000000e+05 @ 1.000000000000000000e+00
2.193322992833322438e+00 7.706375615550932423e+00 2.193263778616481918e+00 = 2.954240000000000000e+05 @ 1.000000000000000000e+00
7.706277259815466962e+00 1.170088787395244356e+00 7.706277259449838546e+00 = 3.042120000000000000e+05 @ 1.000000000000000000e+00
1.170071523186336782e+00 1.170099935935514202e+00 7.706317916641752142e+00 = 3.080920000000000000e+05 @ 9.999999997248176786e-01
4.111207147184452459e+00 2.193280051773111694e+00 6.242284331856761126e-01 = 3.141800000000000000e+05 @ 1.000000000000000000e+00
1.170090813762048043e+00 7.706276605961935644e+00 4.111222251230017832e+00 = 3.178590000000000000e+05 @ 9.999999943946267233e-01
7.706277266684347538e+00 2.193280054225158260e+00 4.111207135454829853e+00 = 3.210540000000000000e+05 @ 1.000000000000000000e+00
7.706277256100980466e+00 1.170088786832514938e+00 2.193280046740481382e+00 = 3.230200000000000000e+05 @ 9.999999899787346269e-01
7.706277265309778635e+00 6.242284346790387684e-01 2.193280050111360069e+00 = 3.236860000000000000e+05 @ 9.593490303842233669e-01
1.170088788701365790e+00 1.170088788674535696e+00 4.111207137935440237e+00 = 3.236860000000000000e+05 @ 9.714167557377547668e-01
7.706161041490996233e+00 7.706230341580305065e+00 6.242270554460476184e-01 = 3.245880000000000000e+05 @ 1.000000000000000000e+00
1.170088789533979101e+00 4.111207141841378032e+00 7.706277256015601651e+00 = 3.262680000000000000e+05 @ 1.000000000000000000e+00
6.242269849166751650e-01 2.193283004772369260e+00 1.170086413311392848e+00 = 3.274450000000000000e+05 @ 9.999999999999997780e-01
2.193280051962553934e+00 3.330184348519030779e-01 4.111207147864921474e+00 = 3.287340000000000000e+05 @ 1.000000000000000000e+00
1.170978336775003514e+00 2.194711054143844819e+00 4.109767696505211454e+00 = 3.297430000000000000e+05 @ 9.999999999999995559e-01
7.706277261838731185e+00 1.170088787797995300e+00 1.170088789592342415e+00 = 3.315410000000000000e+05 @ 1.000000000000000000e+00
7.812354329144415743e+00 3.284188598861960129e-01 7.543292006842710506e+00 = 3.336470000000000000e+05 @ 9.999999995999155900e-01
7.846031361901191659e+00 7.839125220426241825e+00 3.512951325167272820e-01 = 3.349460000000000000e+05 @ 1.000000000000000000e+00
6.273202961615362838e-01 2.198864423313130700e+00 7.686497090666907006e+00 = 3.388680000000000000e+05 @ 1.000000000000000000e+00
6.240546983497750055e-01 7.795474701795401806e+00 2.196358130958116828e+00 = 3.422400000000000000e+05 @ 9.999733850436849369e-01
4.110893178569021700e+00 7.657577126312725468e+00 1.169411694574016058e+00 = 3.463670000000000000e+05 @ 9.999999999999998890e-01
4.111207145430107346e+00 4.111207140764386203e+00 2.193280050547480098e+00 = 3.475310000000000000e+05 @ 1.000000000000000000e+00
1.170088786101873168e+00 7.706277254396205478e+00 7.706277254265020638e+00 = 3.537280000000000000e+05 @ 9.999999999999997780e-01
1.170088783465405013e+00 4.111207145057946377e+00 1.170088793094002710e+00 = 3.559990000000000000e+05 @ 1.000000000000000000e+00
4.111207148271349254e+00 2.193280050042202944e+00 1.170088783818938882e+00 = 3.590800000000000000e+05 @ 1.000000000000000000e+00
2.193280052918487488e+00 7.706277267490023952e+00 1.170088787786179640e+00 = 3.602010000000000000e+05 @ 9.999508621071939718e-01
1.170088785427637834e+00 7.706277261002488110e+00 2.193280053286431830e+00 = 3.676360000000000000e+05 @ 1.000000000000000000e+00
4.111207136127966955e+00 1.170088788761841414e+00 2.193280053063091817e+00 = 3.687850000000000000e+05 @ 1.000000000000000000e+00
4.111207148599613781e+00 4.111207140939447946e+00 1.170088786410688364e+00 = 3.697660000000000000e+05 @ 1.000000000000000000e+00
7.704918694542512547e+00 4.124684613981272285e+00 6.241742674383984335e-01 = 3.709150000000000000e+05 @ 1.000000000000000000e+00
4.230363647113520642e+00 7.712088797413053420e+00 6.351326737797495792e-01 = 3.729190000000000000e+05 @ 1.000000000000000000e+00
2.193280049847375235e+00 2.193280049497486228e+00 4.111207144542698089e+00 = 3.739940000000000000e+05 @ 1.000000000000000000e+00
4.111207136576680021e+00 6.242284363085203180e-01 7.706277265225792483e+00 = 3.751530000000000000e+05 @ 9.999999999999998890e-01
1.170088788354843201e+00 2.193280049466576287e+00 7.706277252374682085e+00 = 3.772820000000000000e+05 @ 1.000000000000000000e+00
6.243130033613292218e-01 1.170219793320832480e+00 7.709961195280368607e+00 = 3.783470000000000000e+05 @ 1.000000000000000000e+00
7.706257818546127680e+00 2.193264690202197720e+00 1.170091594022159009e+00 = 3.795160000000000000e+05 @ 1.000000000000000000e+00
1.170076568604691225e+00 7.706307726269989722e+00 1.170077989026435006e+00 = 3.805630000000000000e+05 @ 9.999999999999997780e-01
2.193311179272290801e+00 6.242216018570382330e-01 7.706241461548002825e+00 = 3.816280000000000000e+05 @ 1.000000000000000000e+00
2.193280050917096435e+00 2.193280054595760475e+00 7.706277269227627791e+00 = 3.828330000000000000e+05 @ 9.996289807738555355e-01
4.016312437191465357e+00 7.848530994164403474e+00 3.347900843613861310e-01 = 3.871400000000000000e+05 @ 1.000000000000000000e+00
6.242284341423735006e-01 4.111207139330237403e+00 2.193280050496930755e+00 = 3.882710000000000000e+05 @ 1.000000000000000000e+00
1.170088787276045261e+00 3.330184360235793339e-01 4.111207139141768607e+00 = 3.894810000000000000e+05 @ 1.000000000000000000e+00
2.193280053300765697e+00 1.170088787195193714e+00 4.111207146163064152e+00 = 3.904620000000000000e+05 @ 1.000000000000000000e+00
4.111207155849161410e+00 6.242284306871125343e-01 4.111207129465256571e+00 = 3.929550000000000000e+05 @ 9.999417024670119725e-01
1.170088788210461361e+00 2.193280051636076422e+00 2.193280053597596257e+00 = 3.956440000000000000e+05 @ 1.000000000000000000e+00
4.100705342287795929e+00 7.373170641862604846e+00 3.436595573354582767e-01 = 3.967580000000000000e+05 @ 9.999999999999996669e-01
1.170088791427852160e+00 1.170088788213624609e+00 1.170088784248945579e+00 = 3.976600000000000000e+05 @ 9.999999999999998890e-01
2.193266334614560886e+00 4.111211957726506938e+00 1.170096923568338054e+00 = 3.988280000000000000e+05 @ 9.999999999999997780e-01
