4.141256939529170289e+00 2.477011812360373266e+00 2.669820135874439782e+00 -4.522347966821524068e+00 3.639003854186885434e+00 1.853559751658991672e+00 -4.341979546470175144e+00 6.109914545082897330e-01 4.009883385403639977e+00 -3.297228336961672390e+00 = 3.520700000000000000e+04 @ -6.228862143688280535e-12
-1.561544668166251038e+00 4.400020691227532588e+00 3.285294849523304972e+00 -2.132746342795142080e+00 -3.676140699690163327e+00 2.156310394389401974e+00 1.185181285191494460e+00 7.463560867675329835e-02 -1.570050320270194533e+00 2.519245396585529928e+00 = 3.520700000000000000e+04 @ -3.114507046369756462e-12
-1.561544765127496515e+00 4.400020643574849011e+00 3.285294858709148169e+00 -2.132746345742204674e+00 -3.676140704069418064e+00 2.156310375295997339e+00 1.185181300303999485e+00 7.463556183749939232e-02 -1.570050307619857533e+00 2.519245386533177200e+00 = 3.520700000000000000e+04 @ -3.114492086910719423e-12
-1.561544793087349170e+00 4.400020634608353021e+00 3.285294861006295974e+00 -2.132746335941647420e+00 -3.676140694744084225e+00 2.156310317988798797e+00 1.185181299672752209e+00 7.463562351747632384e-02 -1.570050354042783480e+00 2.519245385539575111e+00 = 3.520700000000000000e+04 @ -3.114481126697765303e-12
-1.561544803290308536e+00 4.400020686192284813e+00 3.285294799317518777e+00 -2.132746363629258735e+00 -3.676140746871289888e+00 2.156310352613572512e+00 1.185181294225436943e+00 7.463558362921722533e-02 -1.570050357656872286e+00 2.519245390233862736e+00 = 3.520700000000000000e+04 @ -3.114480053182320429e-12
-1.561544752505022338e+00 4.400020640133940120e+00 3.285294888065944718e+00 -2.132746350221711218e+00 -3.676140718930214213e+00 2.156310402408306626e+00 1.185181270113164098e+00 7.463563141052195760e-02 -1.570050354286641525e+00 2.519245411530482315e+00 = 3.520700000000000000e+04 @ -1.557254598054943035e-12
-3.395113017566906422e+00 -3.317307194936079284e+00 2.346836061421263775e+00 2.062943751262185543e+00 4.371514696799412292e+00 3.119865155255687306e+00 5.439719689373542222e-01 -4.743713113654074220e+00 3.612208831248991725e+00 2.474375815119964184e+00 = 3.520700000000000000e+04 @ -1.557238969237549812e-12
-1.561544692349883467e+00 4.400020703842797865e+00 3.285294865102938999e+00 -2.132746384435536324e+00 -3.676140732427914504e+00 2.156310431670847905e+00 1.185181342799886073e+00 7.463563661287409001e-02 -1.570050332688961658e+00 2.519245435245401676e+00 = 4.427700000000000000e+04 @ -1.557263088157047509e-12
-1.561544711835683108e+00 4.400020721406828095e+00 3.285294888427305438e+00 -2.132746321385879273e+00 -3.676140692175293267e+00 2.156310422562135010e+00 1.185181352866122140e+00 7.463561352038595997e-02 -1.570050304805373997e+00 2.519245383196450749e+00 = 4.861000000000000000e+04 @ -3.114454333166434700e-12
-1.561544703198085360e+00 4.400020683202263250e+00 3.285294925995738691e+00 -2.132746385727961602e+00 -3.676140683332114634e+00 2.156310383192583391e+00 1.185181309295873175e+00 7.463563104422690775e-02 -1.570050306341063573e+00 2.519245389501428178e+00 = 4.861000000000000000e+04 @ -1.557236998804885595e-12
1.757743584428080652e+00 1.595737257501044226e+00 -4.308931267212808613e+00 -2.485058285440426395e+00 3.613716045531075727e-01 -6.325957398328842241e-02 4.342311962587069196e+00 1.897810761625109199e+00 -2.231270037138219031e+00 -2.156429120415271239e+00 = 5.305500000000000000e+04 @ -3.114469574135957256e-12
-1.561544736545257939e+00 4.400020647289575315e+00 3.285294852370708174e+00 -2.132746411256811303e+00 -3.676140741735411943e+00 2.156310364332343799e+00 1.185181250764815397e+00 7.463560070603390828e-02 -1.570050310212314670e+00 2.519245411615700814e+00 = 9.878700000000000000e+04 @ -1.557240058985967901e-12
-1.561544708558679995e+00 4.400020673699629903e+00 3.285294853123977621e+00 -2.132746351716451549e+00 -3.676140687828971743e+00 2.156310480063542201e+00 1.185181284011413316e+00 7.463560376578121103e-02 -1.570050372457622467e+00 2.519245406745059146e+00 = 1.226100000000000000e+05 @ -1.557250817022050519e-12
-1.561544687881271321e+00 4.400020645237201045e+00 3.285294899075563713e+00 -2.132746351309044552e+00 -3.676140714907608409e+00 2.156310422788459746e+00 1.185181257070401450e+00 7.463554920264106607e-02 -1.570050362682525513e+00 2.519245368946191110e+00 = 1.311910000000000000e+05 @ -1.557232292083145976e-12
-1.561544699141745429e+00 4.400020675943374648e+00 3.285294909673799779e+00 -2.132746324816965799e+00 -3.676140635787301214e+00 2.156310361750148452e+00 1.185181288845369885e+00 7.463562524952425947e-02 -1.570050351798681243e+00 2.519245422153299163e+00 = 1.395570000000000000e+05 @ -3.114492924995653730e-12
-1.561544669889240122e+00 4.400020625546315678e+00 3.285294908304997374e+00 -2.132746365373877406e+00 -3.676140703751401784e+00 2.156310387922007354e+00 1.185181334678789833e+00 7.463558257373399674e-02 -1.570050353184823777e+00 2.519245402958492530e+00 = 1.437140000000000000e+05 @ -1.557234340686629198e-12
-1.561544736600924299e+00 4.400020687152048637e+00 3.285294846822671477e+00 -2.132746358485283711e+00 -3.676140742490576319e+00 2.156310411537982752e+00 1.185181283961913579e+00 7.463569876038006479e-02 -1.570050317010455609e+00 2.519245418922934743e+00 = 1.483660000000000000e+05 @ -7.786105273257331922e-12
-1.561544720081626370e+00 4.400020659302309234e+00 3.285294872337488847e+00 -2.132746301037227621e+00 -3.676140730466108675e+00 2.156310461672886980e+00 1.185181289602876831e+00 7.463566841873991997e-02 -1.570050302603045456e+00 2.519245383901280722e+00 = 1.483660000000000000e+05 @ -3.114456032203058650e-12
-1.561544699802846381e+00 4.400020703428519475e+00 3.285294897654966739e+00 -2.132746301146967394e+00 -3.676140690667782263e+00 2.156310388818265977e+00 1.185181257468862714e+00 7.463564473937298049e-02 -1.570050266591656252e+00 2.519245410772143590e+00 = 1.643250000000000000e+05 @ -3.114453796377924019e-12
-1.561544798256470079e+00 4.400020678609307900e+00 3.285294864119856939e+00 -2.132746354199465344e+00 -3.676140702091164947e+00 2.156310450973920378e+00 1.185181257672480504e+00 7.463564147115077374e-02 -1.570050294761566656e+00 2.519245401125872252e+00 = 1.852370000000000000e+05 @ -3.114457401767557088e-12
-1.561544776101800203e+00 4.400020683575475822e+00 3.285294884150087746e+00 -2.132746310335616791e+00 -3.676140671407132299e+00 2.156310393616495791e+00 1.185181327030661036e+00 7.463566870109905604e-02 -1.570050272697619764e+00 2.519245397172731771e+00 = 1.891230000000000000e+05 @ -6.228917596294451693e-12
-1.561544699083506238e+00 4.400020729768275629e+00 3.285294871377173020e+00 -2.132746303453056935e+00 -3.676140768123977942e+00 2.156310399251082366e+00 1.185181338160941955e+00 7.463560942627371630e-02 -1.570050312351833233e+00 2.519245444980404258e+00 = 1.891230000000000000e+05 @ -3.114467598912915830e-12
-1.561544705746259698e+00 4.400020757062963028e+00 3.285294958624530359e+00 -2.132746320299458098e+00 -3.676140746983338037e+00 2.156310439619654407e+00 1.185181273949438507e+00 7.463559819627212100e-02 -1.570050304070922831e+00 2.519245409148923809e+00 = 1.891230000000000000e+05 @ -3.114435367466993350e-12
-1.561544700456230172e+00 4.400020690150007852e+00 3.285294896613383919e+00 -2.132746246013601521e+00 -3.676140750230385557e+00 2.156310457653207724e+00 1.185181325787147077e+00 7.463564855625368089e-02 -1.570050287279885159e+00 2.519245452805351171e+00 = 1.979810000000000000e+05 @ -1.557237298736663765e-12
-1.561544762612782744e+00 4.400020688020449100e+00 3.285294842041038610e+00 -2.132746332629873454e+00 -3.676140798433200629e+00 2.156310438626026560e+00 1.185181366702238170e+00 7.463561441895871784e-02 -1.570050344134534592e+00 2.519245498340876743e+00 = 2.019510000000000000e+05 @ -3.114473738877679703e-12
-1.561544726659482629e+00 4.400020718411894904e+00 3.285294907437865231e+00 -2.132746258411898577e+00 -3.676140816489816388e+00 2.156310377443662496e+00 1.185181363922399589e+00 7.463558325338881527e-02 -1.570050340345280793e+00 2.519245384333689941e+00 = 2.019510000000000000e+05 @ -3.114473024593332773e-12
-1.561544689885975501e+00 4.400020761368100608e+00 3.285294880800766926e+00 -2.132746234150249443e+00 -3.676140756828635503e+00 2.156310425452396373e+00 1.185181311893525269e+00 7.463559110745555947e-02 -1.570050375834836975e+00 2.519245414742879330e+00 = 2.019510000000000000e+05 @ -1.557255281617376106e-12
-1.561544689697689448e+00 4.400020807117485333e+00 3.285294925803706967e+00 -2.132746278842203136e+00 -3.676140746723959740e+00 2.156310387930881145e+00 1.185181320533111649e+00 7.463562079076764555e-02 -1.570050291209611038e+00 2.519245440378172329e+00 = 2.019510000000000000e+05 @ -1.557235839726478956e-12
1.757743526525431754e+00 1.595737294772919368e+00 -4.308931305972823367e+00 -2.485058328020721241e+00 3.613715828509706518e-01 -6.325952613672077007e-02 4.342311969421667861e+00 1.897810748495858846e+00 -2.231269999386766845e+00 -2.156429137535287310e+00 = 2.142870000000000000e+05 @ -1.557253139304956410e-12
1.757743597273741853e+00 1.595737299497340000e+00 -4.308931321730033126e+00 -2.485058308976597186e+00 3.613715592922137065e-01 -6.325955511037496815e-02 4.342311927232327839e+00 1.897810762345888191e+00 -2.231270010584456731e+00 -2.156429168323293677e+00 = 2.186170000000000000e+05 @ -9.670433363268644604e-12
-1.561544672661360433e+00 4.400020694588581804e+00 3.285294828860507277e+00 -2.132746251902903456e+00 -3.676140648637342689e+00 2.156310466102657752e+00 1.185181367386333173e+00 7.463555509237075614e-02 -1.570050362389996845e+00 2.519245449781205348e+00 = 2.186170000000000000e+05 @ -8.113166336198089769e-12
-1.561544727377128128e+00 4.400020705393569820e+00 3.285294856585162737e+00 -2.132746241604777548e+00 -3.676140651161075912e+00 2.156310497765818290e+00 1.185181301548804633e+00 7.463552448739332879e-02 -1.570050337460301204e+00 2.519245464006445001e+00 = 2.186170000000000000e+05 @ -6.228958646327218494e-12
-1.561544689866946944e+00 4.400020721825155690e+00 3.285294868006180202e+00 -2.132746211378630186e+00 -3.676140601654330986e+00 2.156310427649834160e+00 1.185181318456248523e+00 7.463551223854672512e-02 -1.570050394590660536e+00 2.519245423844848730e+00 = 2.186170000000000000e+05 @ -4.671763458723940554e-12
-1.561544655038447749e+00 4.400020635831909388e+00 3.285294834449344670e+00 -2.132746238518243409e+00 -3.676140670554588041e+00 2.156310528675530414e+00 1.185181313126814739e+00 7.463549874154316865e-02 -1.570050321411929684e+00 2.519245507091822045e+00 = 2.225930000000000000e+05 @ -1.822091850544166321e-12
-1.561544672031837111e+00 4.400020650006615242e+00 3.285294845151125909e+00 -2.132746303255454556e+00 -3.676140679008916390e+00 2.156310409512676163e+00 1.185181317153762182e+00 7.463561907615233471e-02 -1.570050245575685288e+00 2.519245361339180089e+00 = 2.319600000000000000e+05 @ -2.040712660440584037e-12
-1.561544737624547929e+00 4.400020638680391727e+00 3.285294841072976535e+00 -2.132746359922989665e+00 -3.676140661860088255e+00 2.156310373969489991e+00 1.185181333917952440e+00 7.463564718117010610e-02 -1.570050331212745842e+00 2.519245445866396871e+00 = 2.771600000000000000e+05 @ -4.998667837952786983e-12
-1.561544665275310217e+00 4.400020660939449435e+00 3.285294883581684200e+00 -2.132746304355708222e+00 -3.676140693787916192e+00 2.156310426981899564e+00 1.185181301056753789e+00 7.463558245190697604e-02 -1.570050336687884629e+00 2.519245461480686288e+00 = 2.771600000000000000e+05 @ -4.671756170064887884e-12
-1.561544674581610614e+00 4.400020570929481956e+00 3.285294840208047518e+00 -2.132746376928262411e+00 -3.676140666586513284e+00 2.156310454712563107e+00 1.185181250076069226e+00 7.463555949763668595e-02 -1.570050332934450621e+00 2.519245398894610410e+00 = 2.771600000000000000e+05 @ -4.671730034960002128e-12
-1.561544764449033895e+00 4.400020639064149641e+00 3.285294823778754481e+00 -2.132746292315860437e+00 -3.676140721927368737e+00 2.156310407956622655e+00 1.185181319089082308e+00 7.463564518434129269e-02 -1.570050293195024649e+00 2.519245461052719737e+00 = 2.771600000000000000e+05 @ -4.671722977972976292e-12
-1.561544725380428655e+00 4.400020693536250249e+00 3.285294816799829487e+00 -2.132746373708864329e+00 -3.676140778055936309e+00 2.156310454653956210e+00 1.185181274307383958e+00 7.463559767183880478e-02 -1.570050322669650278e+00 2.519245413546046475e+00 = 2.771600000000000000e+05 @ -3.441417607045387598e-12
-1.561544705088079965e+00 4.400020645331201408e+00 3.285294785841259557e+00 -2.132746397231092939e+00 -3.676140739369806010e+00 2.156310413800769155e+00 1.185181234659801408e+00 7.463563282408795796e-02 -1.570050357283535369e+00 2.519245398867775432e+00 = 2.771600000000000000e+05 @ -3.114506483349634419e-12
-1.561544728875471133e+00 4.400020631013964234e+00 3.285294794488817338e+00 -2.132746400990045643e+00 -3.676140808792399017e+00 2.156310393933746017e+00 1.185181317962220593e+00 7.463561204120917891e-02 -1.570050326051361411e+00 2.519245419735725466e+00 = 2.771600000000000000e+05 @ -1.557259167868091066e-12
-1.561544646628466593e+00 4.400020608346863149e+00 3.285294719614126890e+00 -2.132746306927403968e+00 -3.676140680169806885e+00 2.156310451516035620e+00 1.185181270913596929e+00 7.463567184564430523e-02 -1.570050331772518515e+00 2.519245437400730481e+00 = 2.853030000000000000e+05 @ -3.114452134743928251e-12
-1.561544714806681000e+00 4.400020696011943677e+00 3.285294889584782219e+00 -2.132746455982702294e+00 -3.676140690108453679e+00 2.156310373649099166e+00 1.185181274423410924e+00 7.463555831597004642e-02 -1.570050331384514886e+00 2.519245431100029631e+00 = 2.853030000000000000e+05 @ -3.114443536609678029e-12
-1.561544717357106871e+00 4.400020612901592187e+00 3.285294861588188287e+00 -2.132746366695969620e+00 -3.676140683306407642e+00 2.156310445643165874e+00 1.185181245439185460e+00 7.463564890502513705e-02 -1.570050334476087661e+00 2.519245462736247720e+00 = 2.853030000000000000e+05 @ -1.557243615465238126e-12
-1.561544732655662626e+00 4.400020634810993592e+00 3.285294917824589156e+00 -2.132746326631946854e+00 -3.676140639666481302e+00 2.156310420449148779e+00 1.185181244589218030e+00 7.463559114804325934e-02 -1.570050328421934260e+00 2.519245371513330056e+00 = 2.853030000000000000e+05 @ -1.557234904141136173e-12
-1.561544769965355739e+00 4.400020569218436428e+00 3.285294911088288305e+00 -2.132746321613999907e+00 -3.676140591728616069e+00 2.156310385991955236e+00 1.185181300582267117e+00 7.463572094778010702e-02 -1.570050299627531398e+00 2.519245377114144979e+00 = 2.853030000000000000e+05 @ -1.557225652515777879e-12
-1.561544679836940119e+00 4.400020628942058032e+00 3.285294857854935024e+00 -2.132746391173629519e+00 -3.676140707545809683e+00 2.156310434631399708e+00 1.185181296802035655e+00 7.463566342983546376e-02 -1.570050324329271829e+00 2.519245387367350375e+00 = 3.019670000000000000e+05 @ -1.557249871163506413e-12
-1.561544686902401446e+00 4.400020719097211597e+00 3.285294902235204262e+00 -2.132746350120350520e+00 -3.676140687041065114e+00 2.156310442583841969e+00 1.185181216725585296e+00 7.463557615994802219e-02 -1.570050271890022664e+00 2.519245428351583715e+00 = 3.019670000000000000e+05 @ -1.557237834507924651e-12
-1.561544701034119020e+00 4.400020692841304815e+00 3.285294886184266350e+00 -2.132746378350624639e+00 -3.676140699282221203e+00 2.156310334827901798e+00 1.185181275022546998e+00 7.463556103873411618e-02 -1.570050330748204104e+00 2.519245345920159362e+00 = 3.019670000000000000e+05 @ -1.557232313761775512e-12
-1.561544669766724791e+00 4.400020672674563649e+00 3.285294875405108783e+00 -2.132746371308490652e+00 -3.676140789861304103e+00 2.156310409011610307e+00 1.185181311102234458e+00 7.463559559030272239e-02 -1.570050323477585996e+00 2.519245385460146647e+00 = 3.240200000000000000e+05 @ -1.557237705205407227e-12
-1.561544724935840289e+00 4.400020631036563046e+00 3.285294808535159206e+00 -2.132746368514647273e+00 -3.676140726390314750e+00 2.156310430445496529e+00 1.185181261200118685e+00 7.463562042615345948e-02 -1.570050271257955599e+00 2.519245424433406377e+00 = 3.240200000000000000e+05 @ -1.557225618197326337e-12
-1.561544740007521082e+00 4.400020622437279982e+00 3.285294856430382548e+00 -2.132746347482333604e+00 -3.676140694181315283e+00 2.156310397255304157e+00 1.185181373629914603e+00 7.463567263068779378e-02 -1.570050260062807679e+00 2.519245370164516107e+00 = 3.469550000000000000e+05 @ 0.000000000000000000e+00
-1.561544698439731871e+00 4.400020640131760530e+00 3.285294862812147887e+00 -2.132746357610795673e+00 -3.676140743469007877e+00 2.156310328238268070e+00 1.185181354525683073e+00 7.463562959437054778e-02 -1.570050356155178628e+00 2.519245378109263633e+00 = 3.550520000000000000e+05 @ -1.557238946201058064e-12
-1.561544674337723482e+00 4.400020718169559863e+00 3.285294828865059191e+00 -2.132746402340047531e+00 -3.676140704425957750e+00 2.156310319578678580e+00 1.185181252325639534e+00 7.463560019441714544e-02 -1.570050383847204412e+00 2.519245418534147074e+00 = 3.630670000000000000e+05 @ -1.557254419104299248e-12
-1.561544709413863696e+00 4.400020647940728225e+00 3.285294825246798833e+00 -2.132746303860247661e+00 -3.676140734454450776e+00 2.156310393060944630e+00 1.185181334083920124e+00 7.463557870425036045e-02 -1.570050369818968061e+00 2.519245432571060039e+00 = 3.630670000000000000e+05 @ -1.557247868793906443e-12
-1.561544678547598153e+00 4.400020648299289405e+00 3.285294841160987467e+00 -2.132746318602444457e+00 -3.676140638890472268e+00 2.156310382367553125e+00 1.185181290414633271e+00 7.463554541235557782e-02 -1.570050330593583787e+00 2.519245365868946429e+00 = 3.753000000000000000e+05 @ 0.000000000000000000e+00
-1.561544666058218178e+00 4.400020608572154934e+00 3.285294848634029652e+00 -2.132746336252981934e+00 -3.676140691487635781e+00 2.156310395965399085e+00 1.185181333419183858e+00 7.463553976953737901e-02 -1.570050292433652350e+00 2.519245432406141294e+00 = 3.793490000000000000e+05 @ -1.557228659974790715e-12
-1.561544715286551366e+00 4.400020764898751047e+00 3.285294829534820771e+00 -2.132746396871919359e+00 -3.676140726722213703e+00 2.156310428509558452e+00 1.185181281956024346e+00 7.463557728877964759e-02 -1.570050256270111078e+00 2.519245359782896543e+00 = 3.831910000000000000e+05 @ -3.114460497050860318e-12
-1.561544664584468611e+00 4.400020583863949675e+00 3.285294845678602638e+00 -2.132746406879910683e+00 -3.676140749455763856e+00 2.156310420455151089e+00 1.185181278512774883e+00 7.463554121755525128e-02 -1.570050316557833225e+00 2.519245461210050330e+00 = 3.831910000000000000e+05 @ -3.114455018498140660e-12
-1.561544705551021206e+00 4.400020693277658879e+00 3.285294778187718201e+00 -2.132746349181976253e+00 -3.676140677787009370e+00 2.156310475046422592e+00 1.185181339535043898e+00 7.463561710157272377e-02 -1.570050346503390815e+00 2.519245404806223831e+00 = 3.831910000000000000e+05 @ -1.557227033461073490e-12
-1.561544657724982299e+00 4.400020639826717428e+00 3.285294818205842571e+00 -2.132746315122903802e+00 -3.676140750348937392e+00 2.156310464090781753e+00 1.185181310526139953e+00 7.463555231120735933e-02 -1.570050333473089088e+00 2.519245472016085952e+00 = 3.872400000000000000e+05 @ 0.000000000000000000e+00
-1.561544776628005282e+00 4.400020566263735944e+00 3.285294776635406144e+00 -2.132746399935072201e+00 -3.676140647471559220e+00 2.156310405356338222e+00 1.185181282264497149e+00 7.463556350494988945e-02 -1.570050367677706893e+00 2.519245436100690849e+00 = 3.953120000000000000e+05 @ -6.991626866924791220e-13
