-1.561544709291649680e+00 4.400020679871583518e+00 3.285294864861399766e+00 -2.132746344420009876e+00 -3.676140723652704612e+00 2.156310366131814593e+00 1.185181299233199814e+00 7.463563008900878093e-02 -1.570050316853250250e+00 2.519245396320246133e+00 = 2.592000000000000000e+04 @ -3.441395594939333390e-12
-1.561544651039261655e+00 4.400020674537330478e+00 3.285294909963182963e+00 -2.132746357157795369e+00 -3.676140679292660085e+00 2.156310354646821192e+00 1.185181304957530379e+00 7.463560095508996184e-02 -1.570050303417062088e+00 2.519245354621940436e+00 = 5.575300000000000000e+04 @ -1.557247094846443040e-12
-1.561544630520566468e+00 4.400020638988753952e+00 3.285294860037686338e+00 -2.132746338028801869e+00 -3.676140712552485645e+00 2.156310418962518849e+00 1.185181322288315187e+00 7.463563466932790491e-02 -1.570050343652427349e+00 2.519245422800854950e+00 = 6.006900000000000000e+04 @ -1.557249787324745886e-12
-1.561544716825325363e+00 4.400020642163045004e+00 3.285294915898172352e+00 -2.132746324143298011e+00 -3.676140701212099682e+00 2.156310463615629391e+00 1.185181272704041611e+00 7.463560559439950948e-02 -1.570050308361640834e+00 2.519245361767461944e+00 = 8.321000000000000000e+04 @ -3.114456390860339625e-12
-1.561544707476333338e+00 4.400020682945070760e+00 3.285294892313250337e+00 -2.132746361062695772e+00 -3.676140717713266337e+00 2.156310440270142958e+00 1.185181296746214530e+00 7.463561843212426772e-02 -1.570050378429744153e+00 2.519245398578506379e+00 = 1.036140000000000000e+05 @ -1.557233564302801226e-12
-1.561544667928337127e+00 4.400020706442303364e+00 3.285294876653972018e+00 -2.132746405577831350e+00 -3.676140741704760906e+00 2.156310378166275576e+00 1.185181332117970054e+00 7.463556289200129479e-02 -1.570050320154401824e+00 2.519245381422905439e+00 = 1.036140000000000000e+05 @ -1.557230390184773451e-12
-1.561544706301017715e+00 4.400020656101583327e+00 3.285294881563644687e+00 -2.132746385070426243e+00 -3.676140752461699357e+00 2.156310351666748559e+00 1.185181277851550030e+00 7.463557983280887098e-02 -1.570050265348033713e+00 2.519245433985248805e+00 = 1.081950000000000000e+05 @ -4.671700891377851068e-12
-3.395113002656453105e+00 -3.317307181458307053e+00 2.346836092006069574e+00 2.062943737104279140e+00 4.371514728315704090e+00 3.119865119899311257e+00 5.439719957287180163e-01 -4.743713118980939392e+00 3.612208821053293217e+00 2.474375809227117085e+00 = 1.081950000000000000e+05 @ -1.557231342545742550e-12
-1.561544700627843563e+00 4.400020650670514399e+00 3.285294802025401584e+00 -2.132746356361995499e+00 -3.676140680816758266e+00 2.156310468775059608e+00 1.185181299177042513e+00 7.463560356142663610e-02 -1.570050348210404234e+00 2.519245399123128504e+00 = 1.174750000000000000e+05 @ -8.112955512249929357e-12
-1.561544709975160039e+00 4.400020670454273031e+00 3.285294861436578451e+00 -2.132746314015605105e+00 -3.676140691623039469e+00 2.156310369409310645e+00 1.185181253790558831e+00 7.463554325367710574e-02 -1.570050277917895087e+00 2.519245389931473511e+00 = 1.174750000000000000e+05 @ -4.671676823386688751e-12
-1.561544777790917271e+00 4.400020688050847006e+00 3.285294819737158534e+00 -2.132746338998246394e+00 -3.676140721312986859e+00 2.156310387037401188e+00 1.185181276935489691e+00 7.463557049372629426e-02 -1.570050342817077116e+00 2.519245369847477267e+00 = 1.174750000000000000e+05 @ -3.114452075465295061e-12
-1.561544676115998120e+00 4.400020723579459059e+00 3.285294849747768087e+00 -2.132746320554960828e+00 -3.676140704077655919e+00 2.156310427537407204e+00 1.185181300148745676e+00 7.463566096561873031e-02 -1.570050337747575631e+00 2.519245436451797548e+00 = 1.174750000000000000e+05 @ -1.557242217945288776e-12
-1.561544710717146289e+00 4.400020679450880934e+00 3.285294894589163128e+00 -2.132746338559447175e+00 -3.676140729483060365e+00 2.156310470573000071e+00 1.185181323735203573e+00 7.463563255426289289e-02 -1.570050266970280051e+00 2.519245430922985474e+00 = 1.309860000000000000e+05 @ -1.557216169574879322e-12
-1.561544743862980145e+00 4.400020688228181598e+00 3.285294850795114296e+00 -2.132746322406550377e+00 -3.676140722487066359e+00 2.156310400852989861e+00 1.185181262922292200e+00 7.463571538588270604e-02 -1.570050318525685995e+00 2.519245417833935630e+00 = 1.608830000000000000e+05 @ -1.557222782165583413e-12
-1.561544744459119505e+00 4.400020662600850230e+00 3.285294856391691276e+00 -2.132746253129309100e+00 -3.676140722500611524e+00 2.156310385941877517e+00 1.185181270865703462e+00 7.463558641226633594e-02 -1.570050328079557689e+00 2.519245351259255195e+00 = 1.948720000000000000e+05 @ -3.114495469209948485e-12
-1.561544793459574532e+00 4.400020670056083105e+00 3.285294892635605368e+00 -2.132746294208720528e+00 -3.676140709301167320e+00 2.156310452654506715e+00 1.185181316175921262e+00 7.463561492092592176e-02 -1.570050309486258788e+00 2.519245397485335491e+00 = 2.205800000000000000e+05 @ -3.114431849581940925e-12
-1.561544762425512767e+00 4.400020709188697587e+00 3.285294809474203159e+00 -2.132746338101778161e+00 -3.676140713230048096e+00 2.156310447907241912e+00 1.185181319831724700e+00 7.463559031529348742e-02 -1.570050252395157830e+00 2.519245384482525552e+00 = 2.205800000000000000e+05 @ -1.557234403053933792e-12
-1.561544677216593957e+00 4.400020683945897737e+00 3.285294873898423784e+00 -2.132746236177142318e+00 -3.676140724336236065e+00 2.156310396175578070e+00 1.185181265656162664e+00 7.463565331720097007e-02 -1.570050285025426540e+00 2.519245447836817142e+00 = 2.246320000000000000e+05 @ 0.000000000000000000e+00
-1.561544729539106280e+00 4.400020633655208790e+00 3.285294896986817204e+00 -2.132746385221042651e+00 -3.676140716946654230e+00 2.156310433387543579e+00 1.185181337880621522e+00 7.463566055717499315e-02 -1.570050323109406731e+00 2.519245411938724200e+00 = 2.466970000000000000e+05 @ 0.000000000000000000e+00
-1.561544740473875814e+00 4.400020596729383726e+00 3.285294876194238878e+00 -2.132746373437444110e+00 -3.676140697271934155e+00 2.156310357578152370e+00 1.185181323998635072e+00 7.463566074583871668e-02 -1.570050372810994466e+00 2.519245441298210153e+00 = 2.558060000000000000e+05 @ -1.557263706373333608e-12
-1.561544772968202599e+00 4.400020627622509117e+00 3.285294863233305662e+00 -2.132746395985973820e+00 -3.676140702228444912e+00 2.156310385155431053e+00 1.185181260715140628e+00 7.463560582096197271e-02 -1.570050319912322356e+00 2.519245420227044452e+00 = 2.850150000000000000e+05 @ -2.040723126155507095e-12
-1.561544694440720304e+00 4.400020661244921527e+00 3.285294855272192560e+00 -2.132746375567359909e+00 -3.676140709049927846e+00 2.156310404098338296e+00 1.185181246530688570e+00 7.463556033715937343e-02 -1.570050343807495086e+00 2.519245387827196314e+00 = 2.850150000000000000e+05 @ 0.000000000000000000e+00
-1.561544710445878836e+00 4.400020644779289114e+00 3.285294860789196303e+00 -2.132746400425820532e+00 -3.676140691840502850e+00 2.156310382341774634e+00 1.185181272106786476e+00 7.463560944008021392e-02 -1.570050267404959232e+00 2.519245339872827838e+00 = 2.888520000000000000e+05 @ -1.557245646905154595e-12
-1.561544657642833345e+00 4.400020627689053221e+00 3.285294909600668500e+00 -2.132746372898748799e+00 -3.676140746371995061e+00 2.156310392666235476e+00 1.185181298846777587e+00 7.463561705576945982e-02 -1.570050349318565575e+00 2.519245348945524210e+00 = 3.179580000000000000e+05 @ -3.114448740009926089e-12
-1.561544725247490106e+00 4.400020607168237063e+00 3.285294852960189083e+00 -2.132746315333321707e+00 -3.676140655702448523e+00 2.156310418547983332e+00 1.185181239992276092e+00 7.463560844859869203e-02 -1.570050348302766574e+00 2.519245359040600540e+00 = 3.179580000000000000e+05 @ -3.114448209350397232e-12
-1.561544736070562545e+00 4.400020593117250911e+00 3.285294921128079082e+00 -2.132746412700188721e+00 -3.676140655564717807e+00 2.156310379088651974e+00 1.185181298526875260e+00 7.463560548867460842e-02 -1.570050332887866329e+00 2.519245445470091660e+00 = 3.383970000000000000e+05 @ -3.114489339363046627e-12
-1.561544724401145556e+00 4.400020724679386319e+00 3.285294903876966099e+00 -2.132746435290659104e+00 -3.676140664915253264e+00 2.156310394262134444e+00 1.185181257611013672e+00 7.463562241837250200e-02 -1.570050272788715340e+00 2.519245400055947659e+00 = 3.383970000000000000e+05 @ -1.884152500174975390e-12
-1.561544677500179112e+00 4.400020632554302757e+00 3.285294738159583172e+00 -2.132746344257797411e+00 -3.676140723810909616e+00 2.156310455540833448e+00 1.185181250167025580e+00 7.463554187587236044e-02 -1.570050308234950398e+00 2.519245405536818527e+00 = 3.383970000000000000e+05 @ -1.557238402641531232e-12
-1.561544734902196918e+00 4.400020613987988050e+00 3.285294879511037269e+00 -2.132746383608675522e+00 -3.676140588718699309e+00 2.156310328338490123e+00 1.185181281193601111e+00 7.463556168584921380e-02 -1.570050340112456810e+00 2.519245435431199276e+00 = 3.423100000000000000e+05 @ -4.998619080091105053e-12
-1.561544709474885106e+00 4.400020697672561099e+00 3.285294896309416846e+00 -2.132746303483123551e+00 -3.676140771553757070e+00 2.156310445601307357e+00 1.185181273739168484e+00 7.463564386096914471e-02 -1.570050316771821830e+00 2.519245381803483230e+00 = 3.423100000000000000e+05 @ -4.671725157550473081e-12
-1.561544705026075563e+00 4.400020647499390591e+00 3.285294906775671375e+00 -2.132746307194463231e+00 -3.676140691172564257e+00 2.156310401755773487e+00 1.185181303952703491e+00 7.463560939486331425e-02 -1.570050378188384110e+00 2.519245340941473454e+00 = 3.423100000000000000e+05 @ -3.114486612970258291e-12
-1.561544698774134599e+00 4.400020759479915000e+00 3.285294910227328558e+00 -2.132746338999347291e+00 -3.676140739133844093e+00 2.156310365052553468e+00 1.185181325603632763e+00 7.463555187029428939e-02 -1.570050331331399152e+00 2.519245323090701039e+00 = 3.423100000000000000e+05 @ -3.114469331817000376e-12
-1.561544767963913838e+00 4.400020670310452076e+00 3.285294904166327079e+00 -2.132746369657558816e+00 -3.676140662391349512e+00 2.156310416501228122e+00 1.185181249998694675e+00 7.463557809263031417e-02 -1.570050406059875669e+00 2.519245419673460606e+00 = 3.423100000000000000e+05 @ -3.114450334075811654e-12
-1.561544724673747275e+00 4.400020634939862063e+00 3.285294804054258222e+00 -2.132746346792248726e+00 -3.676140698730268053e+00 2.156310380445645603e+00 1.185181248169759893e+00 7.463563396690971186e-02 -1.570050395624936090e+00 2.519245386052263669e+00 = 3.423100000000000000e+05 @ -1.557240680339700788e-12
-1.561544689327626134e+00 4.400020679640229915e+00 3.285294923357805708e+00 -2.132746384776732729e+00 -3.676140669209820189e+00 2.156310394249889573e+00 1.185181312258448472e+00 7.463561236864384163e-02 -1.570050261744992515e+00 2.519245447192259402e+00 = 3.423100000000000000e+05 @ -1.557238988945028548e-12
1.757743581821915591e+00 1.595737203684907790e+00 -4.308931294599432249e+00 -2.485058299894130407e+00 3.613716201853743870e-01 -6.325953230242187253e-02 4.342311926817274959e+00 1.897810746369427370e+00 -2.231270017176617770e+00 -2.156429112576280893e+00 = 3.423100000000000000e+05 @ -1.557235414281187757e-12
1.757743664733156352e+00 1.595737242759146080e+00 -4.308931319662805848e+00 -2.485058290114921409e+00 3.613715886945447209e-01 -6.325959106513530383e-02 4.342311936579195120e+00 1.897810734239518737e+00 -2.231269997662135740e+00 -2.156429103359871036e+00 = 3.423100000000000000e+05 @ -1.557228513015262405e-12
-1.561544669493040161e+00 4.400020653227241674e+00 3.285294835154978887e+00 -2.132746389974836898e+00 -3.676140696967917343e+00 2.156310401835829893e+00 1.185181322289652339e+00 7.463559029885631635e-02 -1.570050277507910375e+00 2.519245434028403174e+00 = 3.463720000000000000e+05 @ -3.114460495710197243e-12
4.141256937276384775e+00 2.477011786848944297e+00 2.669820143586020933e+00 -4.522347960729705463e+00 3.639003845631897605e+00 1.853559767155154026e+00 -4.341979581140188671e+00 6.109914418542667924e-01 4.009883349467654234e+00 -3.297228332456467736e+00 = 3.463720000000000000e+05 @ -1.557236571303262168e-12
1.757743594428653466e+00 1.595737288329803993e+00 -4.308931332862731445e+00 -2.485058319566807672e+00 3.613716021109504850e-01 -6.325955576822686610e-02 4.342311933136896229e+00 1.897810722675749906e+00 -2.231270002185443690e+00 -2.156429144729693714e+00 = 3.587770000000000000e+05 @ -3.441398195943954226e-12
-1.561544722349652137e+00 4.400020634773292194e+00 3.285294836212034220e+00 -2.132746400220843164e+00 -3.676140663180505364e+00 2.156310372773883266e+00 1.185181318920455862e+00 7.463559446105302864e-02 -1.570050364361364803e+00 2.519245385351454924e+00 = 3.627730000000000000e+05 @ -3.114493463958747520e-12
-1.561544750336139931e+00 4.400020636150182796e+00 3.285294857205269370e+00 -2.132746400089300387e+00 -3.676140744070797606e+00 2.156310328164372514e+00 1.185181301777475049e+00 7.463556293838173594e-02 -1.570050368188345313e+00 2.519245410184292489e+00 = 3.627730000000000000e+05 @ -3.114463787006372906e-12
-1.561544747788531140e+00 4.400020614113227424e+00 3.285294883665014432e+00 -2.132746288808985202e+00 -3.676140664565969995e+00 2.156310421094731922e+00 1.185181309617405754e+00 7.463554524692808667e-02 -1.570050256718531489e+00 2.519245431824396864e+00 = 3.627730000000000000e+05 @ -3.114458704419146280e-12
-1.561544685750910988e+00 4.400020637122546319e+00 3.285294887614349069e+00 -2.132746393209724811e+00 -3.676140739842936433e+00 2.156310405364870952e+00 1.185181242431398552e+00 7.463565977715265476e-02 -1.570050306132439566e+00 2.519245436559710782e+00 = 3.627730000000000000e+05 @ -3.114450114278965793e-12
-1.561544732840812744e+00 4.400020661584487236e+00 3.285294864437124929e+00 -2.132746376210557404e+00 -3.676140646116703881e+00 2.156310403201076920e+00 1.185181274147303343e+00 7.463567362383106973e-02 -1.570050306462068113e+00 2.519245411400662160e+00 = 3.627730000000000000e+05 @ -1.557243330872614437e-12
-1.561544688058066788e+00 4.400020736174773184e+00 3.285294836742243874e+00 -2.132746368362791856e+00 -3.676140700029015385e+00 2.156310439685654945e+00 1.185181262040086336e+00 7.463558025494682058e-02 -1.570050366665333152e+00 2.519245425831251772e+00 = 3.627730000000000000e+05 @ -1.557242373319867226e-12
-1.561544648375986499e+00 4.400020710348641728e+00 3.285294854148943067e+00 -2.132746438673565059e+00 -3.676140725290781841e+00 2.156310428077502728e+00 1.185181258166509322e+00 7.463556344043724422e-02 -1.570050379782189864e+00 2.519245382446856141e+00 = 3.627730000000000000e+05 @ -1.557239461643744099e-12
-1.561544699277385817e+00 4.400020658620240610e+00 3.285294852010399502e+00 -2.132746436332056295e+00 -3.676140695017055648e+00 2.156310459358557807e+00 1.185181261171664113e+00 7.463556936078202808e-02 -1.570050410882910752e+00 2.519245444533578127e+00 = 3.627730000000000000e+05 @ -1.557239084061932851e-12
-1.561544776716845551e+00 4.400020642102821178e+00 3.285294864603015785e+00 -2.132746426758943326e+00 -3.676140634450442146e+00 2.156310431719009824e+00 1.185181166944098585e+00 7.463558259859034982e-02 -1.570050402397970668e+00 2.519245420554975468e+00 = 3.627730000000000000e+05 @ -1.557237761064143762e-12
-1.561544685779773900e+00 4.400020672900457619e+00 3.285294838748364032e+00 -2.132746327567832889e+00 -3.676140647671631179e+00 2.156310360292013506e+00 1.185181250347505433e+00 7.463560417191643370e-02 -1.570050326624301551e+00 2.519245351919780607e+00 = 3.669100000000000000e+05 @ -7.505184432568683081e-13
-1.561544741612199472e+00 4.400020703669792255e+00 3.285294836494636161e+00 -2.132746353196502298e+00 -3.676140682630298251e+00 2.156310283622558721e+00 1.185181247008838090e+00 7.463565062927615679e-02 -1.570050372049035747e+00 2.519245370257223726e+00 = 3.750510000000000000e+05 @ -1.557244733840964788e-12
-1.561544719435693063e+00 4.400020676295353539e+00 3.285294830015886625e+00 -2.132746423482117404e+00 -3.676140735213514255e+00 2.156310414774479156e+00 1.185181266176070336e+00 7.463563196121876520e-02 -1.570050355131655140e+00 2.519245438768586531e+00 = 3.789740000000000000e+05 @ -1.557245892470426016e-12
-1.561544724622009550e+00 4.400020639423487978e+00 3.285294821996252779e+00 -2.132746366881054456e+00 -3.676140779668364278e+00 2.156310414798839226e+00 1.185181290255088005e+00 7.463560517234822667e-02 -1.570050339734898159e+00 2.519245391822800606e+00 = 3.789740000000000000e+05 @ -1.557242767581842169e-12
-1.561544721196408636e+00 4.400020581777749129e+00 3.285294883061313342e+00 -2.132746370796121838e+00 -3.676140760828789489e+00 2.156310392677401655e+00 1.185181274443325217e+00 7.463565270795409490e-02 -1.570050316327640472e+00 2.519245365382803747e+00 = 3.829350000000000000e+05 @ -1.557230921286410958e-12
-1.561544695927261417e+00 4.400020627906206627e+00 3.285294838314625210e+00 -2.132746292924903919e+00 -3.676140708228240683e+00 2.156310412330096238e+00 1.185181321132459553e+00 7.463558808277589995e-02 -1.570050287616000073e+00 2.519245390826535314e+00 = 3.868200000000000000e+05 @ -1.557253838931013824e-12
-1.561544672019416380e+00 4.400020711255453243e+00 3.285294803138196773e+00 -2.132746313062904520e+00 -3.676140756555048128e+00 2.156310427166916011e+00 1.185181274762219683e+00 7.463560587488453357e-02 -1.570050326659897744e+00 2.519245389109100675e+00 = 3.868200000000000000e+05 @ -1.557238448611732691e-12
-1.561544761832998285e+00 4.400020676526624541e+00 3.285294825242198957e+00 -2.132746355493760682e+00 -3.676140757688181715e+00 2.156310301892335524e+00 1.185181324566654704e+00 7.463561381337378842e-02 -1.570050301270108140e+00 2.519245458507592961e+00 = 3.950480000000000000e+05 @ 0.000000000000000000e+00
