-1.561544682898382108e+00 4.400020647180935995e+00 3.285294859897285757e+00 -2.132746348382495771e+00 -3.676140710048905191e+00 2.156310436087457649e+00 1.185181304016834858e+00 7.463560108256238335e-02 -1.570050332112937097e+00 2.519245401512017590e+00 = 9.108000000000000000e+03 @ -4.998607966664575977e-12
-1.561544679247130363e+00 4.400020640081386603e+00 3.285294869072647561e+00 -2.132746327517140550e+00 -3.676140749278816511e+00 2.156310355598053619e+00 1.185181268290600665e+00 7.463560644924371879e-02 -1.570050302984195456e+00 2.519245392562139418e+00 = 4.866100000000000000e+04 @ -7.786101289443809866e-12
-1.561544719000870662e+00 4.400020688936812086e+00 3.285294825373338501e+00 -2.132746349275298936e+00 -3.676140665207966673e+00 2.156310381691239009e+00 1.185181268478311400e+00 7.463557234941715912e-02 -1.570050311930550224e+00 2.519245333503174145e+00 = 4.866100000000000000e+04 @ -3.114476951657291627e-12
-1.561544724022717379e+00 4.400020694346640227e+00 3.285294851171100206e+00 -2.132746353904326764e+00 -3.676140775115491532e+00 2.156310421867698945e+00 1.185181271597250063e+00 7.463561500600793264e-02 -1.570050316930263534e+00 2.519245385447951957e+00 = 4.866100000000000000e+04 @ -3.114468800522357156e-12
-1.561544700937984809e+00 4.400020705831217072e+00 3.285294799300567448e+00 -2.132746390329888442e+00 -3.676140696213051839e+00 2.156310403973249912e+00 1.185181292093540062e+00 7.463561110706966317e-02 -1.570050309571940472e+00 2.519245409211098963e+00 = 4.866100000000000000e+04 @ -1.557243787569444298e-12
-3.395113028473909722e+00 -3.317307200145106272e+00 2.346836077945793964e+00 2.062943754232664961e+00 4.371514732633650979e+00 3.119865115468703376e+00 5.439719756442084053e-01 -4.743713135774251910e+00 3.612208792702517268e+00 2.474375822966198069e+00 = 6.283600000000000000e+04 @ -3.114496122072492188e-12
-1.561544731830335264e+00 4.400020622088258726e+00 3.285294913402872385e+00 -2.132746399986432895e+00 -3.676140721726528948e+00 2.156310411527608828e+00 1.185181314709097933e+00 7.463563544674793604e-02 -1.570050328676476648e+00 2.519245412794046679e+00 = 6.283600000000000000e+04 @ -1.557245211875521164e-12
-1.561544746262034211e+00 4.400020629121055293e+00 3.285294825642983696e+00 -2.132746385622423357e+00 -3.676140697097091792e+00 2.156310340105745738e+00 1.185181331725478238e+00 7.463560016931451713e-02 -1.570050310688829498e+00 2.519245417448324087e+00 = 6.707300000000000000e+04 @ -3.441421081063332346e-12
-1.561544694110633680e+00 4.400020634988237589e+00 3.285294875698306249e+00 -2.132746329335601487e+00 -3.676140787257765830e+00 2.156310391102903345e+00 1.185181377611462805e+00 7.463559060445541793e-02 -1.570050383581922171e+00 2.519245366743705361e+00 = 6.707300000000000000e+04 @ -3.114500561244389134e-12
-1.561544735646765103e+00 4.400020622236988643e+00 3.285294848422994018e+00 -2.132746408998610121e+00 -3.676140717992331997e+00 2.156310362552533721e+00 1.185181229525524627e+00 7.463552411023760547e-02 -1.570050334778330114e+00 2.519245387769032618e+00 = 6.707300000000000000e+04 @ -3.114469488720114691e-12
-1.561544697389829706e+00 4.400020677824160842e+00 3.285294817248484822e+00 -2.132746370402388347e+00 -3.676140756270316778e+00 2.156310445857018809e+00 1.185181215747442618e+00 7.463556469438246965e-02 -1.570050356551743853e+00 2.519245364772648710e+00 = 1.015420000000000000e+05 @ -3.114470474791455598e-12
-1.561544678598082436e+00 4.400020614694460264e+00 3.285294803518755469e+00 -2.132746412748663722e+00 -3.676140752540610013e+00 2.156310387310396592e+00 1.185181244685369339e+00 7.463559843104375369e-02 -1.570050337517192363e+00 2.519245387910068246e+00 = 1.015420000000000000e+05 @ -3.114452985439947912e-12
-1.561544650142862478e+00 4.400020685217230998e+00 3.285294810396793164e+00 -2.132746360718701606e+00 -3.676140782380173722e+00 2.156310408807769363e+00 1.185181284287323944e+00 7.463554919852273539e-02 -1.570050306156041575e+00 2.519245341353469225e+00 = 1.397280000000000000e+05 @ -4.998597150513412686e-12
-1.561544689866040780e+00 4.400020655260225233e+00 3.285294839914740805e+00 -2.132746309693789755e+00 -3.676140823813903058e+00 2.156310346074054252e+00 1.185181280012573390e+00 7.463558070343900841e-02 -1.570050354777752455e+00 2.519245320400040455e+00 = 1.397280000000000000e+05 @ -3.114487997033091002e-12
-1.561544724251764826e+00 4.400020662984017505e+00 3.285294863235485696e+00 -2.132746292880480343e+00 -3.676140807301079505e+00 2.156310460835687337e+00 1.185181264380373634e+00 7.463563654291535676e-02 -1.570050387545780080e+00 2.519245341373826719e+00 = 1.397280000000000000e+05 @ -3.114468711026946648e-12
-1.561544749874862692e+00 4.400020646556185078e+00 3.285294856861330715e+00 -2.132746397788922721e+00 -3.676140727610548442e+00 2.156310427278965047e+00 1.185181264054999684e+00 7.463561294575928040e-02 -1.570050377146235743e+00 2.519245381782668769e+00 = 1.614390000000000000e+05 @ -3.441388311591219288e-12
-1.561544675511610025e+00 4.400020667266609564e+00 3.285294889147906794e+00 -2.132746299284228986e+00 -3.676140683275223697e+00 2.156310347114130277e+00 1.185181310666652665e+00 7.463559735341271373e-02 -1.570050327183462935e+00 2.519245429663160341e+00 = 1.614390000000000000e+05 @ -3.114487802743676033e-12
-1.561544724699793552e+00 4.400020668874425667e+00 3.285294909281308851e+00 -2.132746375085030177e+00 -3.676140685184064338e+00 2.156310394933687480e+00 1.185181255162958580e+00 7.463558662778452257e-02 -1.570050310542678851e+00 2.519245384371468610e+00 = 1.614390000000000000e+05 @ -1.884161482677072923e-12
-1.561544721134794145e+00 4.400020685772091156e+00 3.285294824249268331e+00 -2.132746355683711847e+00 -3.676140727905340633e+00 2.156310390666573262e+00 1.185181281091415739e+00 7.463567079843796970e-02 -1.570050351681187228e+00 2.519245439580407808e+00 = 1.708180000000000000e+05 @ -1.557241388470993444e-12
-1.561544703813582347e+00 4.400020669138283935e+00 3.285294871549613749e+00 -2.132746374957676494e+00 -3.676140679545148338e+00 2.156310477050306318e+00 1.185181260221606525e+00 7.463560733548442461e-02 -1.570050419842295319e+00 2.519245425074872813e+00 = 1.969920000000000000e+05 @ -1.557252696413519546e-12
-1.561544711716129630e+00 4.400020586269593359e+00 3.285294827695711906e+00 -2.132746393458213152e+00 -3.676140700174641118e+00 2.156310397223087705e+00 1.185181255853305249e+00 7.463564172348975678e-02 -1.570050305640277255e+00 2.519245439685270593e+00 = 1.969920000000000000e+05 @ -1.557251489535897984e-12
-1.561544676850000757e+00 4.400020642240405344e+00 3.285294758981094798e+00 -2.132746377271082405e+00 -3.676140705138071674e+00 2.156310353039732952e+00 1.185181344781860879e+00 7.463557241180349133e-02 -1.570050300973853119e+00 2.519245377607285175e+00 = 1.969920000000000000e+05 @ -1.557237398177412988e-12
1.757743602258788007e+00 1.595737237680844967e+00 -4.308931285777261699e+00 -2.485058293143702191e+00 3.613715947152962293e-01 -6.325955269863832442e-02 4.342311901863778800e+00 1.897810735837871965e+00 -2.231270022028702282e+00 -2.156429164869980042e+00 = 2.050350000000000000e+05 @ -4.671682067574482973e-12
1.757743601939271816e+00 1.595737257839082268e+00 -4.308931341972242812e+00 -2.485058367611999497e+00 3.613716330659224596e-01 -6.325950866058344113e-02 4.342311959369020258e+00 1.897810721571593584e+00 -2.231270022057880276e+00 -2.156429151102013719e+00 = 2.050350000000000000e+05 @ -3.114465442959959061e-12
1.757743562334383114e+00 1.595737251464483641e+00 -4.308931284172019538e+00 -2.485058357454085876e+00 3.613716099678022098e-01 -6.325951344611333016e-02 4.342311967648543991e+00 1.897810752653187327e+00 -2.231270072356987821e+00 -2.156429120203140481e+00 = 2.050350000000000000e+05 @ -3.114452284872481817e-12
1.757743652868074102e+00 1.595737284976380232e+00 -4.308931337041118859e+00 -2.485058329484600481e+00 3.613715844709335379e-01 -6.325957467514346788e-02 4.342311964416661674e+00 1.897810773675013607e+00 -2.231270011176785584e+00 -2.156429159338584700e+00 = 2.050350000000000000e+05 @ -3.114447238768502818e-12
-1.561544653445420261e+00 4.400020657448658667e+00 3.285294845682416920e+00 -2.132746397217527345e+00 -3.676140730955457236e+00 2.156310426614016063e+00 1.185181311198214349e+00 7.463566890810544030e-02 -1.570050365952789129e+00 2.519245383638912372e+00 = 2.050350000000000000e+05 @ -1.557247031203146515e-12
-1.561544706786144765e+00 4.400020620155772555e+00 3.285294870220764718e+00 -2.132746430685633410e+00 -3.676140684042588536e+00 2.156310396568229315e+00 1.185181293939376213e+00 7.463570406463604368e-02 -1.570050347105483857e+00 2.519245417345778115e+00 = 2.280140000000000000e+05 @ -3.114499309412353397e-12
-1.561544710020261073e+00 4.400020726883495215e+00 3.285294848138888391e+00 -2.132746342855119881e+00 -3.676140730288574243e+00 2.156310350951838206e+00 1.185181372493510521e+00 7.463562700575930575e-02 -1.570050305989765693e+00 2.519245406530572051e+00 = 2.362480000000000000e+05 @ -3.441429855900906281e-12
-1.561544711608578107e+00 4.400020680588845323e+00 3.285294912920883270e+00 -2.132746319654173828e+00 -3.676140708725040174e+00 2.156310387098764991e+00 1.185181359726154238e+00 7.463561783687897022e-02 -1.570050307655452393e+00 2.519245343321981689e+00 = 2.545640000000000000e+05 @ -3.441400094454641672e-12
-1.561544635720942820e+00 4.400020692389642107e+00 3.285294884964793383e+00 -2.132746391498055338e+00 -3.676140768721962271e+00 2.156310326526952537e+00 1.185181306673993351e+00 7.463566734826877769e-02 -1.570050309394289467e+00 2.519245375616144145e+00 = 2.545640000000000000e+05 @ -1.557229918302379747e-12
-1.561544737392253968e+00 4.400020667246501205e+00 3.285294878157645204e+00 -2.132746341842132853e+00 -3.676140650841095869e+00 2.156310432730777826e+00 1.185181271764663702e+00 7.463566205747412807e-02 -1.570050335497120253e+00 2.519245388083356296e+00 = 2.678620000000000000e+05 @ -1.557252074174725417e-12
-1.561544730811163406e+00 4.400020672121097043e+00 3.285294764460127581e+00 -2.132746352388744882e+00 -3.676140659486452744e+00 2.156310446606808373e+00 1.185181236154490669e+00 7.463553048822636760e-02 -1.570050355173804535e+00 2.519245457323822990e+00 = 2.756070000000000000e+05 @ -1.884149679961352996e-12
-1.561544688077203924e+00 4.400020694214799022e+00 3.285294761163306099e+00 -2.132746336256226449e+00 -3.676140608534220977e+00 2.156310410818584877e+00 1.185181177332162550e+00 7.463556909134833051e-02 -1.570050409229896804e+00 2.519245414072430300e+00 = 2.879280000000000000e+05 @ 0.000000000000000000e+00
-1.561544706055722376e+00 4.400020680587512167e+00 3.285294820334894172e+00 -2.132746344716378584e+00 -3.676140628196509663e+00 2.156310435191924668e+00 1.185181239614624182e+00 7.463549007036821004e-02 -1.570050446727349280e+00 2.519245459468038906e+00 = 3.086170000000000000e+05 @ -7.786144084390996954e-12
4.141256945644299137e+00 2.477011820670710573e+00 2.669820126543763106e+00 -4.522347962954864187e+00 3.639003831705336811e+00 1.853559768490309567e+00 -4.341979575722476170e+00 6.109914510195006976e-01 4.009883359201052322e+00 -3.297228342127390910e+00 = 3.086170000000000000e+05 @ -7.786083830640429957e-12
-1.561544691465543089e+00 4.400020656712410272e+00 3.285294874787023200e+00 -2.132746427354301755e+00 -3.676140698988303868e+00 2.156310379582906833e+00 1.185181308497555763e+00 7.463560544674729957e-02 -1.570050348878537116e+00 2.519245360946708256e+00 = 3.086170000000000000e+05 @ -4.671700645457673726e-12
-1.561544661916512533e+00 4.400020717195650910e+00 3.285294861369787434e+00 -2.132746342079800073e+00 -3.676140709310355525e+00 2.156310412310578517e+00 1.185181260213001853e+00 7.463553797077526752e-02 -1.570050266609071432e+00 2.519245390531119622e+00 = 3.128520000000000000e+05 @ -1.557224006585761207e-12
-1.561544745735411466e+00 4.400020695593871878e+00 3.285294874687738176e+00 -2.132746354011332279e+00 -3.676140720597441902e+00 2.156310477915261536e+00 1.185181309122764093e+00 7.463563975720309551e-02 -1.570050356304404593e+00 2.519245408523178575e+00 = 3.168390000000000000e+05 @ -3.114470373720206968e-12
-1.561544745096948406e+00 4.400020667667244645e+00 3.285294932165095716e+00 -2.132746385085236618e+00 -3.676140663669071440e+00 2.156310471131921869e+00 1.185181310155715373e+00 7.463559633431982032e-02 -1.570050350202377709e+00 2.519245401072215618e+00 = 3.168390000000000000e+05 @ -1.557248067150944310e-12
-1.561544712240940047e+00 4.400020645798660368e+00 3.285294871444685683e+00 -2.132746346773287893e+00 -3.676140759405698955e+00 2.156310373722370777e+00 1.185181275728799832e+00 7.463556995707029684e-02 -1.570050223191085559e+00 2.519245461179148382e+00 = 3.168390000000000000e+05 @ -1.557244509942789227e-12
-1.561544653385873893e+00 4.400020700957354869e+00 3.285294860185579591e+00 -2.132746389226503503e+00 -3.676140714157232203e+00 2.156310343482321201e+00 1.185181307954984442e+00 7.463555320541563620e-02 -1.570050243900313003e+00 2.519245326653330785e+00 = 3.466010000000000000e+05 @ -3.114440225972380228e-12
-1.561544707393056397e+00 4.400020698127666385e+00 3.285294872885711204e+00 -2.132746313508566693e+00 -3.676140713231894175e+00 2.156310392410730969e+00 1.185181304229658394e+00 7.463565540414980604e-02 -1.570050267601746041e+00 2.519245390683477748e+00 = 3.466010000000000000e+05 @ -1.557232179813917993e-12
-1.561544699822396964e+00 4.400020646856218853e+00 3.285294865765167494e+00 -2.132746340884855041e+00 -3.676140713366007340e+00 2.156310438344477554e+00 1.185181307259361772e+00 7.463572027764166228e-02 -1.570050309502435848e+00 2.519245409430516780e+00 = 3.506930000000000000e+05 @ -2.259365153339791324e-12
-1.561544714891289098e+00 4.400020726107682023e+00 3.285294915437510621e+00 -2.132746317080713272e+00 -3.676140721309031800e+00 2.156310469876438596e+00 1.185181259551475463e+00 7.463568851346985555e-02 -1.570050326031766419e+00 2.519245397463135472e+00 = 3.506930000000000000e+05 @ -2.040719914468153647e-12
-1.561544726623410151e+00 4.400020618359032909e+00 3.285294844416266180e+00 -2.132746256505637206e+00 -3.676140700805471617e+00 2.156310382377011781e+00 1.185181265527823102e+00 7.463565927288855206e-02 -1.570050283471683628e+00 2.519245387030299099e+00 = 3.506930000000000000e+05 @ -1.822092491103724810e-12
-1.561544733639875338e+00 4.400020668761259302e+00 3.285294967968331648e+00 -2.132746400198941128e+00 -3.676140701092601493e+00 2.156310361480826998e+00 1.185181312841215862e+00 7.463571015285863641e-02 -1.570050287180345006e+00 2.519245421369430638e+00 = 3.506930000000000000e+05 @ 0.000000000000000000e+00
-1.561544764102064775e+00 4.400020660876929668e+00 3.285294882838601715e+00 -2.132746305817069921e+00 -3.676140765580455216e+00 2.156310416969714705e+00 1.185181300296118012e+00 7.463561299665609494e-02 -1.570050332037375540e+00 2.519245454628232128e+00 = 3.545840000000000000e+05 @ -3.114475305343055619e-12
-1.561544681865711937e+00 4.400020644454929908e+00 3.285294884322188302e+00 -2.132746354974281999e+00 -3.676140760231625393e+00 2.156310372140338938e+00 1.185181328280793922e+00 7.463558339186074364e-02 -1.570050360659982269e+00 2.519245440343381048e+00 = 3.545840000000000000e+05 @ -3.114458298725402188e-12
-1.561544686379177982e+00 4.400020690686009317e+00 3.285294928140105597e+00 -2.132746305235297957e+00 -3.676140735863712816e+00 2.156310411745723687e+00 1.185181313327715813e+00 7.463555892760050103e-02 -1.570050360801571454e+00 2.519245395972884438e+00 = 3.545840000000000000e+05 @ -3.114453498365059266e-12
-1.561544707663149456e+00 4.400020692249452026e+00 3.285294828587534077e+00 -2.132746355897971569e+00 -3.676140744418864070e+00 2.156310373577721151e+00 1.185181299573750513e+00 7.463559524279331225e-02 -1.570050387175601081e+00 2.519245392587138088e+00 = 3.545840000000000000e+05 @ -1.557236130489485303e-12
-1.561544687894967254e+00 4.400020655994404173e+00 3.285294816848548738e+00 -2.132746379122017366e+00 -3.676140741540292467e+00 2.156310382337957687e+00 1.185181259562191336e+00 7.463558982527572494e-02 -1.570050332399646198e+00 2.519245473671678504e+00 = 3.545840000000000000e+05 @ -1.557228240804550814e-12
-1.561544629638716541e+00 4.400020679897266085e+00 3.285294802341352849e+00 -2.132746338800500130e+00 -3.676140678969134878e+00 2.156310350348072724e+00 1.185181301305342938e+00 7.463560973080055061e-02 -1.570050327213371011e+00 2.519245362966393120e+00 = 3.626740000000000000e+05 @ -1.557249362508077218e-12
-1.561544702362556603e+00 4.400020679697211001e+00 3.285294855414207404e+00 -2.132746379016647431e+00 -3.676140703417397404e+00 2.156310330918963292e+00 1.185181215459336856e+00 7.463558193810126973e-02 -1.570050335674601838e+00 2.519245430044178224e+00 = 3.666820000000000000e+05 @ -1.557216079196255803e-12
-1.561544713277409180e+00 4.400020626550481317e+00 3.285294810242207486e+00 -2.132746338513339168e+00 -3.676140646692443781e+00 2.156310374980680677e+00 1.185181244877986817e+00 7.463566183356465378e-02 -1.570050282269311204e+00 2.519245375217916472e+00 = 3.706690000000000000e+05 @ -4.998588714529994597e-12
-1.561544782685370780e+00 4.400020704272482597e+00 3.285294825746905012e+00 -2.132746383944382540e+00 -3.676140677862405504e+00 2.156310391163953621e+00 1.185181307214284274e+00 7.463561229132077701e-02 -1.570050385354024414e+00 2.519245441362227389e+00 = 3.706690000000000000e+05 @ -4.671687473362171901e-12
-1.561544755730098100e+00 4.400020599597194604e+00 3.285294817904583997e+00 -2.132746311670825179e+00 -3.676140630023954525e+00 2.156310407145941799e+00 1.185181320335190636e+00 7.463566031090571040e-02 -1.570050313587321167e+00 2.519245360423961078e+00 = 3.706690000000000000e+05 @ -3.114491315709892078e-12
-1.561544774785946332e+00 4.400020621488121009e+00 3.285294800467825738e+00 -2.132746314364717399e+00 -3.676140729054647061e+00 2.156310447824612453e+00 1.185181300758395784e+00 7.463563084422093763e-02 -1.570050303014838944e+00 2.519245404620334750e+00 = 3.706690000000000000e+05 @ -3.114441943411682237e-12
-1.561544758618687023e+00 4.400020613399770575e+00 3.285294868020506076e+00 -2.132746267530689632e+00 -3.676140713809052940e+00 2.156310438449518418e+00 1.185181332517419195e+00 7.463564941023814736e-02 -1.570050271354222371e+00 2.519245430219181792e+00 = 3.706690000000000000e+05 @ -3.114431031082446325e-12
-1.561544688056507146e+00 4.400020703146744872e+00 3.285294779932117493e+00 -2.132746313336104649e+00 -3.676140700884443557e+00 2.156310428584511385e+00 1.185181277053053206e+00 7.463569751598916890e-02 -1.570050313573131850e+00 2.519245407202844067e+00 = 3.706690000000000000e+05 @ -3.114429651570208006e-12
-1.561544683009857382e+00 4.400020654367803097e+00 3.285294802185951379e+00 -2.132746299080762853e+00 -3.676140720648816362e+00 2.156310475081331557e+00 1.185181309096460023e+00 7.463564906477249128e-02 -1.570050296883486407e+00 2.519245454188591804e+00 = 3.833870000000000000e+05 @ -3.114491685051155379e-12
-1.561544675907396318e+00 4.400020678962805576e+00 3.285294846325895968e+00 -2.132746331740716705e+00 -3.676140785670369393e+00 2.156310431220828772e+00 1.185181294527967166e+00 7.463566328450366161e-02 -1.570050275228689118e+00 2.519245455905724018e+00 = 3.833870000000000000e+05 @ -1.557235724863507214e-12
-1.561544723758683917e+00 4.400020705658471698e+00 3.285294896311143464e+00 -2.132746349976837319e+00 -3.676140696917455486e+00 2.156310384513405065e+00 1.185181323819892496e+00 7.463551485741554137e-02 -1.570050306421698849e+00 2.519245432593455014e+00 = 3.833870000000000000e+05 @ -1.557231820893925586e-12
-1.561544766100663839e+00 4.400020677801048663e+00 3.285294874866625747e+00 -2.132746362480062441e+00 -3.676140816627899710e+00 2.156310390517437892e+00 1.185181295984220728e+00 7.463555734143641207e-02 -1.570050276916795662e+00 2.519245432506476146e+00 = 3.873780000000000000e+05 @ -7.505247039955737740e-13
-1.561544746259052596e+00 4.400020671290203467e+00 3.285294863403826593e+00 -2.132746352729167683e+00 -3.676140685828459098e+00 2.156310396495275228e+00 1.185181307402884299e+00 7.463561231993715017e-02 -1.570050258835645529e+00 2.519245453021068393e+00 = 3.913020000000000000e+05 @ -1.557248539013374204e-12
-1.561544723847951621e+00 4.400020651792566184e+00 3.285294900984175648e+00 -2.132746371426834209e+00 -3.676140762936225936e+00 2.156310340625616995e+00 1.185181334892926763e+00 7.463550932859844278e-02 -1.570050373891545670e+00 2.519245391885916341e+00 = 3.913020000000000000e+05 @ -1.557241031150098076e-12
-1.561544716485322226e+00 4.400020649427093922e+00 3.285294822636922518e+00 -2.132746336308491308e+00 -3.676140749643032724e+00 2.156310382080169674e+00 1.185181257847434999e+00 7.463558347035485763e-02 -1.570050242973233701e+00 2.519245344039481971e+00 = 3.913020000000000000e+05 @ -1.557230208633124851e-12
-1.561544817061460533e+00 4.400020621317821679e+00 3.285294918005676301e+00 -2.132746294973334678e+00 -3.676140719410465607e+00 2.156310421217309869e+00 1.185181331874128663e+00 7.463574394027741588e-02 -1.570050287404165967e+00 2.519245468217316652e+00 = 3.952240000000000000e+05 @ -1.557253163979781547e-12
-1.561544702095003068e+00 4.400020589297107598e+00 3.285294955212946011e+00 -2.132746410643300283e+00 -3.676140689648379922e+00 2.156310361036931855e+00 1.185181305458638423e+00 7.463555451422296261e-02 -1.570050381794838135e+00 2.519245436331103427e+00 = 3.952240000000000000e+05 @ 0.000000000000000000e+00
