-7.083506405748112300e+00 5.482864206373923466e+00 4.858056878660358180e+00 = 4.517000000000000000e+03 @ 2.709093505572635877e+03
-7.708313735538331102e+00 5.482864206045253930e+00 -7.083506410203513681e+00 = 1.451900000000000000e+04 @ 2.709093505571587229e+03
5.482864206694086917e+00 -8.003210994808271916e-01 -1.425128428212564913e+00 = 2.785900000000000000e+04 @ 2.709093505572828235e+03
5.482864203869430852e+00 -7.708313735497425156e+00 -8.003210983355123487e-01 = 2.934400000000000000e+04 @ 2.709093505568347609e+03
4.858056877908841109e+00 -7.083506409134074033e+00 5.482864207288350222e+00 = 6.196700000000000000e+04 @ 2.709093505572828235e+03
-7.083506407558143536e+00 -8.003211008729635978e-01 -1.425128427939330589e+00 = 6.840800000000000000e+04 @ 2.709093505553403702e+03
-7.083506407894230250e+00 -7.083506406988541393e+00 -7.708313734573819076e+00 = 7.426600000000000000e+04 @ 2.709093505572828235e+03
5.482864206481361968e+00 -7.083506407745526978e+00 4.858056880549676215e+00 = 7.791200000000000000e+04 @ 2.709093505572828235e+03
5.482864204354583215e+00 -1.425128427863142866e+00 -8.003211003181125438e-01 = 7.925700000000000000e+04 @ 2.709093505572828235e+03
-7.083506408438184465e+00 4.858056877407507912e+00 -7.083506408525884979e+00 = 8.337000000000000000e+04 @ 2.709093505572827780e+03
-8.003211000393941621e-01 -8.003211007025794466e-01 4.858056879437900655e+00 = 1.312760000000000000e+05 @ 2.709093505572828235e+03
-7.708313734760144698e+00 -7.083506407246892955e+00 -8.003210992106389865e-01 = 1.510530000000000000e+05 @ 2.709093483731763172e+03
-7.708313735066729677e+00 -8.003211022724088242e-01 5.482864208259710992e+00 = 1.603230000000000000e+05 @ 2.709093505450028715e+03
5.482864205607963726e+00 4.858056879682893126e+00 -8.003210994215820273e-01 = 1.785350000000000000e+05 @ 2.709093505572828235e+03
-7.083506409804091852e+00 5.482864208596913258e+00 -7.708313735789841914e+00 = 1.814990000000000000e+05 @ 2.709093505569451736e+03
-1.425128426692903849e+00 5.482864207394956502e+00 -7.083506405373253934e+00 = 2.004230000000000000e+05 @ 2.709093505572828235e+03
-8.003886038001467584e-01 -1.424713666168616832e+00 -7.082664610723938381e+00 = 2.145700000000000000e+05 @ 2.709093504974758162e+03
4.858056902895106610e+00 5.482864236304362038e+00 -7.083506855648286304e+00 = 2.163630000000000000e+05 @ 2.709093505563655526e+03
5.482864205597054230e+00 -7.083506531351427604e+00 -1.425128749534603445e+00 = 2.173160000000000000e+05 @ 2.709093505572828235e+03
-1.425128428644938827e+00 -8.003211003474511864e-01 -7.083506409213377708e+00 = 2.189920000000000000e+05 @ 2.709093505572114282e+03
4.858056866357975956e+00 -7.083506640774976937e+00 -7.083506327978388306e+00 = 2.229970000000000000e+05 @ 2.709093505570798243e+03
-8.003210993160255748e-01 4.858056880468695660e+00 5.482864204322615898e+00 = 2.301660000000000000e+05 @ 2.709093505560901121e+03
-7.083506407193988608e+00 -1.425128427552822874e+00 -7.083506410052096136e+00 = 2.324120000000000000e+05 @ 2.709093505570711841e+03
-1.425128429217234594e+00 5.482864204914063677e+00 -8.003211000657662888e-01 = 2.412990000000000000e+05 @ 2.709093505572601316e+03
5.482864159976942986e+00 -7.708313925839771485e+00 5.482864421562326562e+00 = 2.453370000000000000e+05 @ 2.709093505572827780e+03
5.482864206313173838e+00 -8.003211008167778751e-01 -7.708313735944249956e+00 = 2.469060000000000000e+05 @ 2.709093505567349439e+03
-1.425128429995542456e+00 -7.083506551647460014e+00 -8.003211478667824341e-01 = 2.556990000000000000e+05 @ 2.709093505572547656e+03
-7.083506409051349983e+00 -7.083506405586082799e+00 4.858056879247806492e+00 = 2.566800000000000000e+05 @ 2.709093505572827780e+03
-7.083506686984320844e+00 -8.003212189043975577e-01 4.858056914557366213e+00 = 2.664250000000000000e+05 @ 2.709093505572828235e+03
5.482863727534041054e+00 5.482864303982687204e+00 -7.708313494953111800e+00 = 2.718260000000000000e+05 @ 2.709093505572827780e+03
4.858056867408214963e+00 5.482864250244302795e+00 -8.003209732400903276e-01 = 2.755510000000000000e+05 @ 2.709093505572827780e+03
-1.425128429686132181e+00 -7.083506408549029132e+00 -7.083506407870165056e+00 = 2.779320000000000000e+05 @ 2.709093505572242975e+03
-8.003210998619432193e-01 -1.425128427425958355e+00 -8.003211002194337009e-01 = 2.802850000000000000e+05 @ 2.709093505563204872e+03
-8.003211006114206993e-01 -7.708313733087471142e+00 5.482864206787892769e+00 = 2.833710000000000000e+05 @ 2.709093505569832359e+03
-1.425128429820744724e+00 -7.083506407641594116e+00 5.482864205649519818e+00 = 2.842680000000000000e+05 @ 2.709093505572828690e+03
5.482864136390317888e+00 5.482864255239527473e+00 -1.425128464978924869e+00 = 2.891670000000000000e+05 @ 2.709093505572089725e+03
-1.425128724011281989e+00 5.482863942906045729e+00 5.482864111496112969e+00 = 2.901480000000000000e+05 @ 2.709093505572828690e+03
-7.083506407969029084e+00 -7.083506407166852981e+00 -1.425128428021828153e+00 = 2.950820000000000000e+05 @ 2.709093505570051093e+03
-8.003211187006822325e-01 -7.708313762425344606e+00 -8.003211775605996170e-01 = 2.959510000000000000e+05 @ 2.709093505572827780e+03
-8.003209039682794845e-01 -7.708313760165012241e+00 -7.083506571146449993e+00 = 2.994570000000000000e+05 @ 2.709093505572827780e+03
-8.003213257029135885e-01 -7.083506961580904537e+00 -1.425128545098477861e+00 = 3.036860000000000000e+05 @ 2.709093505572827780e+03
-8.003208794502049139e-01 5.482864138910752416e+00 4.858056782373559201e+00 = 3.053110000000000000e+05 @ 2.709093505570875095e+03
5.482864132767915955e+00 -1.425128312161588529e+00 5.482864256726800889e+00 = 3.109450000000000000e+05 @ 2.709093505572827780e+03
4.858056879599375932e+00 5.482864209310601034e+00 5.482864205726492912e+00 = 3.124860000000000000e+05 @ 2.709093505568847377e+03
-7.083506939955347192e+00 5.482864156422399660e+00 -1.425128414574003299e+00 = 3.162160000000000000e+05 @ 2.709093505566343993e+03
-7.083507973000716440e+00 -1.425124840342258503e+00 5.482865827376683043e+00 = 3.212290000000000000e+05 @ 2.709064826177953819e+03
-8.003210995250853443e-01 5.482864207926374078e+00 -7.708313735723804072e+00 = 3.263820000000000000e+05 @ 2.709093505572827780e+03
5.482863923910556991e+00 -8.003210313391478925e-01 4.858056739248988620e+00 = 3.292910000000000000e+05 @ 2.709093505572828690e+03
-7.708313734452465482e+00 -8.003211012642577060e-01 -7.083506407725952414e+00 = 3.366000000000000000e+05 @ 2.709093505572828235e+03
4.858057547234516882e+00 -8.003193053827356573e-01 -8.003214702777059486e-01 = 3.411930000000000000e+05 @ 2.709093505572828690e+03
5.482840946629316647e+00 4.858046214403507257e+00 5.482868708817896675e+00 = 3.451140000000000000e+05 @ 2.709093505572828235e+03
-7.083506407371523927e+00 4.858056880533355937e+00 5.482864205587040018e+00 = 3.505190000000000000e+05 @ 2.709093505572827780e+03
-8.003211013523436890e-01 -1.425128429391704143e+00 5.482864206145436015e+00 = 3.638480000000000000e+05 @ 2.709093505572828235e+03
-8.003211023964615922e-01 4.858056880684822332e+00 -7.083506409015887684e+00 = 3.691130000000000000e+05 @ 2.709093505572827780e+03
4.858056878302685178e+00 -8.003210983956520197e-01 5.482864206249622008e+00 = 3.720820000000000000e+05 @ 2.709093505572827780e+03
5.482864206900698534e+00 -7.708313735926472177e+00 -7.083506406083032836e+00 = 3.837870000000000000e+05 @ 2.709093505572828235e+03
-7.083506460904156476e+00 -7.708313424853190376e+00 5.482864914655396049e+00 = 3.879320000000000000e+05 @ 2.709093505572827780e+03
-8.003211012713875583e-01 4.858056878827143876e+00 -8.003211018696473333e-01 = 3.892490000000000000e+05 @ 2.709093505572827780e+03
-7.708314068149942244e+00 5.482864059860454553e+00 -8.003211383410329116e-01 = 3.905940000000000000e+05 @ 2.709093505572828235e+03
4.858056878659967381e+00 -7.083506408094415896e+00 -8.003210989839433243e-01 = 3.931710000000000000e+05 @ 2.709093505572827780e+03
-7.708313869920934813e+00 -7.083506528753522602e+00 5.482864277029974254e+00 = 3.971480000000000000e+05 @ 2.709093505572828235e+03
4.858056874950536397e+00 -8.003210859547988942e-01 -7.083506331758790964e+00 = 3.984920000000000000e+05 @ 2.709093505572828235e+03
