-1.425128428518887658e+00 -7.083506408300062063e+00 5.482864208390351379e+00 = 6.640000000000000000e+02 @ 2.709093505564208954e+03
-7.083506404335141227e+00 5.482864206053867484e+00 4.858056878907733633e+00 = 7.328000000000000000e+03 @ 2.709093505569332592e+03
4.858056878880586460e+00 -8.003210995848368814e-01 -7.083506408378619668e+00 = 1.710000000000000000e+04 @ 2.709093505572828235e+03
-8.003210992508226207e-01 -1.425128429915952122e+00 5.482864207168345771e+00 = 5.170400000000000000e+04 @ 2.709093505572828235e+03
-7.083506410258829433e+00 -8.003210992890195108e-01 4.858056879283340734e+00 = 5.601600000000000000e+04 @ 2.709093505558540073e+03
4.858056877780287053e+00 5.482864206054578915e+00 5.482864206213494462e+00 = 5.943200000000000000e+04 @ 2.709093505572827780e+03
-8.003211007976587243e-01 -8.003211017016174100e-01 4.858056879802747474e+00 = 7.827600000000000000e+04 @ 2.709093505572827780e+03
-8.003211006341093281e-01 -1.425128429653545359e+00 -8.003211010483364252e-01 = 8.177600000000000000e+04 @ 2.709093505572827780e+03
-7.083506407332800237e+00 5.482864207074316987e+00 -1.425128425932757459e+00 = 8.871600000000000000e+04 @ 2.709093505572828235e+03
5.482864205547879344e+00 -8.003211001069927555e-01 -1.425128430830642001e+00 = 9.148800000000000000e+04 @ 2.709093505572827780e+03
-7.708313735641388220e+00 -8.003211005352667273e-01 -8.003210996057416038e-01 = 9.462400000000000000e+04 @ 2.709093505572675440e+03
-1.425128428451841511e+00 5.482864205151946280e+00 5.482864204415179188e+00 = 1.076720000000000000e+05 @ 2.709093505572828235e+03
-7.083506408064474513e+00 4.858056878049874072e+00 -8.003211007907722330e-01 = 1.093520000000000000e+05 @ 2.709093505569785066e+03
5.482864205156285031e+00 -7.708313735402688494e+00 -7.083506407943261252e+00 = 1.252280000000000000e+05 @ 2.709093505548353733e+03
-8.003211003790664524e-01 -8.003211021350717935e-01 -7.708313737960521550e+00 = 1.414120000000000000e+05 @ 2.709093505572827780e+03
5.482864205691695858e+00 -8.003211000326567737e-01 4.858056878793194144e+00 = 1.427840000000000000e+05 @ 2.709093505572827780e+03
-7.083506405494021330e+00 -7.083506408203519733e+00 -7.708313734719991928e+00 = 1.622960000000000000e+05 @ 2.709093505567383090e+03
-1.425128429536806740e+00 5.482864204617899695e+00 -7.083506406721043369e+00 = 1.653760000000000000e+05 @ 2.709093505572827780e+03
-1.425128428478071418e+00 -7.083506407706895658e+00 -7.083506407795003845e+00 = 1.772480000000000000e+05 @ 2.709093505572827780e+03
4.858056906266715380e+00 -8.003213448913790717e-01 5.482863953073332297e+00 = 1.905200000000000000e+05 @ 2.709093505572524919e+03
5.482864207230021769e+00 5.482864206152198605e+00 -1.425128428684534709e+00 = 1.958960000000000000e+05 @ 2.709093505572828690e+03
5.482864205509218714e+00 4.858056878366598497e+00 -8.003210989237067308e-01 = 1.974920000000000000e+05 @ 2.709093505572828235e+03
-1.425128343967773770e+00 -8.003209602485914509e-01 5.482864348686354639e+00 = 2.060320000000000000e+05 @ 2.709093505572751837e+03
-8.003210192837300063e-01 -7.083506272822520877e+00 4.858056842210596749e+00 = 2.086920000000000000e+05 @ 2.709093505572828235e+03
-8.003211011898052618e-01 -7.708313732665315499e+00 -8.003210999425849348e-01 = 2.158840000000000000e+05 @ 2.709093505572828235e+03
5.482864492951835089e+00 4.858056980659148039e+00 5.482864572653127766e+00 = 2.189360000000000000e+05 @ 2.709093505569483114e+03
4.858056818107842290e+00 5.482864323084525537e+00 -7.083506317719787226e+00 = 2.227720000000000000e+05 @ 2.709093505572192953e+03
5.482864148629378320e+00 -1.425128261337747837e+00 -7.083506484775034195e+00 = 2.236120000000000000e+05 @ 2.709093505492416625e+03
-7.083506373125221245e+00 -8.003212761159952393e-01 -1.425128416533090636e+00 = 2.245080000000000000e+05 @ 2.709093505572828235e+03
5.482864206482743974e+00 -7.708313736189117193e+00 -8.003211008807439297e-01 = 2.315080000000000000e+05 @ 2.709093505571737296e+03
-7.083506405971158770e+00 5.482864207350782948e+00 -7.708313739410185050e+00 = 2.422040000000000000e+05 @ 2.709093505572828235e+03
-7.083506408144203625e+00 4.858056879597301148e+00 -7.083506407824057050e+00 = 2.477200000000000000e+05 @ 2.709093505572828235e+03
-8.003210999849305063e-01 -1.425128427409963150e+00 -7.083506409252473546e+00 = 2.491760000000000000e+05 @ 2.709093505572828235e+03
-8.003210990766469468e-01 4.858056879174400322e+00 -8.003210996722853743e-01 = 2.532920000000000000e+05 @ 2.709093505572828235e+03
-8.003210995756435686e-01 -8.003210997965266582e-01 -1.425128429184626011e+00 = 2.612720000000000000e+05 @ 2.709093505572828235e+03
-7.708313735274741063e+00 -8.003211000537152620e-01 5.482864205433241267e+00 = 2.653040000000000000e+05 @ 2.709093505572827780e+03
-7.083506405091286595e+00 -7.708313735917554865e+00 5.482864207966211545e+00 = 2.665640000000000000e+05 @ 2.709093505572828235e+03
-7.708313735580416548e+00 5.482864207526996658e+00 -8.003211018615621342e-01 = 2.693080000000000000e+05 @ 2.709093505572827780e+03
-8.003210995689152840e-01 4.858056880176578218e+00 -7.083506407341688238e+00 = 2.706240000000000000e+05 @ 2.709093505572828235e+03
-7.708313736123349358e+00 -8.003211021110478995e-01 -7.083506405854653742e+00 = 2.719680000000000000e+05 @ 2.709093505572828235e+03
5.482864275220221018e+00 -7.708313817727143302e+00 5.482864057713916495e+00 = 2.743440000000000000e+05 @ 2.709093505572828235e+03
-7.083506408463954962e+00 -1.425128428323620744e+00 5.482864206091276671e+00 = 2.907240000000000000e+05 @ 2.709093505571795049e+03
5.482865733492838345e+00 -8.003212052562344025e-01 -7.708313338728718378e+00 = 2.930480000000000000e+05 @ 2.709093505571584956e+03
4.858057011666641500e+00 -7.083506393136347334e+00 -8.003210696692117931e-01 = 2.940000000000000000e+05 @ 2.709093505572010145e+03
4.858056957722599378e+00 5.482864066351750942e+00 -8.003213798119912514e-01 = 2.972200000000000000e+05 @ 2.709093505565555006e+03
-7.708313735788186349e+00 -7.083506410858558588e+00 5.482864205668547264e+00 = 3.033240000000000000e+05 @ 2.709093505572827780e+03
-8.003210998258051267e-01 4.858056876737416374e+00 5.482864205644143674e+00 = 3.187800000000000000e+05 @ 2.709093505571986498e+03
-1.425128383025750622e+00 -8.003211041402181758e-01 -7.083506395560311475e+00 = 3.214120000000000000e+05 @ 2.709093505571309834e+03
-7.708313736088696189e+00 -7.083506408550157118e+00 -8.003210994797189670e-01 = 3.223080000000000000e+05 @ 2.709093505572828235e+03
-8.003211000941053976e-01 5.482864206418329722e+00 4.858056877907694471e+00 = 3.237640000000000000e+05 @ 2.709093505572827780e+03
-7.083506436014983088e+00 -7.083506497012216130e+00 -1.425128453056821121e+00 = 3.250240000000000000e+05 @ 2.709093505568824185e+03
5.482864205877745256e+00 -1.425128430697517157e+00 5.482864206817145813e+00 = 3.272640000000000000e+05 @ 2.709093505572827780e+03
-8.003211005644469411e-01 -7.083506405688533292e+00 -1.425128429074539405e+00 = 3.313480000000000000e+05 @ 2.709093505572827780e+03
-8.003207254782555014e-01 5.482864089993881862e+00 -1.425128549718256643e+00 = 3.341760000000000000e+05 @ 2.709093505572828690e+03
-7.083506405946860873e+00 -1.425128427440662815e+00 -7.083506407895819201e+00 = 3.397480000000000000e+05 @ 2.709093505572828690e+03
-1.425128429801951979e+00 -8.003211007051759251e-01 -8.003211019781091284e-01 = 3.412880000000000000e+05 @ 2.709093505572828235e+03
-7.083506202341545155e+00 -7.708313899083970355e+00 -8.003219328943428357e-01 = 3.427440000000000000e+05 @ 2.709093505572828235e+03
-7.083506505499688188e+00 -7.083506533262516669e+00 4.858057135632152246e+00 = 3.513680000000000000e+05 @ 2.709093505572828235e+03
-7.083506409035565277e+00 -8.003211005001867884e-01 -7.708313736077803568e+00 = 3.542520000000000000e+05 @ 2.709093505572827780e+03
-1.425128453615671198e+00 5.482864270035841869e+00 -8.003210972547847302e-01 = 3.570240000000000000e+05 @ 2.709093505572828235e+03
5.482864206790152295e+00 5.482864207414133162e+00 4.858056877820823516e+00 = 3.601040000000000000e+05 @ 2.709093505572827780e+03
5.482864206544646457e+00 -7.083506409294052730e+00 4.858056879169746267e+00 = 3.615040000000000000e+05 @ 2.709093505572827780e+03
5.482864207760662190e+00 -1.425128429137489050e+00 -8.003210999622659694e-01 = 3.699040000000000000e+05 @ 2.709093505572827780e+03
5.482864209062737970e+00 -7.083506409541826976e+00 -1.425128426184750108e+00 = 3.729560000000000000e+05 @ 2.709093505572828235e+03
-8.003211000573140499e-01 -7.083506409445883278e+00 -7.708313738307237983e+00 = 3.757560000000000000e+05 @ 2.709093505572828235e+03
4.858056965200133526e+00 -7.083506323523241832e+00 5.482863550471994252e+00 = 3.879360000000000000e+05 @ 2.709093505572828235e+03
4.858056877787833017e+00 -8.003211003884355135e-01 -8.003211014580540184e-01 = 3.894480000000000000e+05 @ 2.709093505572827780e+03
-7.083506408757296313e+00 4.858056877793467621e+00 5.482864207114889865e+00 = 3.909880000000000000e+05 @ 2.709093505572828235e+03
-7.708313531973955968e+00 -7.083506160956323683e+00 -7.083506474355383276e+00 = 3.953280000000000000e+05 @ 2.709093505572828690e+03
-7.083506327309738282e+00 -1.425128477041462949e+00 -8.003216102216732519e-01 = 3.981560000000000000e+05 @ 2.709093505572827780e+03
