-1.561544729934281284e+00 4.400020681370572007e+00 3.285294851439299446e+00 -2.132746344781007775e+00 -3.676140694957878097e+00 2.156310371638806345e+00 1.185181277756864882e+00 7.463560070747844721e-02 -1.570050324572124678e+00 2.519245385352286259e+00 = 5.898900000000000000e+04 @ -1.884153501220674030e-12
1.757743598972976384e+00 1.595737272671747586e+00 -4.308931269746746118e+00 -2.485058318940297717e+00 3.613715984084188704e-01 -6.325953989885198248e-02 4.342311970528935028e+00 1.897810754543052258e+00 -2.231270027023918523e+00 -2.156429115904206384e+00 = 5.898900000000000000e+04 @ -1.557243475479043722e-12
-1.561544691764749082e+00 4.400020644891094790e+00 3.285294905956368083e+00 -2.132746324499957602e+00 -3.676140691344356615e+00 2.156310474223402274e+00 1.185181264136231372e+00 7.463558983915746792e-02 -1.570050349839594350e+00 2.519245367705595040e+00 = 7.159000000000000000e+04 @ -3.114482740199473473e-12
-1.561544700801736907e+00 4.400020677122257418e+00 3.285294835301258320e+00 -2.132746340569781296e+00 -3.676140694231694983e+00 2.156310407580188215e+00 1.185181277152185908e+00 7.463565637039613898e-02 -1.570050383137332917e+00 2.519245432961652931e+00 = 7.159000000000000000e+04 @ -3.114473588564675765e-12
-1.561544664893451895e+00 4.400020671367018466e+00 3.285294887292002475e+00 -2.132746301339957018e+00 -3.676140655909824417e+00 2.156310395070540231e+00 1.185181332204690241e+00 7.463563148617799459e-02 -1.570050332256116121e+00 2.519245389009890701e+00 = 1.262790000000000000e+05 @ -1.557242910017072192e-12
-1.561544691467150026e+00 4.400020686993782348e+00 3.285294836926285100e+00 -2.132746284939603498e+00 -3.676140704207721654e+00 2.156310479363772625e+00 1.185181306293604964e+00 7.463566105947956608e-02 -1.570050368243429695e+00 2.519245377100804539e+00 = 1.344700000000000000e+05 @ -3.114493092649643352e-12
-1.561544669464330237e+00 4.400020629702396491e+00 3.285294856217729098e+00 -2.132746395890855240e+00 -3.676140703861024317e+00 2.156310409298890729e+00 1.185181276443613818e+00 7.463560227190724206e-02 -1.570050328161334718e+00 2.519245433921501132e+00 = 1.344700000000000000e+05 @ -1.557250486609733671e-12
-3.395113030847505708e+00 -3.317307199191233735e+00 2.346836082704696125e+00 2.062943736541301476e+00 4.371514710485316257e+00 3.119865155203209728e+00 5.439719820160900943e-01 -4.743713133826011230e+00 3.612208833527759566e+00 2.474375808336113813e+00 = 1.387470000000000000e+05 @ -4.998573682842910026e-12
-1.561544643985896208e+00 4.400020664567751538e+00 3.285294803972911737e+00 -2.132746375876245271e+00 -3.676140767669553444e+00 2.156310355148878699e+00 1.185181295193905582e+00 7.463558773387322931e-02 -1.570050338330204243e+00 2.519245410692374953e+00 = 1.387470000000000000e+05 @ -4.998568933238407861e-12
-1.561544657861307916e+00 4.400020693626587764e+00 3.285294799282168832e+00 -2.132746356665274678e+00 -3.676140741600188999e+00 2.156310383459011604e+00 1.185181382024071528e+00 7.463556199893056631e-02 -1.570050343909519253e+00 2.519245330965985019e+00 = 1.387470000000000000e+05 @ -3.441369510283172142e-12
-1.561544708558217698e+00 4.400020653893578881e+00 3.285294929960378418e+00 -2.132746413284642539e+00 -3.676140705162863398e+00 2.156310392622625471e+00 1.185181297818375112e+00 7.463562801537473868e-02 -1.570050336338038477e+00 2.519245407303258855e+00 = 1.387470000000000000e+05 @ -3.114443546732307238e-12
-1.561544730732018049e+00 4.400020667995779178e+00 3.285294905374126717e+00 -2.132746337555297522e+00 -3.676140768973655160e+00 2.156310380652183945e+00 1.185181285467841406e+00 7.463554268410228787e-02 -1.570050346521477458e+00 2.519245377413385167e+00 = 1.438150000000000000e+05 @ -4.671662088479260173e-12
-1.561544659208280672e+00 4.400020624920490064e+00 3.285294894230921692e+00 -2.132746332875879336e+00 -3.676140706157470905e+00 2.156310348857767067e+00 1.185181323489091776e+00 7.463556131212578659e-02 -1.570050333759564376e+00 2.519245380383394295e+00 = 1.438150000000000000e+05 @ -3.441401502287397454e-12
-1.561544656634100470e+00 4.400020678915658401e+00 3.285294843433895995e+00 -2.132746360979106637e+00 -3.676140697300387394e+00 2.156310378778578674e+00 1.185181341753219764e+00 7.463558268860612244e-02 -1.570050272186434226e+00 2.519245433250059563e+00 = 1.438150000000000000e+05 @ -3.114457318446556291e-12
-1.561544717779003388e+00 4.400020673957008022e+00 3.285294892120895760e+00 -2.132746372755666364e+00 -3.676140696008324937e+00 2.156310376120684769e+00 1.185181288621530715e+00 7.463557920776836552e-02 -1.570050234170670800e+00 2.519245391656313782e+00 = 1.438150000000000000e+05 @ -3.114442688546171572e-12
-1.561544758089344676e+00 4.400020675940456094e+00 3.285294878799411844e+00 -2.132746386546227502e+00 -3.676140752855272975e+00 2.156310373787766022e+00 1.185181202949815660e+00 7.463560608726182988e-02 -1.570050326877414859e+00 2.519245358996105466e+00 = 1.685160000000000000e+05 @ -3.441411782264165429e-12
-1.561544677920436497e+00 4.400020653792935832e+00 3.285294822995950881e+00 -2.132746420698647061e+00 -3.676140696533627850e+00 2.156310335094638653e+00 1.185181345665806019e+00 7.463566307685172430e-02 -1.570050275900138459e+00 2.519245411909595500e+00 = 1.685160000000000000e+05 @ -1.557236758140328108e-12
-1.561544677356155653e+00 4.400020687795487717e+00 3.285294839871692574e+00 -2.132746336707992629e+00 -3.676140751697225983e+00 2.156310295480095007e+00 1.185181312226922357e+00 7.463557467661967315e-02 -1.570050258945572708e+00 2.519245357098803151e+00 = 1.728900000000000000e+05 @ -3.114449874251503985e-12
-1.561544694104461950e+00 4.400020661764668439e+00 3.285294911711592380e+00 -2.132746427284148982e+00 -3.676140676441032706e+00 2.156310371266812353e+00 1.185181210463862378e+00 7.463564231553515560e-02 -1.570050243035454152e+00 2.519245360819901247e+00 = 1.728900000000000000e+05 @ -1.557239827454510073e-12
-1.561544772910688605e+00 4.400020686650520929e+00 3.285294882076167600e+00 -2.132746345773026686e+00 -3.676140634332592416e+00 2.156310328548052269e+00 1.185181241923093820e+00 7.463558962562177879e-02 -1.570050281598981190e+00 2.519245325123213863e+00 = 1.728900000000000000e+05 @ -1.557239562138066362e-12
-1.561544698739129267e+00 4.400020667521029161e+00 3.285294824326229879e+00 -2.132746340838630683e+00 -3.676140770362645860e+00 2.156310386867358542e+00 1.185181247278053185e+00 7.463561465969432984e-02 -1.570050337798351903e+00 2.519245350956651919e+00 = 1.728900000000000000e+05 @ -1.557231800281416345e-12
-1.561544698081506866e+00 4.400020698762023841e+00 3.285294835071859598e+00 -2.132746406743236456e+00 -3.676140720403696882e+00 2.156310385787402861e+00 1.185181261878416326e+00 7.463554354840316873e-02 -1.570050360239070963e+00 2.519245410590042145e+00 = 1.728900000000000000e+05 @ -1.557228978285022427e-12
-1.561544729540066623e+00 4.400020682202435474e+00 3.285294830945632683e+00 -2.132746385799939581e+00 -3.676140765228429252e+00 2.156310402314757457e+00 1.185181321203462090e+00 7.463562929475119068e-02 -1.570050325121501666e+00 2.519245376850070439e+00 = 1.768560000000000000e+05 @ -2.040717068874646522e-12
-1.561544671872467482e+00 4.400020655368250821e+00 3.285294885061968984e+00 -2.132746424956211140e+00 -3.676140789235629480e+00 2.156310407145470176e+00 1.185181285421072594e+00 7.463554737522574978e-02 -1.570050326455832312e+00 2.519245372558279072e+00 = 2.522790000000000000e+05 @ -3.114479819131221987e-12
-1.561544635285393445e+00 4.400020719710319383e+00 3.285294798569647678e+00 -2.132746361503226495e+00 -3.676140694272958864e+00 2.156310383260862107e+00 1.185181345930820473e+00 7.463567811382830486e-02 -1.570050322181615332e+00 2.519245384929056364e+00 = 2.522790000000000000e+05 @ -1.557258353065750895e-12
-1.561544643089350481e+00 4.400020719653773504e+00 3.285294873730957743e+00 -2.132746309520964889e+00 -3.676140723548980915e+00 2.156310369111634540e+00 1.185181297286894253e+00 7.463558957878807520e-02 -1.570050292138602588e+00 2.519245364770803963e+00 = 2.522790000000000000e+05 @ -1.557242355334015090e-12
-1.561544688269770331e+00 4.400020714337810723e+00 3.285294893656871551e+00 -2.132746398688440070e+00 -3.676140702755998468e+00 2.156310464915886627e+00 1.185181331692811035e+00 7.463559491331892004e-02 -1.570050332816620209e+00 2.519245429225851485e+00 = 2.602550000000000000e+05 @ -3.114449705330461879e-12
-1.561544694667206912e+00 4.400020716538305621e+00 3.285294897553564297e+00 -2.132746302411712147e+00 -3.676140740853818034e+00 2.156310424132596992e+00 1.185181298911229586e+00 7.463562761151690261e-02 -1.570050281405579673e+00 2.519245458974180618e+00 = 2.602550000000000000e+05 @ -1.884162473284341517e-12
-1.561544772939486903e+00 4.400020643291183475e+00 3.285294821900903273e+00 -2.132746382456383927e+00 -3.676140740111844440e+00 2.156310397756725283e+00 1.185181259819169330e+00 7.463562014414711066e-02 -1.570050327139571378e+00 2.519245477646564702e+00 = 2.726270000000000000e+05 @ -1.557250638816661527e-12
-1.561544758261699695e+00 4.400020655199500474e+00 3.285294901719103322e+00 -2.132746332229344510e+00 -3.676140719156768988e+00 2.156310370825251788e+00 1.185181319007342360e+00 7.463558940847825340e-02 -1.570050320226537233e+00 2.519245469710480911e+00 = 3.098360000000000000e+05 @ -1.557256251061972908e-12
-1.561544711273902930e+00 4.400020672959911394e+00 3.285294883806567423e+00 -2.132746327411878084e+00 -3.676140788121830649e+00 2.156310419682449186e+00 1.185181363353306150e+00 7.463558310935088091e-02 -1.570050331712103064e+00 2.519245432437578813e+00 = 3.307180000000000000e+05 @ -3.114512189537054513e-12
-1.561544741504105493e+00 4.400020649369940529e+00 3.285294917034233819e+00 -2.132746308328033802e+00 -3.676140634111975558e+00 2.156310388649308241e+00 1.185181303154552168e+00 7.463563115187721309e-02 -1.570050239427389416e+00 2.519245397045141388e+00 = 3.307180000000000000e+05 @ -3.114477856270711067e-12
1.757743592222465789e+00 1.595737250317156297e+00 -4.308931285329185457e+00 -2.485058315293834141e+00 3.613715752205511333e-01 -6.325955255091930685e-02 4.342311904313601367e+00 1.897810724205000188e+00 -2.231270085830837857e+00 -2.156429080990166725e+00 = 3.307180000000000000e+05 @ -1.557239817336376639e-12
-1.561544740345033544e+00 4.400020629779545445e+00 3.285294866893382348e+00 -2.132746348775625300e+00 -3.676140672736808668e+00 2.156310425937026043e+00 1.185181319289861923e+00 7.463563629439792790e-02 -1.570050336530119495e+00 2.519245411236767485e+00 = 3.307180000000000000e+05 @ -1.557233240626220144e-12
-1.561544700137253772e+00 4.400020680236612414e+00 3.285294850294544489e+00 -2.132746377346261824e+00 -3.676140704406785531e+00 2.156310439423918091e+00 1.185181224446347770e+00 7.463566080666267366e-02 -1.570050318087532482e+00 2.519245412570452647e+00 = 3.307180000000000000e+05 @ -1.557229142346704984e-12
-1.561544709987627177e+00 4.400020622124547920e+00 3.285294849435044906e+00 -2.132746344445384246e+00 -3.676140726354851118e+00 2.156310434402761267e+00 1.185181277918512022e+00 7.463555403905307306e-02 -1.570050291060005598e+00 2.519245380416515356e+00 = 3.346970000000000000e+05 @ -4.998585428814167563e-12
-1.561544666674129500e+00 4.400020690443080085e+00 3.285294879832657777e+00 -2.132746329227552806e+00 -3.676140670625773765e+00 2.156310438523951767e+00 1.185181242933023738e+00 7.463558712345352841e-02 -1.570050327939030987e+00 2.519245441549837761e+00 = 3.346970000000000000e+05 @ -4.671719217956895314e-12
-1.561544735782665727e+00 4.400020648680320612e+00 3.285294839391981192e+00 -2.132746342197216372e+00 -3.676140650742039551e+00 2.156310452120433485e+00 1.185181222042477556e+00 7.463557774613491236e-02 -1.570050366901556194e+00 2.519245409538140024e+00 = 3.346970000000000000e+05 @ -3.114500270860924999e-12
-1.561544736097046471e+00 4.400020633015714111e+00 3.285294819923139542e+00 -2.132746316950432153e+00 -3.676140715669235171e+00 2.156310338532615667e+00 1.185181341655436649e+00 7.463558712816691088e-02 -1.570050286023544572e+00 2.519245398281100279e+00 = 3.346970000000000000e+05 @ -3.114479192954926771e-12
-1.561544727857737680e+00 4.400020774544199043e+00 3.285294855491690313e+00 -2.132746408153048723e+00 -3.676140717264285929e+00 2.156310381931638265e+00 1.185181328709270066e+00 7.463555167974830762e-02 -1.570050266596392463e+00 2.519245428053574098e+00 = 3.346970000000000000e+05 @ -3.114465664346679179e-12
-1.561544702803243867e+00 4.400020631310364472e+00 3.285294871635394021e+00 -2.132746437750821844e+00 -3.676140748799941793e+00 2.156310343596409496e+00 1.185181271125888225e+00 7.463560584384239249e-02 -1.570050344913871854e+00 2.519245405929958714e+00 = 3.346970000000000000e+05 @ -1.557244490813012745e-12
-1.561544725595323202e+00 4.400020686195721176e+00 3.285294900491884551e+00 -2.132746409393652787e+00 -3.676140806528207516e+00 2.156310378208411205e+00 1.185181244994762961e+00 7.463563035115293454e-02 -1.570050344156162403e+00 2.519245443611473956e+00 = 3.434100000000000000e+05 @ -1.557266787147280222e-12
-1.561544706399625282e+00 4.400020750967717831e+00 3.285294873161646922e+00 -2.132746414054770057e+00 -3.676140692454597847e+00 2.156310332076714964e+00 1.185181274459320200e+00 7.463558324975747005e-02 -1.570050316675202007e+00 2.519245438291592976e+00 = 3.529450000000000000e+05 @ -1.557244287713475190e-12
-1.561544731501448569e+00 4.400020653031586626e+00 3.285294831332223442e+00 -2.132746440596672954e+00 -3.676140765532369681e+00 2.156310432427961388e+00 1.185181204820263234e+00 7.463559527868615651e-02 -1.570050325736960461e+00 2.519245409622908660e+00 = 3.529450000000000000e+05 @ -1.557241393690951031e-12
-1.561544795302808319e+00 4.400020659953530533e+00 3.285294813800912372e+00 -2.132746371823521780e+00 -3.676140684590204710e+00 2.156310400188881093e+00 1.185181243494868530e+00 7.463556223168799075e-02 -1.570050313795173125e+00 2.519245359578770493e+00 = 3.529450000000000000e+05 @ -1.557236923783440248e-12
-1.561544755752043878e+00 4.400020702886259905e+00 3.285294856847528866e+00 -2.132746405367218490e+00 -3.676140637708298353e+00 2.156310405585631251e+00 1.185181259267595877e+00 7.463564618850022925e-02 -1.570050324835372324e+00 2.519245352238648206e+00 = 3.568680000000000000e+05 @ -3.441421800901663542e-12
-1.561544686402104087e+00 4.400020662498347335e+00 3.285294811425606643e+00 -2.132746415736879619e+00 -3.676140705270119380e+00 2.156310442916260506e+00 1.185181229482609622e+00 7.463555999839112387e-02 -1.570050389810449865e+00 2.519245338953374436e+00 = 3.568680000000000000e+05 @ -1.557246637184644390e-12
-1.561544717299395479e+00 4.400020680204824508e+00 3.285294767668940352e+00 -2.132746416073533879e+00 -3.676140676508145244e+00 2.156310396585996436e+00 1.185181235655651699e+00 7.463562225874159628e-02 -1.570050387785088652e+00 2.519245345363168020e+00 = 3.694970000000000000e+05 @ 0.000000000000000000e+00
-1.561544652593661375e+00 4.400020661065037864e+00 3.285294822779871282e+00 -2.132746316895659522e+00 -3.676140752704101011e+00 2.156310443920425701e+00 1.185181284511664268e+00 7.463558595511032845e-02 -1.570050334763264388e+00 2.519245394853925735e+00 = 3.835930000000000000e+05 @ -1.557235969454254659e-12
-1.561544702911175975e+00 4.400020687451159596e+00 3.285294853169585139e+00 -2.132746265357657212e+00 -3.676140716162793698e+00 2.156310435186109320e+00 1.185181366290742888e+00 7.463564554724057276e-02 -1.570050274020966974e+00 2.519245407671172110e+00 = 3.875180000000000000e+05 @ -3.114479345150232295e-12
-1.561544673637864200e+00 4.400020668834807580e+00 3.285294836416683406e+00 -2.132746384998441158e+00 -3.676140670893999207e+00 2.156310433762266054e+00 1.185181353115821956e+00 7.463565857892041910e-02 -1.570050312135836457e+00 2.519245425581801090e+00 = 3.875180000000000000e+05 @ -1.557252827980103211e-12
-1.561544696425571477e+00 4.400020734306559156e+00 3.285294852574046853e+00 -2.132746355397810767e+00 -3.676140724888470324e+00 2.156310338393685022e+00 1.185181231691925241e+00 7.463565811874010858e-02 -1.570050389684369829e+00 2.519245388385822348e+00 = 3.875180000000000000e+05 @ -1.557239566562486226e-12
-1.561544689316229917e+00 4.400020641661034126e+00 3.285294754962440056e+00 -2.132746352891783381e+00 -3.676140649941219696e+00 2.156310373160056137e+00 1.185181277766580443e+00 7.463564950292830846e-02 -1.570050303075053222e+00 2.519245390113320493e+00 = 3.875180000000000000e+05 @ -1.557230350427540315e-12
-1.561544688781322243e+00 4.400020683063339710e+00 3.285294836947225239e+00 -2.132746340611810343e+00 -3.676140662275362292e+00 2.156310439052992134e+00 1.185181308750625107e+00 7.463556753126877885e-02 -1.570050375508596163e+00 2.519245402005187984e+00 = 3.913080000000000000e+05 @ 0.000000000000000000e+00
-1.561544710884041454e+00 4.400020672138802880e+00 3.285294906325886277e+00 -2.132746357076304555e+00 -3.676140663736609415e+00 2.156310384598738583e+00 1.185181341523686926e+00 7.463558094030157963e-02 -1.570050296117561972e+00 2.519245343185440245e+00 = 3.954000000000000000e+05 @ 0.000000000000000000e+00
