-8.003211003968928594e-01 4.858056878760494968e+00 5.482864204913353134e+00 = 2.337200000000000000e+04 @ 2.709093505572828235e+03
-8.003211011263227093e-01 -7.083506407285373285e+00 -1.425128429994563017e+00 = 4.318500000000000000e+04 @ 2.709093505572827780e+03
-7.083506409372142265e+00 -1.425128428550694215e+00 -7.083506407441594099e+00 = 4.492200000000000000e+04 @ 2.709093505572828235e+03
5.482864208049496924e+00 4.858056880684523904e+00 5.482864205260950641e+00 = 5.984700000000000000e+04 @ 2.709093505572828690e+03
5.482864204344763515e+00 -8.003210994178375781e-01 -1.425128427122072550e+00 = 6.122000000000000000e+04 @ 2.709093505572827780e+03
-1.425128428207512510e+00 5.482864203408453818e+00 -7.083506409178725427e+00 = 6.500400000000000000e+04 @ 2.709093505572787308e+03
-7.708313733961785985e+00 -8.003211012307924754e-01 5.482864205560554538e+00 = 6.601300000000000000e+04 @ 2.709093505572828235e+03
-8.003211013659866646e-01 -8.003211002847472333e-01 4.858056878781320975e+00 = 7.579600000000000000e+04 @ 2.709093505572827780e+03
-1.425128426372376245e+00 -7.083506408493770223e+00 -8.003211021206073639e-01 = 8.372600000000000000e+04 @ 2.709093505572827780e+03
-7.083506407980764585e+00 -7.708313734617233237e+00 5.482864209078872619e+00 = 8.991100000000000000e+04 @ 2.709093505568182536e+03
5.482864206423907483e+00 5.482864208303345421e+00 -7.708313736166429564e+00 = 1.093160000000000000e+05 @ 2.709093505572377580e+03
5.482864207701679149e+00 -8.003211007959266654e-01 -7.708313734679924423e+00 = 1.297950000000000000e+05 @ 2.709093505572828235e+03
5.482864207253476785e+00 4.858056877765756454e+00 -8.003210995088677615e-01 = 1.313080000000000000e+05 @ 2.709093505571799142e+03
-7.083506407289655193e+00 -7.083506408637171070e+00 -1.425128427088780736e+00 = 1.403860000000000000e+05 @ 2.709093505572828235e+03
5.482864206318345701e+00 4.858056880374535424e+00 -7.083506404923236133e+00 = 1.437710000000000000e+05 @ 2.709093505572627237e+03
-8.005617518897990559e-01 -7.708282346166256183e+00 5.483083940395110822e+00 = 1.530730000000000000e+05 @ 2.709093505572312097e+03
-1.425128651560892079e+00 5.482863842067049021e+00 5.482864913164257281e+00 = 1.638850000000000000e+05 @ 2.709093505572811864e+03
5.482864207244558585e+00 -1.425128432444715543e+00 5.482864207797191192e+00 = 1.752080000000000000e+05 @ 2.709093505568855107e+03
5.482864138356228878e+00 -7.708313702752774610e+00 5.482864260016915736e+00 = 1.799820000000000000e+05 @ 2.709093505572827780e+03
-1.425128427997566893e+00 -7.083506405240237669e+00 -7.083506406769768837e+00 = 1.840430000000000000e+05 @ 2.709093505572828235e+03
-7.708313736033963082e+00 5.482864206311226063e+00 -8.003211000160874722e-01 = 1.871240000000000000e+05 @ 2.709093505556801119e+03
-8.003211010349515764e-01 -1.425128427340719650e+00 -8.003211006421214746e-01 = 2.103150000000000000e+05 @ 2.709093505572828235e+03
4.858056876902449694e+00 -7.083506407768042301e+00 -8.003210991042893907e-01 = 2.240360000000000000e+05 @ 2.709093505572827780e+03
-7.083506407054374066e+00 -1.425128427509219531e+00 -8.003211002823759079e-01 = 2.306220000000000000e+05 @ 2.709093505554659714e+03
-8.003211028355902146e-01 5.482864248262458773e+00 4.858056910412591023e+00 = 2.374220000000000000e+05 @ 2.709093505572550839e+03
-7.083506406388708321e+00 -7.708313737808849098e+00 -7.083506406795608612e+00 = 2.387340000000000000e+05 @ 2.709093505572663616e+03
-1.424839479898632577e+00 -7.993046627147823990e-01 -8.012280255512941318e-01 = 2.397150000000000000e+05 @ 2.709093505572828235e+03
4.858057059785403808e+00 -7.083506446389755240e+00 5.482864175063122403e+00 = 2.411440000000000000e+05 @ 2.709093505572828235e+03
-7.083506408149696121e+00 4.858056879218148438e+00 -8.003210977121412162e-01 = 2.489290000000000000e+05 @ 2.709093505572827780e+03
-7.083506407966291718e+00 -7.083506409481008070e+00 4.858056877826756548e+00 = 2.503300000000000000e+05 @ 2.709093505572828235e+03
-8.003211001670645919e-01 4.858056879447277154e+00 -7.083506407722730991e+00 = 2.555440000000000000e+05 @ 2.709093505572828690e+03
-1.425128428929377300e+00 -7.083506407074859013e+00 5.482864205697941529e+00 = 2.787810000000000000e+05 @ 2.709093505572828235e+03
-7.083506406631643770e+00 -7.708313733613264773e+00 -8.003211004646052507e-01 = 2.814420000000000000e+05 @ 2.709093505571639980e+03
-7.708313735696256330e+00 -7.083506407657528037e+00 5.482864206714285871e+00 = 2.851700000000000000e+05 @ 2.709031191383200621e+03
5.482864184770399163e+00 -7.083506356069322329e+00 -7.708313692920925497e+00 = 2.956150000000000000e+05 @ 2.709093505572828235e+03
-7.083506478606281576e+00 -8.003210802315765537e-01 -7.708313681106504944e+00 = 2.980190000000000000e+05 @ 2.709093505572736376e+03
-8.003211504830428646e-01 -8.003218052826096551e-01 -7.708313988342267109e+00 = 2.990280000000000000e+05 @ 2.709093505572827780e+03
-8.003210995608345257e-01 -1.425128427901451778e+00 5.482864208265055161e+00 = 3.049370000000000000e+05 @ 2.709093505572827780e+03
-8.003211011068815939e-01 4.858056879558484198e+00 -8.003211008832847861e-01 = 3.089750000000000000e+05 @ 2.709093505572827780e+03
-7.708314051542799028e+00 -7.083506389411425630e+00 -8.003204726383817968e-01 = 3.140440000000000000e+05 @ 2.709093505572828235e+03
-7.708313734433536624e+00 5.482864204074045844e+00 5.482864205037450311e+00 = 3.181050000000000000e+05 @ 2.709093505572827780e+03
-8.003211010750257426e-01 -8.003211017504778813e-01 -1.425128427429867894e+00 = 3.208780000000000000e+05 @ 2.709093505572549930e+03
-8.003209194347439270e-01 5.482864447805267716e+00 -1.425128605164184492e+00 = 3.217470000000000000e+05 @ 2.709093505572827780e+03
4.858056894899398515e+00 -8.003210915862052355e-01 -8.003210892516721131e-01 = 3.258920000000000000e+05 @ 2.709093505550877580e+03
-1.425128483584414685e+00 -8.003210598117420638e-01 -7.083506301976093766e+00 = 3.282580000000000000e+05 @ 2.709090067581607855e+03
5.482864156315371496e+00 -7.083506446610043916e+00 4.858056924467605953e+00 = 3.373550000000000000e+05 @ 2.709093505572828235e+03
-7.708313734315039412e+00 5.482864207526376710e+00 -7.083506408123712461e+00 = 3.388120000000000000e+05 @ 2.709093505572828235e+03
4.858056846978300314e+00 5.482864352415695031e+00 5.482864107933058229e+00 = 3.415010000000000000e+05 @ 2.709093505572828235e+03
-7.708313735890682139e+00 -8.003211023503892241e-01 -8.003211023712362149e-01 = 3.427620000000000000e+05 @ 2.709093505572828235e+03
-7.083506479862835548e+00 4.858056959660649987e+00 5.482864250268445261e+00 = 3.443310000000000000e+05 @ 2.709093505572828690e+03
4.858056799933626380e+00 5.482864463546507139e+00 -7.083506138771626937e+00 = 3.457040000000000000e+05 @ 2.709093505572828235e+03
-7.083506407582442321e+00 -8.003211016857453286e-01 -1.425128426881025145e+00 = 3.470210000000000000e+05 @ 2.709093505572827780e+03
-8.003211011769923999e-01 -1.425128427485398808e+00 -7.083506407324915877e+00 = 3.498220000000000000e+05 @ 2.709093505572828690e+03
-7.083506409048604624e+00 -8.003211013570983301e-01 4.858056879403443773e+00 = 3.792790000000000000e+05 @ 2.709093505572827780e+03
4.858056902376317154e+00 -8.003210811192057461e-01 5.482864191157774236e+00 = 3.876520000000000000e+05 @ 2.709093505572827780e+03
5.482864204982318412e+00 -1.425128425960037415e+00 -8.003211008663649872e-01 = 3.903970000000000000e+05 @ 2.709093505572827780e+03
-8.003211010584098117e-01 -7.083506406649386022e+00 4.858056879826316177e+00 = 3.931700000000000000e+05 @ 2.709093505572828235e+03
4.858056876808257485e+00 5.482864206359066905e+00 -8.003211019320022324e-01 = 3.958030000000000000e+05 @ 2.709093505572827780e+03
-1.425128429133577290e+00 5.482864206628648596e+00 -8.003211012925536272e-01 = 3.971480000000000000e+05 @ 2.709093505572827780e+03
-7.083506407827781182e+00 5.482864206738739199e+00 -7.708313735065592809e+00 = 3.984360000000000000e+05 @ 2.709093505572828690e+03
