4.858056878858485916e+00 -7.083506408132067556e+00 5.482864206958252495e+00 = 1.336400000000000000e+04 @ 2.709093505572828235e+03
-8.003210987674231891e-01 -8.003210996290507362e-01 -7.708313734741329526e+00 = 2.971700000000000000e+04 @ 2.709093505565670966e+03
5.482864207557616609e+00 -7.708313735046578685e+00 -7.083506407066539445e+00 = 3.311600000000000000e+04 @ 2.709093505572828235e+03
-1.425128427264426900e+00 5.482864208303130482e+00 -8.003210998752443572e-01 = 4.674100000000000000e+04 @ 2.709093505557294975e+03
-1.425128428154989413e+00 -7.083506410382914176e+00 5.482864206046846434e+00 = 6.470000000000000000e+04 @ 2.709093505571571313e+03
-7.083506406747848594e+00 -8.003211006982127174e-01 -1.425128428305860506e+00 = 7.425900000000000000e+04 @ 2.709093505572827780e+03
-8.003211025768642850e-01 -7.708313737228889906e+00 5.482864207290201186e+00 = 7.694800000000000000e+04 @ 2.709093505572827780e+03
-8.003210991031447508e-01 5.482864207148265834e+00 4.858056878535046863e+00 = 9.384800000000000000e+04 @ 2.709093505561983875e+03
-7.708313735201647532e+00 5.482864206602348744e+00 -7.083506407478538769e+00 = 1.006260000000000000e+05 @ 2.709093505561047095e+03
-7.083506408092728357e+00 -8.003210971355431136e-01 -7.708313735001146583e+00 = 1.045750000000000000e+05 @ 2.709093505564281259e+03
4.858056878830362635e+00 -8.003211011967608091e-01 -8.003211002440082655e-01 = 1.067370000000000000e+05 @ 2.709093505572671802e+03
-8.003210975773474845e-01 5.482864206267269225e+00 -1.425128428832873606e+00 = 1.520520000000000000e+05 @ 2.709093505556845685e+03
5.482864203872263253e+00 -7.083506408387721720e+00 -1.425128427918531226e+00 = 1.617980000000000000e+05 @ 2.709093505446308427e+03
5.482864209030870128e+00 4.858056876592614870e+00 5.482864207388541189e+00 = 1.714360000000000000e+05 @ 2.709093505566445401e+03
5.482864209403724765e+00 -8.003211021657766766e-01 4.858056880216205187e+00 = 1.734580000000000000e+05 @ 2.709093505572828235e+03
-7.083506406456516302e+00 5.482864206602945600e+00 -7.708313734684415053e+00 = 1.747750000000000000e+05 @ 2.709093505572828235e+03
4.858056880091838892e+00 5.482864208235848302e+00 -8.003211008755881650e-01 = 1.809920000000000000e+05 @ 2.709093505571968308e+03
-8.003213095799716070e-01 -7.708313724770573749e+00 -8.003209500661631060e-01 = 1.848620000000000000e+05 @ 2.709093505569206172e+03
-7.083506408189404802e+00 4.858056877694162168e+00 5.482864202341678705e+00 = 1.859270000000000000e+05 @ 2.709093505568744604e+03
-7.083506405195277189e+00 -1.425128428814562920e+00 5.482864206825387221e+00 = 1.868240000000000000e+05 @ 2.709093505572827780e+03
5.482864203983636386e+00 -8.003211006595649657e-01 -7.708313736752335998e+00 = 1.927380000000000000e+05 @ 2.709093505560261747e+03
5.482864259235411986e+00 -7.083506433314170181e+00 -7.708313695150779132e+00 = 1.949230000000000000e+05 @ 2.709093505572828235e+03
-8.003214096047561732e-01 4.858056297996605544e+00 5.482863712158363434e+00 = 2.019010000000000000e+05 @ 2.709093505572827780e+03
-7.083507582980057116e+00 -1.425128104204309132e+00 -8.003215636526148646e-01 = 2.134440000000000000e+05 @ 2.709093505572828235e+03
-1.425128428837680428e+00 -8.003211001193226704e-01 -8.003210998493756057e-01 = 2.168660000000000000e+05 @ 2.709093505572827780e+03
-8.003211997527105437e-01 -1.425127739367036073e+00 5.482863896928082958e+00 = 2.214870000000000000e+05 @ 2.709093505572006052e+03
-1.425128199806000362e+00 -8.003211368874872944e-01 5.482864393561921901e+00 = 2.262480000000000000e+05 @ 2.709093505572827780e+03
-7.083506409665479175e+00 -7.083506408042773650e+00 -7.708313733022718495e+00 = 2.336490000000000000e+05 @ 2.709093505572764570e+03
5.482864207064763740e+00 -1.425128429672728014e+00 -7.083506405011535279e+00 = 2.346300000000000000e+05 @ 2.709093505568295313e+03
-8.003211004373850246e-01 -1.425128428143258130e+00 -8.003211017809772621e-01 = 2.455510000000000000e+05 @ 2.709093505572828235e+03
-8.003211300342918388e-01 -8.003210538565284082e-01 4.858056800729003477e+00 = 2.582740000000000000e+05 @ 2.709093505572358026e+03
4.858056873745630888e+00 -7.083506268025707264e+00 -8.003209040437104793e-01 = 2.619920000000000000e+05 @ 2.709093505572805952e+03
5.482864051892315516e+00 -7.083507073211574578e+00 4.858057850533455735e+00 = 2.653300000000000000e+05 @ 2.709093505572828235e+03
-7.083506407541181105e+00 5.482864206614207703e+00 -1.425128428026931404e+00 = 2.678790000000000000e+05 @ 2.709093505572828235e+03
-7.083506410041583656e+00 5.482864206787495753e+00 4.858056879182623966e+00 = 2.692800000000000000e+05 @ 2.709093505572827780e+03
-7.083506409208561116e+00 4.858056878637649234e+00 -8.003211001609560338e-01 = 2.705970000000000000e+05 @ 2.709093505572827780e+03
5.482864204650208073e+00 4.858056880036643932e+00 -7.083506404676726653e+00 = 2.738140000000000000e+05 @ 2.709093505525931050e+03
-7.708313729053593022e+00 -7.083506431016281191e+00 -7.083506400107453693e+00 = 2.747390000000000000e+05 @ 2.709093505570963316e+03
5.482864219057640653e+00 5.482864192815955384e+00 -1.425128311964489747e+00 = 2.850110000000000000e+05 @ 2.709093505572522645e+03
-7.708313734883807555e+00 -8.003211003987241723e-01 -7.083506409986270569e+00 = 2.885730000000000000e+05 @ 2.709093505572827780e+03
-1.425128550143418327e+00 5.482864539066190979e+00 5.482864330172472656e+00 = 2.899180000000000000e+05 @ 2.709093505572827780e+03
5.482864227411488045e+00 4.858056916778588530e+00 -8.003211049505621899e-01 = 2.938390000000000000e+05 @ 2.709093505572828235e+03
-1.425128429411489206e+00 5.482864207473873819e+00 -7.083506407510455460e+00 = 2.982920000000000000e+05 @ 2.709093505569898298e+03
5.482864103007105250e+00 -1.425128349127673610e+00 5.482864297512120899e+00 = 3.006450000000000000e+05 @ 2.709093505553384148e+03
5.482864207291097358e+00 -1.425128427858859403e+00 -8.003211015726111599e-01 = 3.015420000000000000e+05 @ 2.709093505572827780e+03
4.858056879340702849e+00 5.482864205951632819e+00 -7.083506407530238747e+00 = 3.029990000000000000e+05 @ 2.709093505518108032e+03
-1.425128428215110432e+00 -7.083506408408192456e+00 -7.083506407020511375e+00 = 3.100840000000000000e+05 @ 2.709093505550512873e+03
-7.708313733019670266e+00 -8.003211001575171180e-01 5.482864205872131080e+00 = 3.113120000000000000e+05 @ 2.709093505572662252e+03
-8.003205573569410758e-01 -7.083506252183485508e+00 4.858056616197527156e+00 = 3.172590000000000000e+05 @ 2.709093505572828690e+03
-1.425128430177307726e+00 -7.083506408076623906e+00 -8.003210995831662178e-01 = 3.186320000000000000e+05 @ 2.709093505572827780e+03
-7.708313824653624025e+00 -7.083506752254614014e+00 -8.003210875253501388e-01 = 3.291380000000000000e+05 @ 2.709093505572828235e+03
-7.708313623901350553e+00 5.482864039143780843e+00 5.482864474548279077e+00 = 3.317280000000000000e+05 @ 2.709093505570695470e+03
-8.003212234121310775e-01 4.858056893441156987e+00 -7.083506514544476218e+00 = 3.325970000000000000e+05 @ 2.709093505572828235e+03
-7.083506406949074297e+00 -8.003211007083409489e-01 4.858056880737771976e+00 = 3.352820000000000000e+05 @ 2.709093505572828690e+03
-7.708313735211005380e+00 -7.083506409914933855e+00 5.482864206996807432e+00 = 3.419190000000000000e+05 @ 2.709093505572828235e+03
-8.003212803377580675e-01 5.482864602493581430e+00 -7.708313637853461131e+00 = 3.451120000000000000e+05 @ 2.709093505572828235e+03
-8.003221755342979638e-01 -1.425129914738136439e+00 -7.083507086054166457e+00 = 3.478010000000000000e+05 @ 2.709093505572827780e+03
-7.708314209826684582e+00 5.482864324347901608e+00 -8.003206031372110951e-01 = 3.491460000000000000e+05 @ 2.709093505572827780e+03
-8.003211236410494589e-01 -7.708313730222776883e+00 -7.083506473013458482e+00 = 3.531790000000000000e+05 @ 2.709093505572828235e+03
5.482864476405282517e+00 5.482864324246546239e+00 4.858056465748752828e+00 = 3.613000000000000000e+05 @ 2.709093505572827780e+03
5.482864527011988898e+00 -7.708314163316339673e+00 5.482863938813405724e+00 = 3.655010000000000000e+05 @ 2.709093505572828235e+03
4.858056654977491284e+00 -8.003216231344042475e-01 -7.083506517783794365e+00 = 3.684980000000000000e+05 @ 2.709093505572828690e+03
-8.003210985171584912e-01 4.858056880902156038e+00 -8.003211006279770112e-01 = 3.754710000000000000e+05 @ 2.709093505572828235e+03
-7.083506405164699871e+00 -1.425128428025082439e+00 -7.083506408301757595e+00 = 3.768720000000000000e+05 @ 2.709093505572827780e+03
5.482864049287059061e+00 -7.708313773780152367e+00 -8.003212136551902667e-01 = 3.782450000000000000e+05 @ 2.709093505572827780e+03
4.858056702050517650e+00 5.482864775342799923e+00 5.482864564633283422e+00 = 3.891660000000000000e+05 @ 2.709093505572827780e+03
-7.083506407351483070e+00 -7.083506409664580339e+00 4.858056881167636121e+00 = 3.904550000000000000e+05 @ 2.709093505572828690e+03
-7.083506838028134744e+00 -7.083506519904807952e+00 -1.425128583359068779e+00 = 3.970920000000000000e+05 @ 2.709093505572828690e+03
-7.083506408915281050e+00 -7.708313733077210017e+00 5.482864206740606150e+00 = 3.984640000000000000e+05 @ 2.709093505572828235e+03
