4.858056877885234215e+00 -7.083506405138843220e+00 -8.003210983724744487e-01 = 4.341600000000000000e+04 @ 2.709093505570527668e+03
4.858056879981328180e+00 5.482864206680615027e+00 5.482864207183818728e+00 = 4.574100000000000000e+04 @ 2.709093505572828235e+03
5.482864206254698836e+00 -7.708313736040826925e+00 5.482864207765699938e+00 = 5.698000000000000000e+04 @ 2.709093505572827780e+03
-8.003211015628797220e-01 -8.003211014032920456e-01 -1.425128428070940423e+00 = 6.099800000000000000e+04 @ 2.709093505572774575e+03
-1.425128429805137653e+00 -7.083506406256526944e+00 5.482864206036225596e+00 = 9.565100000000000000e+04 @ 2.709093505552722945e+03
4.858056879368648495e+00 -7.083506407658508586e+00 -7.083506407798108029e+00 = 1.090640000000000000e+05 @ 2.709093505572827780e+03
5.482864206478249791e+00 4.858056880452374493e+00 5.482864204839834166e+00 = 1.104930000000000000e+05 @ 2.709093505572828235e+03
-7.083506407553177731e+00 5.482864207876867901e+00 -1.425128427856687363e+00 = 1.183110000000000000e+05 @ 2.709093505572828235e+03
5.482864206136599527e+00 5.482864206485988490e+00 4.858056878125966094e+00 = 1.252940000000000000e+05 @ 2.709093505572828235e+03
5.482864206135803720e+00 -7.708313735169893377e+00 -8.003211015920753679e-01 = 1.266110000000000000e+05 @ 2.709093505572828235e+03
-8.003211005290922220e-01 4.858056879047817134e+00 -8.003210990806877145e-01 = 1.579450000000000000e+05 @ 2.709093505572827780e+03
-8.003211027366444741e-01 -8.003210999020367034e-01 -7.708313737656636633e+00 = 1.605500000000000000e+05 @ 2.709093505572828235e+03
4.858056878488477892e+00 5.482864207877521601e+00 -7.083506405589638177e+00 = 1.682790000000000000e+05 @ 2.709093505538474801e+03
-7.708313736695663110e+00 5.482864207595585349e+00 -7.083506407729331045e+00 = 1.708840000000000000e+05 @ 2.709093505572547656e+03
4.858056879072252698e+00 -8.003210980280915932e-01 -7.083506407478916245e+00 = 1.760650000000000000e+05 @ 2.709093505572828235e+03
-8.003211005761309282e-01 -7.708313734344427459e+00 -7.083506407015024209e+00 = 1.819230000000000000e+05 @ 2.709093505563358121e+03
5.482864205106046107e+00 -7.083506407914343939e+00 4.858056881252602821e+00 = 1.868240000000000000e+05 @ 2.709093505569997433e+03
5.482864208510206616e+00 -1.425128426020572103e+00 5.482864205299051719e+00 = 1.878610000000000000e+05 @ 2.709093505565192118e+03
-1.425884329292419261e+00 -7.082430922635857939e+00 -7.083192804548367860e+00 = 1.889220000000000000e+05 @ 2.709093505572828235e+03
-1.425128428977580519e+00 5.482864209126125488e+00 -7.083506407294777318e+00 = 1.919190000000000000e+05 @ 2.709093505572828235e+03
-1.425128426627514155e+00 5.482864208867090916e+00 5.482864206743247593e+00 = 1.992000000000000000e+05 @ 2.709093505572827780e+03
5.482864054809512666e+00 4.858056868316865895e+00 -8.003208464085249663e-01 = 2.090670000000000000e+05 @ 2.709093505572827780e+03
-7.083506409317402053e+00 4.858056877495330106e+00 5.482864205705089589e+00 = 2.197690000000000000e+05 @ 2.709093505572827780e+03
5.482864207409780199e+00 -8.003210998905853080e-01 -1.425128429021549570e+00 = 2.352820000000000000e+05 @ 2.709093505572828235e+03
-7.708313737862847681e+00 5.482864206568592635e+00 5.482864206105896976e+00 = 2.505430000000000000e+05 @ 2.709093505572828690e+03
5.482864102834651199e+00 -7.083506351549130109e+00 -7.708313990463934395e+00 = 2.547440000000000000e+05 @ 2.709093505572736831e+03
-7.708313733647974786e+00 -8.003211008372864699e-01 -7.083506407334697386e+00 = 2.683030000000000000e+05 @ 2.709093505572828235e+03
5.482864208161415398e+00 -1.425128428813053016e+00 -8.003211005651360566e-01 = 2.697880000000000000e+05 @ 2.709093505572828235e+03
4.858056502827933443e+00 -8.003215063653594807e-01 5.482864411125309978e+00 = 2.976100000000000000e+05 @ 2.709093505572828235e+03
-8.003212840015313523e-01 -1.425128423331699645e+00 -8.003210091166991225e-01 = 2.990390000000000000e+05 @ 2.709093505572828690e+03
-8.003210234675691703e-01 -7.083506258868280447e+00 -1.425128080477221282e+00 = 3.024280000000000000e+05 @ 2.709093505572828235e+03
-7.083506408895641648e+00 -7.708313737755089434e+00 -8.003211002404947427e-01 = 3.039410000000000000e+05 @ 2.709093505567836019e+03
-7.083506408743176941e+00 -7.083506409858280506e+00 -7.708313734701830455e+00 = 3.064900000000000000e+05 @ 2.709093505571478090e+03
-7.083506406812440481e+00 5.482864205971202054e+00 4.858056878113552912e+00 = 3.075550000000000000e+05 @ 2.709093505561423171e+03
-7.708313734768657000e+00 -7.083506406292220170e+00 -7.083506405284667018e+00 = 3.084520000000000000e+05 @ 2.709093505572827780e+03
-8.003211012695194970e-01 -8.003211017473845779e-01 4.858056878253835364e+00 = 3.097410000000000000e+05 @ 2.709093505572828235e+03
-7.083506413338838570e+00 -8.003210992586562433e-01 -7.708313684521778342e+00 = 3.167700000000000000e+05 @ 2.709093505570182515e+03
-8.003211009424225919e-01 5.482864205420801440e+00 -7.708313734822139551e+00 = 3.202990000000000000e+05 @ 2.709093505572827780e+03
4.858056879317516952e+00 -7.083506405518922300e+00 5.482864207368200127e+00 = 3.229320000000000000e+05 @ 2.709093505572827780e+03
-8.003210993211350432e-01 5.482864205751865505e+00 -1.425128428093752175e+00 = 3.243050000000000000e+05 @ 2.709093505572828235e+03
5.482864206723511380e+00 -7.083506405862061150e+00 -1.425128429804270791e+00 = 3.257620000000000000e+05 @ 2.709093505570014258e+03
-8.003211020744604998e-01 4.858056879727429056e+00 -7.083506408067752780e+00 = 3.279190000000000000e+05 @ 2.709093505572827780e+03
-8.003211007287209799e-01 -7.083506407770234325e+00 -7.708313735053932803e+00 = 3.350840000000000000e+05 @ 2.709093505572827780e+03
-7.083506408423227541e+00 5.482864203856001595e+00 -7.708313735894384067e+00 = 3.393390000000000000e+05 @ 2.709033959698227136e+03
5.482864355351110497e+00 5.482864671018107927e+00 -7.708313715202415040e+00 = 3.448000000000000000e+05 @ 2.709093505572827780e+03
-1.425128182511960606e+00 -8.003209703375127049e-01 -7.083506320599641803e+00 = 3.491410000000000000e+05 @ 2.709093505572828235e+03
-1.425128798314451162e+00 -8.003208298185400249e-01 5.482864485382345165e+00 = 3.505420000000000000e+05 @ 2.709093505572828690e+03
-8.003210996640084396e-01 -7.708313735405594613e+00 -8.003211010376554135e-01 = 3.521390000000000000e+05 @ 2.709093505572828235e+03
-7.083506381495718429e+00 -7.083506318547128089e+00 4.858056869371201181e+00 = 3.562280000000000000e+05 @ 2.709093505572828235e+03
-7.708313599298520558e+00 -7.083505393146440454e+00 -8.003212512045294602e-01 = 3.575170000000000000e+05 @ 2.709093505572828235e+03
-7.083506409332260390e+00 -8.003211020450767821e-01 4.858056879075215662e+00 = 3.630620000000000000e+05 @ 2.709093505572827780e+03
-1.425128428891572652e+00 -7.083506407508952663e+00 -8.003211002695826970e-01 = 3.659190000000000000e+05 @ 2.709093505572828235e+03
-7.083506409130295722e+00 4.858056879357365077e+00 -7.083506405445540999e+00 = 3.700360000000000000e+05 @ 2.709093505572828235e+03
-7.083506406894835017e+00 4.858056879920448878e+00 -8.003210998344741922e-01 = 3.713530000000000000e+05 @ 2.709093505572828235e+03
-7.708313735265795330e+00 5.482864205438466421e+00 -8.003210991780462802e-01 = 3.727820000000000000e+05 @ 2.709093505572827780e+03
5.482864208803365891e+00 -7.708313736865873622e+00 -7.083506407277415207e+00 = 3.816590000000000000e+05 @ 2.709093505572827780e+03
-7.083506408246265096e+00 -1.425128428250597379e+00 -7.083506408265567877e+00 = 3.844600000000000000e+05 @ 2.709093505572828235e+03
5.482864644364145335e+00 4.858056945413630423e+00 -7.083505751243087900e+00 = 3.872890000000000000e+05 @ 2.709093505572827780e+03
-8.003211407802653943e-01 5.482864210173259423e+00 4.858056885055797025e+00 = 3.886340000000000000e+05 @ 2.709093505572827780e+03
-8.003210978647853358e-01 -1.425128428902731725e+00 5.482864209507527953e+00 = 3.913510000000000000e+05 @ 2.709093505572827780e+03
5.482864204695814259e+00 -8.003211003103565258e-01 -7.708313736509230907e+00 = 3.941800000000000000e+05 @ 2.709093505572828235e+03
-7.083506451759186362e+00 -7.708313942519747997e+00 5.482864363511079198e+00 = 3.984640000000000000e+05 @ 2.709093505572828235e+03
