1.170088786914415868e+00 7.706277263188996862e+00 7.706277254431261881e+00 = 3.886500000000000000e+04 @ 1.000000000000000000e+00
2.193280052972712113e+00 2.193280051242167072e+00 7.706277254757885053e+00 = 7.237600000000000000e+04 @ 9.590201484562108636e-01
7.706277266482215893e+00 4.111207141062483750e+00 4.111207138752592805e+00 = 7.724200000000000000e+04 @ 9.999999999999997780e-01
7.706277243356533191e+00 4.111207142844553353e+00 7.706277254479178218e+00 = 8.625000000000000000e+04 @ 1.000000000000000000e+00
4.111207147607879087e+00 4.111207148726468752e+00 7.706277260169290599e+00 = 8.742700000000000000e+04 @ 9.999999973830504540e-01
6.246565766618344950e-01 7.714801992061928182e+00 7.719145494724796386e+00 = 1.001170000000000000e+05 @ 9.716281390884662361e-01
2.193280047383983078e+00 4.111207145733498436e+00 7.706277246642932788e+00 = 1.017240000000000000e+05 @ 9.999999998336259743e-01
7.706277257563022509e+00 7.706277249619196468e+00 7.706277242358163804e+00 = 1.024530000000000000e+05 @ 9.999999999999997780e-01
2.193280047112864395e+00 1.170088788497217536e+00 4.111207137717868498e+00 = 1.102730000000000000e+05 @ 1.000000000000000000e+00
1.170088784696121431e+00 4.111207150723796389e+00 4.111207145448048550e+00 = 1.131960000000000000e+05 @ 9.999996312787107211e-01
1.170006129560056785e+00 4.103353678950503181e+00 6.248422159139862542e-01 = 1.147140000000000000e+05 @ 9.999999999999988898e-01
7.764572810119432233e+00 2.191852943909319062e+00 7.658478556297666273e+00 = 1.223710000000000000e+05 @ 9.821978051777050522e-01
7.702273182781610217e+00 6.241698336476535491e-01 7.701033748188466532e+00 = 1.443180000000000000e+05 @ 1.000000000000000000e+00
7.706277264284249640e+00 4.111207135553270220e+00 2.193280051226906835e+00 = 1.471530000000000000e+05 @ 1.000000000000000000e+00
2.193280049028746959e+00 4.111207143844035627e+00 2.193280049882775806e+00 = 1.537780000000000000e+05 @ 1.000000000000000000e+00
7.706277248826602921e+00 7.706277261498377662e+00 2.193280054525776457e+00 = 1.562150000000000000e+05 @ 9.975282842512475101e-01
4.111207142136232839e+00 7.706277244717810504e+00 7.706277247830185750e+00 = 1.788150000000000000e+05 @ 9.999999982274878629e-01
4.111207153520870961e+00 6.242284351819891164e-01 1.170088785917260177e+00 = 1.804730000000000000e+05 @ 9.990878851809046335e-01
2.193280048762046075e+00 6.242284326112632620e-01 7.706277246120183833e+00 = 1.853400000000000000e+05 @ 1.000000000000000000e+00
4.111207142071819476e+00 2.193280050047663465e+00 4.111207149706296526e+00 = 1.923050000000000000e+05 @ 9.999744123106790727e-01
2.193280047036823888e+00 7.706277247279133213e+00 2.193280055495455461e+00 = 2.044330000000000000e+05 @ 9.106838462316060312e-01
1.170088780207657164e+00 7.706277245080134009e+00 4.111207158135480988e+00 = 2.169260000000000000e+05 @ 9.994131057875297319e-01
2.193280047302484714e+00 7.706277247341293268e+00 7.706277244693599648e+00 = 2.278660000000000000e+05 @ 1.000000000000000000e+00
7.706277257016247439e+00 1.170088788097084720e+00 7.706277245664483466e+00 = 2.332960000000000000e+05 @ 1.000000000000000000e+00
1.170088789518481942e+00 2.193280054057857420e+00 4.111207142212139232e+00 = 2.356690000000000000e+05 @ 9.289192377904120779e-01
4.111207155730720153e+00 2.193280050131652281e+00 2.193280062940335728e+00 = 2.461730000000000000e+05 @ 9.999999896699509616e-01
7.706277286958560069e+00 4.111207145001986696e+00 1.170088782954312068e+00 = 2.488950000000000000e+05 @ 1.000000000000000000e+00
2.187848132905371390e+00 7.660983029854973481e+00 3.331218012338608703e-01 = 2.672030000000000000e+05 @ 9.999999987613812369e-01
4.111207138743052880e+00 4.111207145603912316e+00 4.111207148600541039e+00 = 2.680160000000000000e+05 @ 1.000000000000000000e+00
4.111207143065946923e+00 2.193280050243756829e+00 7.706277245632819906e+00 = 2.739730000000000000e+05 @ 9.999518833072491564e-01
4.111207148427018510e+00 7.706277246713159279e+00 4.111207143545736464e+00 = 2.832030000000000000e+05 @ 9.999999999999997780e-01
4.111207141771735962e+00 1.170088788005977376e+00 4.111207140039687680e+00 = 2.843850000000000000e+05 @ 9.898223855147316730e-01
4.111207141348747207e+00 1.170088785976573176e+00 7.706277262897477165e+00 = 2.859830000000000000e+05 @ 9.964343387686352971e-01
1.169484077719206816e+00 4.132930302735982941e+00 7.687673665888040020e+00 = 2.912810000000000000e+05 @ 1.000000000000000000e+00
7.706277242305564990e+00 6.242284336021616253e-01 4.111207138433158548e+00 = 2.933870000000000000e+05 @ 9.999999904277263596e-01
2.193280047849555547e+00 4.111207148025212810e+00 4.111207141911925156e+00 = 2.971880000000000000e+05 @ 1.000000000000000000e+00
4.111178032086806766e+00 4.111231423345502733e+00 2.193274392493724356e+00 = 2.994060000000000000e+05 @ 1.000000000000000000e+00
7.706277248069404173e+00 7.706277256700989398e+00 4.111207143692057642e+00 = 3.012600000000000000e+05 @ 9.977675509838472845e-01
2.193280038668855791e+00 7.706277269739122637e+00 4.111207114262155571e+00 = 3.074360000000000000e+05 @ 1.000000000000000000e+00
4.111207140407062255e+00 7.706277258305704869e+00 2.193280050952341131e+00 = 3.130290000000000000e+05 @ 1.000000000000000000e+00
2.193280054735512685e+00 1.170088786809941661e+00 7.706277265706761526e+00 = 3.140940000000000000e+05 @ 1.000000000000000000e+00
7.706277245818545119e+00 1.170088788313327965e+00 4.111207138992345023e+00 = 3.182110000000000000e+05 @ 9.999999999999986677e-01
6.233379187912494457e-01 7.730556023188282389e+00 4.156894847590292486e+00 = 3.201260000000000000e+05 @ 1.000000000000000000e+00
7.706277254355065942e+00 2.193280052086597376e+00 2.193280050894023336e+00 = 3.220080000000000000e+05 @ 9.999999984721039681e-01
1.170088785982787094e+00 1.170088786998016550e+00 1.170088786610240073e+00 = 3.240910000000000000e+05 @ 1.000000000000000000e+00
7.706178963380805769e+00 7.706329003326055194e+00 1.170066385578832469e+00 = 3.262760000000000000e+05 @ 1.000000000000000000e+00
1.170088788698611548e+00 7.706277263881756490e+00 1.170088786648762813e+00 = 3.298430000000000000e+05 @ 9.994354154160154380e-01
7.594303044394870028e+00 2.193486493285468963e+00 1.169767515261971758e+00 = 3.322800000000000000e+05 @ 1.000000000000000000e+00
6.247129642102019487e-01 2.206355705707480741e+00 7.893713039915913221e+00 = 3.347110000000000000e+05 @ 1.000000000000000000e+00
2.193280048297411966e+00 6.242284357185602373e-01 2.193280056092426378e+00 = 3.373540000000000000e+05 @ 1.000000000000000000e+00
7.693312817559368355e+00 6.242272275633561351e-01 1.169821767687798886e+00 = 3.385830000000000000e+05 @ 1.000000000000000000e+00
1.170088787453262835e+00 4.111207144696522597e+00 2.193280049066177018e+00 = 3.405990000000000000e+05 @ 1.000000000000000000e+00
1.170093611581162207e+00 2.193265831828358881e+00 7.706307390366648136e+00 = 3.419720000000000000e+05 @ 9.993169193447654086e-01
2.193280048922104264e+00 2.193280047406509503e+00 2.193280049434433554e+00 = 3.448510000000000000e+05 @ 9.999999999999995559e-01
4.111136615359774815e+00 1.170096111754340473e+00 2.193317163773724321e+00 = 3.480190000000000000e+05 @ 9.999999999999993339e-01
7.734159535371037286e+00 2.340140473453710346e+00 6.155406417478870296e-01 = 3.550810000000000000e+05 @ 1.000000000000000000e+00
7.706277249957651954e+00 2.193280052957990112e+00 4.111207138341401723e+00 = 3.592480000000000000e+05 @ 1.000000000000000000e+00
2.193280046939239725e+00 2.193280051111688778e+00 3.330184356847656346e-01 = 3.602850000000000000e+05 @ 1.000000000000000000e+00
7.749672318986110753e+00 1.168764179789166358e+00 2.196685452631821800e+00 = 3.614400000000000000e+05 @ 9.999999999999991118e-01
7.989739247233659469e+00 1.137742036078375651e+00 1.240149513775391288e+00 = 3.624770000000000000e+05 @ 9.999999999999998890e-01
6.243727219450789789e-01 4.108924348460251785e+00 7.697934163628005422e+00 = 3.644940000000000000e+05 @ 1.000000000000000000e+00
3.330184354630637555e-01 7.706277248907762889e+00 7.706277247450645795e+00 = 3.665360000000000000e+05 @ 1.000000000000000000e+00
1.168712780322786138e+00 7.655211591804359728e+00 2.199926732897760306e+00 = 3.686420000000000000e+05 @ 9.999999999999997780e-01
4.111181720977808318e+00 4.111222490711796240e+00 6.242330283238830546e-01 = 3.698340000000000000e+05 @ 1.000000000000000000e+00
3.329138523700880259e-01 1.172050156202343763e+00 7.799820354789137156e+00 = 3.717110000000000000e+05 @ 1.000000000000000000e+00
4.111207143026786248e+00 6.242284333330516688e-01 7.706277256944880527e+00 = 3.729490000000000000e+05 @ 1.000000000000000000e+00
7.706277245791685715e+00 4.111207140744969735e+00 6.242284332100316302e-01 = 3.752740000000000000e+05 @ 1.000000000000000000e+00
4.111207149938644889e+00 7.706277251586855392e+00 1.170088788053292861e+00 = 3.764510000000000000e+05 @ 9.999876298643515238e-01
4.063709539865740794e+00 7.944264228489340773e+00 6.266740853950435453e-01 = 3.800970000000000000e+05 @ 9.984018224216738568e-01
4.111207165435954103e+00 2.193280062820401444e+00 1.170088789351283243e+00 = 3.835980000000000000e+05 @ 9.999228866821630035e-01
6.242352036182271524e-01 2.193274624897768366e+00 4.110597403898444746e+00 = 3.874630000000000000e+05 @ 9.999999999999997780e-01
7.706277245379969720e+00 6.242284343163454485e-01 2.193280049678018262e+00 = 3.884720000000000000e+05 @ 1.000000000000000000e+00
1.170088786674059911e+00 1.170088791901521486e+00 4.111207147906944748e+00 = 3.895750000000000000e+05 @ 1.000000000000000000e+00
1.170087486001527788e+00 1.170085330349268649e+00 7.706276296238008250e+00 = 3.905300000000000000e+05 @ 1.000000000000000000e+00
4.203320478001865368e+00 4.182501171206291168e+00 1.206234038064468272e+00 = 3.915950000000000000e+05 @ 9.999253987236209618e-01
2.193289072741003043e+00 2.193283070278730484e+00 1.170075032139462623e+00 = 3.944570000000000000e+05 @ 1.000000000000000000e+00
2.193280048385219505e+00 2.193280049351261862e+00 4.111207149901528801e+00 = 3.954100000000000000e+05 @ 1.000000000000000000e+00
2.193280052140486713e+00 1.170088788706646898e+00 2.193280043548160751e+00 = 3.963910000000000000e+05 @ 1.000000000000000000e+00
7.738113242347009368e+00 7.515960039645370294e+00 6.516482194093096147e-01 = 3.975120000000000000e+05 @ 1.000000000000000000e+00
6.242284337387418169e-01 4.111207143953603094e+00 1.170088788182186201e+00 = 3.987160000000000000e+05 @ 1.000000000000000000e+00
