-7.708313737231980767e+00 5.482864206428256892e+00 -8.003210992238593002e-01 = 4.957000000000000000e+03 @ 2.709093505571398509e+03
-7.708313734590772626e+00 -8.003211007397805776e-01 -7.083506409274234805e+00 = 2.465700000000000000e+04 @ 2.709093505572828690e+03
-7.083506409533820047e+00 -7.708313735290167834e+00 -7.083506406910972331e+00 = 2.905000000000000000e+04 @ 2.709093505569500849e+03
4.858056880190845916e+00 5.482864205698055216e+00 -8.003211010272086590e-01 = 3.804400000000000000e+04 @ 2.709093505572827780e+03
5.482864208493483993e+00 -8.003211009031142575e-01 -1.425128426966926209e+00 = 3.950100000000000000e+04 @ 2.709093505572827780e+03
-7.708313736782498538e+00 -8.003210989248586982e-01 -8.003211001213378362e-01 = 4.899400000000000000e+04 @ 2.709093505564626412e+03
-1.425128429708875100e+00 -8.003211001860729423e-01 -7.083506407995554532e+00 = 6.865100000000000000e+04 @ 2.709093505572829145e+03
-8.003211028256780324e-01 -8.003211013902441495e-01 4.858056876038832073e+00 = 7.333300000000000000e+04 @ 2.709093505572828235e+03
-1.425128430340140140e+00 -7.083506408013023226e+00 -8.003211008756534461e-01 = 8.187900000000000000e+04 @ 2.709093505572827780e+03
5.482864206475933422e+00 5.482864205341740238e+00 -7.708313734844777443e+00 = 1.023210000000000000e+05 @ 2.709093505572828235e+03
-1.425128427605395487e+00 5.482864206386533823e+00 -7.083506407312634146e+00 = 1.408140000000000000e+05 @ 2.709093505572828235e+03
-1.425128425990162651e+00 -7.083506406140327449e+00 -7.083506407729272425e+00 = 1.491080000000000000e+05 @ 2.709093505572828690e+03
-7.083506406856090010e+00 -7.083506406378733189e+00 -1.425128427365750294e+00 = 1.665540000000000000e+05 @ 2.709093505571283004e+03
-1.425128426866073550e+00 5.482864205688161796e+00 -8.003211011148200216e-01 = 1.801350000000000000e+05 @ 2.709093505572675895e+03
-7.083506410727541613e+00 4.858056878449930949e+00 -7.083506408633008178e+00 = 1.834730000000000000e+05 @ 2.709093505572448976e+03
-1.425128428364869526e+00 5.482864207154795722e+00 5.482864205484314191e+00 = 1.844820000000000000e+05 @ 2.709093505571481273e+03
4.858056879792068017e+00 -8.003211003613405206e-01 5.482864207543597601e+00 = 1.882910000000000000e+05 @ 2.709093505572827780e+03
4.858056877005902052e+00 -7.083506408071756688e+00 -7.083506406848101733e+00 = 1.955160000000000000e+05 @ 2.709093505551400995e+03
5.482864208238360071e+00 4.858056877776104621e+00 5.482864205283332737e+00 = 1.978130000000000000e+05 @ 2.709093505572827780e+03
-7.708313669349210251e+00 -7.083506051672117998e+00 -7.083506091844938624e+00 = 2.039180000000000000e+05 @ 2.709093505572827780e+03
4.858056644646325140e+00 -8.003210598892359640e-01 -8.003210610324857921e-01 = 2.051790000000000000e+05 @ 2.709093505572827780e+03
5.482864207578252547e+00 -8.003211007482234907e-01 4.858056879686154517e+00 = 2.078450000000000000e+05 @ 2.709093505572827780e+03
-7.083506405238332526e+00 4.858056823104127453e+00 -8.003210577510454504e-01 = 2.091620000000000000e+05 @ 2.709093505572828235e+03
-7.083506127729462420e+00 5.482864721226391680e+00 -1.425128492026119131e+00 = 2.118790000000000000e+05 @ 2.709093505572827780e+03
-7.083506432612201920e+00 -1.425128393406953631e+00 -7.083506419353754247e+00 = 2.147360000000000000e+05 @ 2.709093505570422622e+03
-7.083505841668672254e+00 5.482863472468006094e+00 -7.708313110642312616e+00 = 2.241690000000000000e+05 @ 2.709093505571577680e+03
4.858056878206534535e+00 -7.083506406979561021e+00 5.482864206887164471e+00 = 2.395340000000000000e+05 @ 2.709093505572828235e+03
-8.003210118619901170e-01 -1.425128410222026076e+00 -7.083506462092051592e+00 = 2.475760000000000000e+05 @ 2.709093505572827780e+03
-7.083505918789946953e+00 4.858056500522449639e+00 5.482864395541397151e+00 = 2.578250000000000000e+05 @ 2.709093505572576305e+03
-8.003211018324957182e-01 -7.083506404688695746e+00 4.858056881225093271e+00 = 2.587780000000000000e+05 @ 2.709093505572827780e+03
5.482864135727440136e+00 -7.083506452447586810e+00 4.858056809115826269e+00 = 2.602350000000000000e+05 @ 2.709093505570589969e+03
5.482864088591971274e+00 4.858056979944907816e+00 -7.083506433399437974e+00 = 2.622520000000000000e+05 @ 2.709093505572827780e+03
-7.708313735533200983e+00 -7.083506404355893515e+00 -8.003210982595615475e-01 = 2.653330000000000000e+05 @ 2.709093505572012418e+03
5.482864145354530372e+00 -7.083506617162930397e+00 -7.708313880264838325e+00 = 2.664260000000000000e+05 @ 2.709093505572435788e+03
5.482864205167703453e+00 -7.083506407708800801e+00 -1.425128428648991141e+00 = 2.732640000000000000e+05 @ 2.709093505572827780e+03
5.482864167088695062e+00 -7.708313774793950302e+00 -7.083506339776247884e+00 = 2.778120000000000000e+05 @ 2.709093505559181267e+03
5.482864206836046250e+00 5.482864204702383226e+00 -1.425128429323242685e+00 = 2.817610000000000000e+05 @ 2.709093505572468530e+03
4.858056878289888303e+00 -7.083506408609702376e+00 -8.003210999751236843e-01 = 2.867460000000000000e+05 @ 2.709093505572828235e+03
4.858056714337728899e+00 5.482864283948670980e+00 5.482864139606979492e+00 = 2.914790000000000000e+05 @ 2.709093505532070139e+03
-7.708313760581944507e+00 -8.003213703147080693e-01 5.482864245632192102e+00 = 3.032680000000000000e+05 @ 2.709093505572760932e+03
-8.003210999870650211e-01 -1.425128429344565850e+00 -8.003211007666711785e-01 = 3.079220000000000000e+05 @ 2.709093505561689653e+03
-8.003210986669185845e-01 4.858056878116082444e+00 -8.003210993134056706e-01 = 3.125150000000000000e+05 @ 2.709093505572662252e+03
-1.425128429442012346e+00 -8.003211004632221348e-01 -8.003211018862325110e-01 = 3.176960000000000000e+05 @ 2.709093505572827780e+03
5.482864206268549978e+00 -1.425128427352481353e+00 -7.083506406272679357e+00 = 3.204130000000000000e+05 @ 2.709093505570869183e+03
-1.425128427724413838e+00 -8.003211013217316205e-01 5.482864207117343014e+00 = 3.214780000000000000e+05 @ 2.709093505565418127e+03
-8.003211015371000103e-01 5.482864209003834866e+00 -7.708313734942406903e+00 = 3.280590000000000000e+05 @ 2.709093505572828235e+03
-7.708314116373366609e+00 5.482864753275555891e+00 5.482864672037225162e+00 = 3.297680000000000000e+05 @ 2.709093505572828235e+03
-1.425128427389283470e+00 -7.083506407072300171e+00 5.482864207051728833e+00 = 3.310850000000000000e+05 @ 2.709093505572828235e+03
5.482864033990402675e+00 4.858056863656599056e+00 -8.003212094709705182e-01 = 3.351140000000000000e+05 @ 2.709093505572827780e+03
-8.003209983736219169e-01 -8.003211365089437646e-01 -7.708313741125555119e+00 = 3.491710000000000000e+05 @ 2.709093505572828235e+03
-8.003210963221452090e-01 4.858056941340752388e+00 5.482864182793401042e+00 = 3.535400000000000000e+05 @ 2.709093505572827780e+03
-7.083506230116791258e+00 -1.425128454579159376e+00 5.482864080525343908e+00 = 3.565370000000000000e+05 @ 2.709093505572828235e+03
-8.003211011026918342e-01 -7.083506407212505351e+00 -7.708313736384431181e+00 = 3.593100000000000000e+05 @ 2.709093505572827780e+03
-7.083506409225053702e+00 -7.083506405571542430e+00 -7.708313733751031904e+00 = 3.623630000000000000e+05 @ 2.709093505572827780e+03
5.482864205533600988e+00 -7.708313734868502465e+00 -8.003210997583131148e-01 = 3.664520000000000000e+05 @ 2.709093505572828690e+03
-8.003210975366816804e-01 5.482864207057250638e+00 -1.425128427919393870e+00 = 3.737330000000000000e+05 @ 2.709093505572827780e+03
-8.003211018698713763e-01 -7.708313735565353042e+00 5.482864207692987435e+00 = 3.832260000000000000e+05 @ 2.709093505572827780e+03
5.482864205123865631e+00 -7.708313735873700168e+00 5.482864206760273973e+00 = 3.860270000000000000e+05 @ 2.709093505572827780e+03
-7.708313471930558158e+00 -7.083506828151524104e+00 5.482864131336044444e+00 = 3.873720000000000000e+05 @ 2.709093505572828235e+03
-8.003211006139497874e-01 -8.003210986505507885e-01 -1.425128426023777761e+00 = 3.888570000000000000e+05 @ 2.709093505572827780e+03
-8.003211003427200820e-01 -1.425128427098304895e+00 5.482864208159268671e+00 = 3.902020000000000000e+05 @ 2.709093505572828235e+03
5.482864129760156580e+00 5.482864394476046677e+00 4.858057122391849170e+00 = 3.942910000000000000e+05 @ 2.709093505572828235e+03
-7.083506407875143296e+00 -8.003210998824984435e-01 -7.708313736185628429e+00 = 3.971760000000000000e+05 @ 2.709093505572828235e+03
-7.083506356510390845e+00 -8.003209284746438668e-01 -1.425128320161661799e+00 = 3.985200000000000000e+05 @ 2.709093505572828235e+03
