4.111207137189625271e+00 7.706277263291990920e+00 7.706277247065550284e+00 = 2.193000000000000000e+04 @ 9.999999998313302552e-01
7.709475710867630838e+00 4.110110992827917364e+00 1.170240589617427274e+00 = 3.181000000000000000e+04 @ 9.999954202096194011e-01
1.170088785786553398e+00 7.706277260186357836e+00 4.111207148671455869e+00 = 3.986300000000000000e+04 @ 1.000000000000000000e+00
7.724491899274333662e+00 7.705979944994370001e+00 1.170205791259760542e+00 = 4.761900000000000000e+04 @ 9.999999999999997780e-01
7.706277259003948998e+00 7.706277260228493908e+00 7.706277255780531910e+00 = 7.199900000000000000e+04 @ 9.999999999998454570e-01
7.706277240826248764e+00 7.706277249773704874e+00 4.111207149562800645e+00 = 7.719100000000000000e+04 @ 9.999999999999984457e-01
2.193060716347901895e+00 7.695605921266191807e+00 7.725864049340319006e+00 = 9.223000000000000000e+04 @ 9.999999922928610729e-01
4.111207136616725322e+00 2.193280053811196950e+00 7.706277257456055629e+00 = 9.366400000000000000e+04 @ 9.999838315662912258e-01
2.193280050066912956e+00 1.170088793408531558e+00 4.111207135756474784e+00 = 9.663400000000000000e+04 @ 9.444329060003364695e-01
7.706277247086529947e+00 4.111207137246418064e+00 7.706277262490440982e+00 = 9.663400000000000000e+04 @ 9.893284243024463853e-01
1.170088787620308768e+00 7.706277260496506187e+00 7.706277263505418418e+00 = 9.930500000000000000e+04 @ 9.999999999999997780e-01
7.706277255058298969e+00 2.193280051039335987e+00 7.706277267116716345e+00 = 1.079400000000000000e+05 @ 9.999999992199724019e-01
7.706908369165114792e+00 2.193186887538548735e+00 2.193263471550272126e+00 = 1.109900000000000000e+05 @ 9.999999938042627434e-01
2.193280050008832749e+00 7.706277260487364167e+00 4.111207137824067992e+00 = 1.123120000000000000e+05 @ 1.000000000000000000e+00
1.170088787777906258e+00 4.111207149807134975e+00 2.193280052401063163e+00 = 1.242490000000000000e+05 @ 9.999999954807492486e-01
7.699726961979932227e+00 4.109539289311785026e+00 2.193959587046950155e+00 = 1.290760000000000000e+05 @ 1.000000000000000000e+00
4.111207142548543914e+00 4.111207149134477490e+00 7.706277242896637070e+00 = 1.319320000000000000e+05 @ 9.996072752212699086e-01
7.706277263597304916e+00 4.111207143700760014e+00 4.111207129598661858e+00 = 1.348160000000000000e+05 @ 9.999999999999995559e-01
4.111207145763815518e+00 7.706277268359777999e+00 2.193280054058089679e+00 = 1.389630000000000000e+05 @ 9.999997803852969103e-01
1.170088788356419940e+00 7.706277251407263940e+00 6.242284334296928083e-01 = 1.409560000000000000e+05 @ 9.903647116739655587e-01
4.111208544007040722e+00 4.111207971471769973e+00 6.242285085125945931e-01 = 1.419700000000000000e+05 @ 1.000000000000000000e+00
2.193280052696350957e+00 2.193280048661255144e+00 7.706277269951123721e+00 = 1.476940000000000000e+05 @ 1.000000000000000000e+00
1.170088786864815988e+00 7.706277293562788344e+00 2.193280045975614101e+00 = 1.640190000000000000e+05 @ 1.000000000000000000e+00
1.170088788882718944e+00 2.193280048537284976e+00 7.706277254655691245e+00 = 1.781530000000000000e+05 @ 1.000000000000000000e+00
1.170076991433965707e+00 4.111154140596275930e+00 4.111226169919565798e+00 = 1.885000000000000000e+05 @ 9.999999999999996669e-01
7.706277265183556935e+00 6.242284322688523845e-01 4.111207130686047151e+00 = 1.923380000000000000e+05 @ 9.999999962250611940e-01
4.111547733698089679e+00 6.243097288844672299e-01 7.708047295718939651e+00 = 1.930390000000000000e+05 @ 9.999999912223838106e-01
7.706185033256147676e+00 1.170091518200256475e+00 7.706339555029973809e+00 = 2.120370000000000000e+05 @ 9.999784039337047403e-01
2.193280054036128135e+00 4.111207141655778052e+00 7.706277250193220851e+00 = 2.271170000000000000e+05 @ 9.999999999999995559e-01
4.111207144429433136e+00 1.170088786414155813e+00 7.706277265046646008e+00 = 2.420700000000000000e+05 @ 9.420523687037385407e-01
4.111262825796730525e+00 7.706294459325595980e+00 4.111251833643732034e+00 = 2.423230000000000000e+05 @ 1.000000000000000000e+00
3.332108568066829424e-01 4.117003481357302874e+00 7.809239855416127085e+00 = 2.506780000000000000e+05 @ 1.000000000000000000e+00
1.170080131864439821e+00 1.170080120382847699e+00 2.193336857794758288e+00 = 2.518550000000000000e+05 @ 1.000000000000000000e+00
7.706277259798244295e+00 1.170088786707247808e+00 2.193280050534970993e+00 = 2.532280000000000000e+05 @ 9.999999999034683285e-01
4.115097430454907723e+00 3.329440566049807204e-01 7.715398550836201075e+00 = 2.616310000000000000e+05 @ 1.000000000000000000e+00
2.193308044200940721e+00 4.111186092819042237e+00 1.170093069442389888e+00 = 2.640730000000000000e+05 @ 1.000000000000000000e+00
7.706277251693546937e+00 2.193280047903744645e+00 4.111207141567370549e+00 = 2.665990000000000000e+05 @ 9.962226944137642093e-01
1.170108377851260872e+00 4.111197468512989950e+00 7.706316223902930140e+00 = 2.696800000000000000e+05 @ 1.000000000000000000e+00
2.193280051202495695e+00 6.242284332670452462e-01 3.330184354422949800e-01 = 2.719490000000000000e+05 @ 1.000000000000000000e+00
7.706275222379312950e+00 7.706249874096165797e+00 2.193299074231779500e+00 = 2.779120000000000000e+05 @ 9.999999999999991118e-01
7.706277259782369882e+00 2.193280050252146562e+00 1.170088791964779995e+00 = 2.804100000000000000e+05 @ 1.000000000000000000e+00
2.193280047645555619e+00 4.111207139207905925e+00 2.193280047159246404e+00 = 2.835010000000000000e+05 @ 9.999931753488726649e-01
4.111207144395008228e+00 2.193280052200709207e+00 2.193280049973182599e+00 = 2.888420000000000000e+05 @ 1.000000000000000000e+00
6.243603702038951209e-01 2.193891544706398467e+00 4.113410614411854738e+00 = 2.907240000000000000e+05 @ 1.000000000000000000e+00
2.193280052152216442e+00 2.193280048815872352e+00 4.111207140279635297e+00 = 2.920150000000000000e+05 @ 9.999999999999997780e-01
4.111207159244834486e+00 4.111207119372360275e+00 1.170088786603564968e+00 = 2.933040000000000000e+05 @ 9.999999985345873199e-01
4.111207141304424439e+00 2.193280054358717646e+00 6.242284339316663822e-01 = 2.938930000000000000e+05 @ 1.000000000000000000e+00
2.193280047540245192e+00 4.111207135807245727e+00 4.111207143438073253e+00 = 2.998460000000000000e+05 @ 9.999999948097122449e-01
2.218957624464695133e+00 7.777942463163683762e+00 1.172883831081196426e+00 = 3.041000000000000000e+05 @ 1.000000000000000000e+00
4.111207146339273422e+00 2.193280051585317025e+00 4.111207139171572322e+00 = 3.071860000000000000e+05 @ 9.999999966248733774e-01
7.706277249488728387e+00 4.111207137590231930e+00 6.242284330122610525e-01 = 3.093530000000000000e+05 @ 9.999609376928656479e-01
2.193280241486945226e+00 1.170089063425732601e+00 7.706258811543757581e+00 = 3.133680000000000000e+05 @ 1.000000000000000000e+00
6.242284335554184604e-01 1.170088788596399976e+00 4.111207137679871337e+00 = 3.153900000000000000e+05 @ 9.999999869931956997e-01
4.111207145603294144e+00 1.170088786743015419e+00 4.111207147461254152e+00 = 3.162030000000000000e+05 @ 9.970297182680323278e-01
2.193280048285737305e+00 2.193280050760780586e+00 2.193280048168161134e+00 = 3.191720000000000000e+05 @ 9.999999948901434621e-01
2.086670181634297183e+00 6.421323601906727685e-01 2.228312590387326875e+00 = 3.231970000000000000e+05 @ 1.000000000000000000e+00
4.111207144877062625e+00 4.111207132501538908e+00 2.193280041242672507e+00 = 3.296170000000000000e+05 @ 1.000000000000000000e+00
7.703781511490549683e+00 6.243783700854478314e-01 7.714485015734815043e+00 = 3.324840000000000000e+05 @ 9.999999964330580360e-01
1.170077901756975347e+00 4.111241503479403647e+00 1.170066272944966679e+00 = 3.349920000000000000e+05 @ 9.999987239076547629e-01
4.111148139654310363e+00 2.193289784736891068e+00 1.170089848663718124e+00 = 3.384520000000000000e+05 @ 9.999999999999997780e-01
6.242284322895759185e-01 2.193280053899917537e+00 7.706277231786142323e+00 = 3.396290000000000000e+05 @ 9.999999951789473318e-01
4.111207136842560672e+00 4.111207142407067749e+00 4.111207150261209975e+00 = 3.409190000000000000e+05 @ 1.000000000000000000e+00
7.706277250111106092e+00 1.170088787567280741e+00 4.111207138834927832e+00 = 3.451450000000000000e+05 @ 9.999999999999995559e-01
1.170088788418577774e+00 6.242284341047389384e-01 2.193280049215667660e+00 = 3.471950000000000000e+05 @ 1.000000000000000000e+00
1.170088788164374449e+00 7.706277264634313617e+00 1.170088788003340152e+00 = 3.507340000000000000e+05 @ 9.999999999971476150e-01
4.124249718030011280e+00 7.526489968647320339e+00 6.265182305888616909e-01 = 3.541100000000000000e+05 @ 1.000000000000000000e+00
1.169997329958033738e+00 1.170157382703220117e+00 1.170018288480106694e+00 = 3.613750000000000000e+05 @ 1.000000000000000000e+00
4.111207163095046191e+00 6.242284337259151883e-01 4.111207148865873684e+00 = 3.664940000000000000e+05 @ 9.999999999999997780e-01
4.129987367886998051e+00 1.168135265766414577e+00 1.170026027842445693e+00 = 3.675000000000000000e+05 @ 1.000000000000000000e+00
6.242284336501375819e-01 7.706277252041839887e+00 2.193280053808956520e+00 = 3.687050000000000000e+05 @ 9.999836048272687794e-01
1.170089421249334682e+00 1.170103282155237068e+00 7.706193754865783063e+00 = 3.707550000000000000e+05 @ 1.000000000000000000e+00
4.111207137121712485e+00 6.242284332554742798e-01 2.193280051650146500e+00 = 3.729120000000000000e+05 @ 1.000000000000000000e+00
4.111142058093863128e+00 7.706361811880161561e+00 1.170087789408447376e+00 = 3.742290000000000000e+05 @ 9.999998572020130094e-01
2.193272299287132299e+00 7.706248747425416212e+00 2.193270089963138769e+00 = 3.781930000000000000e+05 @ 1.000000000000000000e+00
4.111207150930103360e+00 1.170088788839388272e+00 3.330184345816774028e-01 = 3.791180000000000000e+05 @ 1.000000000000000000e+00
6.210410219478846860e-01 3.321924680973922239e-01 2.139728820080022409e+00 = 3.822620000000000000e+05 @ 1.000000000000000000e+00
6.217676292041686148e-01 6.199031376172168262e-01 2.069700844173575138e+00 = 3.832300000000000000e+05 @ 9.999999999999995559e-01
2.191447436707620877e+00 3.329266790903041007e-01 1.169571633796363308e+00 = 3.857280000000000000e+05 @ 1.000000000000000000e+00
1.170113310895206427e+00 1.170094357349441339e+00 4.111204189311393975e+00 = 3.869330000000000000e+05 @ 9.998604411333325004e-01
6.242284309978802792e-01 7.706277207510105143e+00 7.706277217200292462e+00 = 3.892720000000000000e+05 @ 9.999999999999997780e-01
7.706276552304848870e+00 2.193280111219741091e+00 6.242284417626758897e-01 = 3.901970000000000000e+05 @ 1.000000000000000000e+00
1.170088785991987068e+00 2.193280054727127837e+00 4.111207130794755749e+00 = 3.913180000000000000e+05 @ 9.999069215104140484e-01
6.242284332665747337e-01 4.111207144399664060e+00 4.111207136327875489e+00 = 3.945110000000000000e+05 @ 1.000000000000000000e+00
6.241366441549777155e-01 7.709179515525442561e+00 4.112579436706051972e+00 = 3.958000000000000000e+05 @ 9.999956645367760188e-01
4.111207681898589428e+00 1.170091056207390512e+00 6.242300058610714686e-01 = 3.988000000000000000e+05 @ 1.000000000000000000e+00
