-7.708313735443826253e+00 -8.003211013674765839e-01 5.482864206046938804e+00 = 1.656100000000000000e+04 @ 2.709093505571961941e+03
-7.083506405684521390e+00 -7.083506406266811162e+00 -7.708313735396314925e+00 = 4.530600000000000000e+04 @ 2.709093505572828235e+03
5.482864206357602299e+00 5.482864206178247102e+00 -1.425128428392200330e+00 = 5.603600000000000000e+04 @ 2.709093505572828235e+03
-7.708313732873864232e+00 -7.083506407530284044e+00 -8.003211025236548481e-01 = 5.974300000000000000e+04 @ 2.709093505572828235e+03
-7.083506406857982718e+00 5.482864207437165405e+00 -1.425128426524033820e+00 = 6.823300000000000000e+04 @ 2.709093505568587261e+03
-8.003211012021417270e-01 5.482864207295057746e+00 -7.708313735099009634e+00 = 6.963400000000000000e+04 @ 2.709093505572828235e+03
-7.083506406014614676e+00 -7.708313734524010030e+00 -8.003211011953685894e-01 = 7.363700000000000000e+04 @ 2.709093505571542664e+03
4.858056878413259838e+00 -7.083506406848133707e+00 -8.003211016465351380e-01 = 7.689100000000000000e+04 @ 2.709093505572827780e+03
-7.083506405784636861e+00 -7.083506409304004769e+00 4.858056878893721731e+00 = 1.163370000000000000e+05 @ 2.709093505572827780e+03
-1.425043943352893860e+00 -8.006523168574478655e-01 -7.989709449243891370e-01 = 1.177380000000000000e+05 @ 2.709093505572478534e+03
-8.003211006193228227e-01 5.482864207635877563e+00 -1.425128428462338004e+00 = 1.360510000000000000e+05 @ 2.709093505572827780e+03
5.482864207065786921e+00 -7.708313735212857232e+00 -7.083506406102338282e+00 = 1.408120000000000000e+05 @ 2.709093505572827780e+03
-1.425128427618068683e+00 5.482864206116626171e+00 5.482864206220949832e+00 = 1.518130000000000000e+05 @ 2.709093505572828235e+03
-7.083506407049492637e+00 -1.425128426932005254e+00 -7.083506407661844584e+00 = 1.778920000000000000e+05 @ 2.709093505569811441e+03
-7.083506406697098967e+00 5.482864205770487942e+00 -7.708313736605350464e+00 = 1.790970000000000000e+05 @ 2.709093505570715479e+03
-8.003211003447737726e-01 -8.003210987902732443e-01 -7.708313735515757159e+00 = 1.812590000000000000e+05 @ 2.709093505539543457e+03
-8.003210987478619476e-01 4.858056877673641694e+00 -8.003211014060103157e-01 = 1.822680000000000000e+05 @ 2.709093505572828235e+03
-7.083506407386495951e+00 5.482864208262752115e+00 4.858056881422891493e+00 = 1.908700000000000000e+05 @ 2.709093505572828235e+03
-7.083506410291315447e+00 -1.425128429845956113e+00 -8.003211009483885974e-01 = 1.974510000000000000e+05 @ 2.709093505569010631e+03
-8.003209314366915850e-01 5.482864262474771877e+00 4.858056494577659201e+00 = 1.996970000000000000e+05 @ 2.709093505572828235e+03
4.858056879817053364e+00 5.482864206256930828e+00 -7.083506407967663066e+00 = 2.053500000000000000e+05 @ 2.709093505570776415e+03
-7.083506487649015249e+00 -8.003211532123057914e-01 4.858056945486052491e+00 = 2.087390000000000000e+05 @ 2.709093505571578135e+03
-8.003211205217760638e-01 -1.425128291730044516e+00 5.482864288324125646e+00 = 2.161040000000000000e+05 @ 2.709093505572827780e+03
-7.083506465741058022e+00 -7.708313798928852378e+00 -7.083506357328159808e+00 = 2.190170000000000000e+05 @ 2.709093505572828690e+03
4.858056881948543904e+00 5.482863981197650283e+00 5.482864444671304405e+00 = 2.317710000000000000e+05 @ 2.709093505572769573e+03
5.482864207444552385e+00 4.858056879050936416e+00 -7.083506406709330072e+00 = 2.355240000000000000e+05 @ 2.709093505572828235e+03
5.482864206935586182e+00 5.482864205973416283e+00 -7.708313736490892687e+00 = 2.391140000000000000e+05 @ 2.709093505572131107e+03
5.482864205081366293e+00 -1.425128428537846048e+00 5.482864208913144743e+00 = 2.444810000000000000e+05 @ 2.709093505561369511e+03
-8.003211021238131329e-01 -7.083506407319515752e+00 -7.708313734674545614e+00 = 2.468670000000000000e+05 @ 2.709093505565440410e+03
5.482864046893866750e+00 -1.425128337049554439e+00 -8.003208462987219107e-01 = 2.479320000000000000e+05 @ 2.709093505572235244e+03
-8.003211008080377553e-01 -8.003210992425660031e-01 -1.425128430573321614e+00 = 2.514050000000000000e+05 @ 2.709093505572827780e+03
-1.425128427623453709e+00 -8.003211002669120555e-01 -7.083506408021543521e+00 = 2.551860000000000000e+05 @ 2.709093505570746402e+03
-8.003209799150117210e-01 4.858056449174712910e+00 5.482864277652572227e+00 = 2.598630000000000000e+05 @ 2.709093505572827780e+03
-8.003211001745859088e-01 -1.425128427927681241e+00 -7.083506406614697326e+00 = 2.613760000000000000e+05 @ 2.709093505565957457e+03
-8.003208741189742348e-01 -8.003209877027518404e-01 4.858056849038081104e+00 = 2.631180000000000000e+05 @ 2.709093505572827780e+03
-1.425128426837008799e+00 -7.083506408578206681e+00 -8.003210994720336702e-01 = 2.671230000000000000e+05 @ 2.709093505572827326e+03
5.482864165845112936e+00 -8.003211638015910179e-01 -7.708313625490152532e+00 = 2.688000000000000000e+05 @ 2.709093505569654099e+03
-8.003207644955848687e-01 4.858056570660840734e+00 -7.083506276105921096e+00 = 2.788860000000000000e+05 @ 2.709093505572828235e+03
4.858057456095223436e+00 -8.003211659214776175e-01 5.482864247182143380e+00 = 2.833110000000000000e+05 @ 2.709093505572827780e+03
-7.083506488923251077e+00 4.858056971406194968e+00 -7.083506485431223965e+00 = 2.887160000000000000e+05 @ 2.709093505572828235e+03
-8.003211020592833069e-01 -7.083506407766375190e+00 4.858056878456581629e+00 = 2.915450000000000000e+05 @ 2.709093505572828235e+03
-7.708313763593305445e+00 -7.083506381139758723e+00 -7.083506423645548722e+00 = 2.948500000000000000e+05 @ 2.709093505569381250e+03
5.482864205156337434e+00 -7.083506407401658933e+00 -7.708313735270776235e+00 = 3.018280000000000000e+05 @ 2.709093505572500817e+03
-1.425128427087460237e+00 -7.083506407372071045e+00 5.482864205985829464e+00 = 3.070650000000000000e+05 @ 2.709093505571969672e+03
-1.425128279124693309e+00 -7.083506356354663858e+00 -7.083506520944879981e+00 = 3.081860000000000000e+05 @ 2.709093505572383037e+03
-1.425128660011963921e+00 -8.003210524575264939e-01 5.482864135869554012e+00 = 3.091950000000000000e+05 @ 2.709093505572828235e+03
-7.708313735182604987e+00 -8.003211002648217276e-01 -7.083506405042969689e+00 = 3.183010000000000000e+05 @ 2.709093505566816930e+03
5.482864155514157289e+00 -7.708313992130110037e+00 5.482863990092186945e+00 = 3.211300000000000000e+05 @ 2.709093505572827780e+03
5.482864205962534321e+00 4.858056878266497236e+00 -8.003210990512916734e-01 = 3.241270000000000000e+05 @ 2.709093505572828690e+03
-7.083506407041518571e+00 -7.708313736850476161e+00 5.482864209674359834e+00 = 3.286320000000000000e+05 @ 2.709093505572828235e+03
-7.708313618272158330e+00 5.482865203728404246e+00 -7.083506579632503630e+00 = 3.433890000000000000e+05 @ 2.709093505572828690e+03
-7.083506299154453956e+00 -1.425128557885314340e+00 5.482864397432136272e+00 = 3.463020000000000000e+05 @ 2.709093505572828235e+03
-7.083506394072843548e+00 4.858057100562992225e+00 -8.003208953957013927e-01 = 3.547590000000000000e+05 @ 2.709093505572827780e+03
4.858056878261026057e+00 5.482864205955209513e+00 -8.003210993947260654e-01 = 3.628850000000000000e+05 @ 2.709093505572827780e+03
-7.083506407179890552e+00 -7.083506410087460736e+00 -1.425128427215160754e+00 = 3.642580000000000000e+05 @ 2.709093505572827780e+03
-1.425128429051530032e+00 5.482864206286036435e+00 -7.083506403315277922e+00 = 3.682910000000000000e+05 @ 2.709093505572827780e+03
-7.708313713357438424e+00 -7.083506507925970475e+00 5.482864223172979834e+00 = 3.712400000000000000e+05 @ 2.709031315450522470e+03
-1.425128428493020349e+00 5.482864202922966612e+00 -8.003210999979089024e-01 = 3.780450000000000000e+05 @ 2.709093505572828235e+03
5.482864207759393871e+00 -8.003211008850343866e-01 -1.425128430196408225e+00 = 3.837020000000000000e+05 @ 2.709093505572828235e+03
-7.083506215388712057e+00 -8.003210543782600661e-01 -1.425128398189198675e+00 = 3.849910000000000000e+05 @ 2.709093505572828235e+03
-8.003211011217631343e-01 -7.708313736546200445e+00 -8.003210992269276236e-01 = 3.903680000000000000e+05 @ 2.709093505572828235e+03
5.482864154904555143e+00 4.858056716899792349e+00 5.482863887520306179e+00 = 3.919090000000000000e+05 @ 2.709093505572827780e+03
-8.003210990525159163e-01 -7.708313736070584454e+00 5.482864204320247126e+00 = 3.944300000000000000e+05 @ 2.709093505572827780e+03
4.858056878434398485e+00 -8.003211013080251401e-01 -7.083506408975977386e+00 = 3.958870000000000000e+05 @ 2.709093505572828235e+03
4.858056877180489508e+00 -8.003210996080218909e-01 -8.003211000751966342e-01 = 3.972040000000000000e+05 @ 2.709093505572828235e+03
5.482864166229301617e+00 5.482864154586994943e+00 4.858057025366116832e+00 = 3.984640000000000000e+05 @ 2.709093505572828235e+03
