4.858056877851803179e+00 -7.083506406922073673e+00 -8.003211004712287302e-01 = 2.586000000000000000e+04 @ 2.709093505572827780e+03
4.858056877579402411e+00 5.482864206069552715e+00 -8.003211033873047775e-01 = 3.398600000000000000e+04 @ 2.709093505572828235e+03
-1.425128428154810889e+00 5.482864207773849863e+00 5.482864204963916244e+00 = 5.936500000000000000e+04 @ 2.709093505572828235e+03
-8.003211028111304470e-01 -1.425128428292758098e+00 -8.003211023659184686e-01 = 7.285300000000000000e+04 @ 2.709093505572815957e+03
-7.083506407243186587e+00 -7.083506406788014687e+00 -1.425128426568157414e+00 = 7.377800000000000000e+04 @ 2.709093505572827780e+03
-8.003211026853983556e-01 4.858056880205078087e+00 -8.003211016605634720e-01 = 7.686700000000000000e+04 @ 2.709093505572773665e+03
4.858056878561045622e+00 5.482864207630870901e+00 -7.083506408929378217e+00 = 7.804400000000000000e+04 @ 2.709093505572828235e+03
-8.003211016725494398e-01 4.858056880410672740e+00 -7.083506409478362187e+00 = 1.004370000000000000e+05 @ 2.709093505572703634e+03
5.482864208504222958e+00 -7.708313736884212730e+00 -8.003211016254676569e-01 = 1.046150000000000000e+05 @ 2.709093505572828235e+03
5.482864205630745502e+00 -1.425128428116842816e+00 5.482864208234458303e+00 = 1.060160000000000000e+05 @ 2.709093505572828235e+03
-1.425128429235333893e+00 -7.083506406332791272e+00 -8.003211002002187380e-01 = 1.123170000000000000e+05 @ 2.709093505572828235e+03
4.858056879151861907e+00 -8.003211009099507889e-01 -7.083506409037811480e+00 = 1.220670000000000000e+05 @ 2.709093505572828235e+03
5.482864206957271946e+00 -8.003211011847810585e-01 -1.425128427268661957e+00 = 1.319300000000000000e+05 @ 2.709093505572827780e+03
5.482864205061480867e+00 -7.083506409527974945e+00 4.858056880638274677e+00 = 1.364390000000000000e+05 @ 2.709093505547118639e+03
4.858056877716316890e+00 -7.083506407818123130e+00 5.482864204386744156e+00 = 1.374480000000000000e+05 @ 2.709093505572828235e+03
-7.708313737244244734e+00 5.482864205886088804e+00 -8.003211002917399730e-01 = 1.490230000000000000e+05 @ 2.709093505572827780e+03
-7.708313737303290836e+00 5.482864206360627435e+00 -7.083506409319469732e+00 = 1.562200000000000000e+05 @ 2.709093505570012439e+03
5.482864359399705734e+00 5.482864358569782048e+00 -1.425128514315574968e+00 = 1.598100000000000000e+05 @ 2.709093505572827780e+03
-7.083506408277515654e+00 -7.708313736739326849e+00 5.482864204979291500e+00 = 1.684910000000000000e+05 @ 2.709093505572828235e+03
-8.003210999920152835e-01 -7.083506190717778317e+00 -1.425128534578643524e+00 = 1.712080000000000000e+05 @ 2.709093505572827780e+03
-8.003210972621300767e-01 4.858056698041812282e+00 5.482864161960301352e+00 = 1.726090000000000000e+05 @ 2.709093505560662379e+03
5.482864125179434112e+00 -1.425128543925697544e+00 -8.003210372465388023e-01 = 1.804500000000000000e+05 @ 2.709093505572828235e+03
-7.083506408845075875e+00 5.482864206611487212e+00 -7.708313733103272725e+00 = 1.819910000000000000e+05 @ 2.709093505570926936e+03
-7.083506408532127985e+00 5.482864206666077322e+00 4.858056880557272805e+00 = 1.830840000000000000e+05 @ 2.709093505560848371e+03
-7.083506406916372455e+00 -7.083506407209933187e+00 4.858056876176087613e+00 = 1.873460000000000000e+05 @ 2.709093505572828235e+03
-1.425128331741310372e+00 5.482864257249082662e+00 -7.083506474160575550e+00 = 1.907350000000000000e+05 @ 2.709093505572828235e+03
-1.425128421201078632e+00 -8.003213928524136600e-01 5.482864150240631673e+00 = 1.920240000000000000e+05 @ 2.709093505572828235e+03
-8.003210673703131661e-01 5.482864145679031687e+00 4.858056861147171723e+00 = 2.078130000000000000e+05 @ 2.709093505572827780e+03
-1.425128447314170765e+00 -8.003210571520781302e-01 -8.003210061752894511e-01 = 2.182300000000000000e+05 @ 2.709093505568891942e+03
-7.083506407658497039e+00 -1.425128427257211339e+00 5.482864208082491864e+00 = 2.240270000000000000e+05 @ 2.709093505572828235e+03
-7.083506765824117757e+00 4.858056961384206396e+00 -8.003212279093968595e-01 = 2.497120000000000000e+05 @ 2.709093505572828235e+03
5.482864209688079526e+00 -7.083506407609694300e+00 -1.425128427301366241e+00 = 2.511970000000000000e+05 @ 2.709093505572828235e+03
-7.708313734807182627e+00 -8.003210984013423568e-01 -7.083506406940931477e+00 = 2.537230000000000000e+05 @ 2.709093505572827780e+03
-7.083506411319385521e+00 -8.003210994717480098e-01 -7.708313733789820432e+00 = 2.569720000000000000e+05 @ 2.709093505567962438e+03
5.482864204848531209e+00 5.482864207418485236e+00 -7.708313734445332521e+00 = 2.591850000000000000e+05 @ 2.709093505572827780e+03
-7.083506550401360791e+00 5.482863894872061827e+00 -1.425128358639298209e+00 = 2.885130000000000000e+05 @ 2.709093505572468530e+03
-7.083506405058580313e+00 -8.003211010184125840e-01 4.858056881688058937e+00 = 2.904970000000000000e+05 @ 2.709093505572660433e+03
4.858056877925692518e+00 -7.083506406444143977e+00 -7.083506406489061824e+00 = 2.975260000000000000e+05 @ 2.709093505569981971e+03
-7.708313734679249407e+00 -8.003211009237302109e-01 -8.003210986008911787e-01 = 2.984510000000000000e+05 @ 2.709093505572287995e+03
-8.003210996434562130e-01 -8.003210999312663221e-01 -7.708313734277146168e+00 = 3.089570000000000000e+05 @ 2.709093505572828235e+03
-7.708313856201639780e+00 -7.083505845197058726e+00 5.482864001952748367e+00 = 3.103020000000000000e+05 @ 2.709093505572828690e+03
-1.425128262630641185e+00 -7.083506443541195630e+00 -7.083506237274415085e+00 = 3.144470000000000000e+05 @ 2.709093505572828235e+03
5.482864205542766989e+00 -7.708313734871031997e+00 -7.083506406819176426e+00 = 3.160440000000000000e+05 @ 2.709093505572032427e+03
-7.083505839999514997e+00 -7.708313784976716043e+00 -7.083506173940524064e+00 = 3.186210000000000000e+05 @ 2.709093505571655442e+03
-8.003211003856186556e-01 -1.425128426708027529e+00 5.482864209346379525e+00 = 3.196860000000000000e+05 @ 2.709093505570936486e+03
-8.003211001514457523e-01 5.482864206448551769e+00 -7.708313736911312830e+00 = 3.206390000000000000e+05 @ 2.709093505572828235e+03
-1.425128428257257607e+00 -8.003211000231752470e-01 -7.083506408470009674e+00 = 3.220680000000000000e+05 @ 2.709093505571089736e+03
-8.003211190829503385e-01 -7.708313841887731499e+00 -7.083506682374971497e+00 = 3.229650000000000000e+05 @ 2.709093505572827780e+03
-8.003211017976110675e-01 -1.425128429313212930e+00 -7.083506409792493130e+00 = 3.242540000000000000e+05 @ 2.709093505572827780e+03
-8.003210998739748172e-01 -7.708313736532735660e+00 5.482864208575221276e+00 = 3.271910000000000000e+05 @ 2.709093505572828235e+03
-7.083505830925922453e+00 -7.708314230989456561e+00 -8.003206418323106641e-01 = 3.300760000000000000e+05 @ 2.709093505572828235e+03
-7.083506408852824343e+00 -8.003210991123803630e-01 -1.425128431485255032e+00 = 3.413050000000000000e+05 @ 2.709093505572827780e+03
5.482864203743655018e+00 4.858056879961091923e+00 -7.083506407958738649e+00 = 3.514140000000000000e+05 @ 2.709093505572828690e+03
5.482864206650715388e+00 -8.003210997979872676e-01 -7.708313735452260396e+00 = 3.605430000000000000e+05 @ 2.709093505572827780e+03
5.482864206963590448e+00 -8.003210999393908232e-01 4.858056880532098276e+00 = 3.679080000000000000e+05 @ 2.709093505572827780e+03
-7.708313734672734618e+00 -8.003211018994199621e-01 5.482864206967411391e+00 = 3.753010000000000000e+05 @ 2.709093505572828235e+03
5.482864195208882130e+00 4.858056838370467645e+00 -8.003210555870248211e-01 = 3.794740000000000000e+05 @ 2.709093505572828235e+03
4.858056879365884484e+00 -8.003210991881323233e-01 -8.003210993703110399e-01 = 3.807910000000000000e+05 @ 2.709093505572828235e+03
-7.708313723876098145e+00 -7.083506441239570073e+00 -7.083506388372430074e+00 = 3.820520000000000000e+05 @ 2.709093505572828235e+03
-7.083506408561058620e+00 -1.425128427043270918e+00 -7.083506407045506492e+00 = 3.833130000000000000e+05 @ 2.709093505572827780e+03
-8.003211051461380787e-01 -7.083506392704100207e+00 4.858056884766304151e+00 = 3.875140000000000000e+05 @ 2.709093505572827780e+03
-7.708313733857798056e+00 5.482864208728599031e+00 5.482864205474068164e+00 = 3.915750000000000000e+05 @ 2.709093505572827780e+03
-7.083506409431119977e+00 4.858056877615739566e+00 -7.083506408413011712e+00 = 3.942920000000000000e+05 @ 2.709093505572828235e+03
-8.003211006430718255e-01 5.482864206743368385e+00 -1.425128429000940278e+00 = 3.968680000000000000e+05 @ 2.709093505572828235e+03
