2.193280049314053404e+00 7.706277269617308079e+00 7.706277257821767535e+00 = 9.860000000000000000e+03 @ 9.999999999999997780e-01
7.706004954173922172e+00 7.706647763928643258e+00 1.170126459828699561e+00 = 2.022000000000000000e+04 @ 9.999999999999995559e-01
7.706277252232051289e+00 7.706277243976084712e+00 4.111207145566083021e+00 = 2.716000000000000000e+04 @ 9.892008370482041624e-01
4.111207146485499564e+00 7.706277269864616919e+00 7.706277261282324709e+00 = 6.185200000000000000e+04 @ 9.999999864754978152e-01
7.706277252774723863e+00 4.111207132482915583e+00 7.706277251111977478e+00 = 6.994000000000000000e+04 @ 9.999999999999995559e-01
7.706277257300430783e+00 4.111207150013642675e+00 4.111207148611729423e+00 = 7.747200000000000000e+04 @ 1.000000000000000000e+00
4.111653360554129222e+00 7.707255154562456134e+00 6.242726729941456831e-01 = 8.903600000000000000e+04 @ 9.998909963784665678e-01
4.111207137118527477e+00 2.193280052556545456e+00 7.706277266324293329e+00 = 9.306800000000000000e+04 @ 9.831042105045859625e-01
7.835269518048772142e+00 1.172826991114854556e+00 6.237819617560081964e-01 = 9.908800000000000000e+04 @ 1.000000000000000000e+00
4.111207142804294890e+00 4.111207139023800750e+00 7.706277279394777580e+00 = 1.061720000000000000e+05 @ 9.999150723460188406e-01
7.706277258396254659e+00 2.193280046814152673e+00 2.193280051027271416e+00 = 1.142600000000000000e+05 @ 1.000000000000000000e+00
1.170088786785900226e+00 7.706277249427978759e+00 2.193280050547417037e+00 = 1.186840000000000000e+05 @ 9.961945825334594939e-01
4.111207137517193466e+00 7.706277295229557289e+00 4.111207133114631596e+00 = 1.277840000000000000e+05 @ 9.999999928465783672e-01
7.706277256348056603e+00 7.706277264349980172e+00 2.193280047245681708e+00 = 1.322920000000000000e+05 @ 1.000000000000000000e+00
7.706277254159029866e+00 7.706277251339181511e+00 7.706277262866827904e+00 = 1.481640000000000000e+05 @ 1.000000000000000000e+00
7.706277259187279682e+00 1.170088787316682977e+00 4.111207152808753484e+00 = 1.508800000000000000e+05 @ 9.999999942139630171e-01
2.193280065187007022e+00 2.193280057790359283e+00 2.193280049080190253e+00 = 1.537920000000000000e+05 @ 1.000000000000000000e+00
4.111207143313698964e+00 7.706277253936828053e+00 1.170088789291561904e+00 = 1.617440000000000000e+05 @ 9.479706990536160838e-01
7.706277266529030001e+00 2.193280048445505059e+00 7.706277260009400720e+00 = 1.617440000000000000e+05 @ 9.628971656170208782e-01
4.111207136134600759e+00 2.193280049037578117e+00 6.242284342921260443e-01 = 1.632840000000000000e+05 @ 9.163479370691678394e-01
1.169415941485434152e+00 4.119406042086416697e+00 2.192743701477263940e+00 = 1.632840000000000000e+05 @ 9.518068437181254060e-01
2.193280049052036329e+00 7.706277260706365873e+00 2.193280049121675290e+00 = 1.688280000000000000e+05 @ 9.999999626223590177e-01
4.111207139562195856e+00 6.242284344990030043e-01 7.706277262190016408e+00 = 1.710680000000000000e+05 @ 1.000000000000000000e+00
7.706277258200485036e+00 1.170088789263602269e+00 7.706277257264218861e+00 = 1.790480000000000000e+05 @ 9.999999999999993339e-01
7.704704521014138052e+00 1.170090789765593886e+00 1.169997666747840448e+00 = 1.852640000000000000e+05 @ 9.477785663018141182e-01
2.193280054573751414e+00 4.111207139895737939e+00 2.193280048416535788e+00 = 1.865760000000000000e+05 @ 9.271516933040786501e-01
2.193280054069913998e+00 1.170088785494377781e+00 7.706277262551370910e+00 = 1.937720000000000000e+05 @ 9.999999923366904575e-01
4.111207138400497563e+00 2.193280047294084767e+00 4.111207147790149286e+00 = 2.036280000000000000e+05 @ 9.255281767507124169e-01
2.193270187743682431e+00 7.706200208836658128e+00 1.170088407122688690e+00 = 2.036280000000000000e+05 @ 9.495280104066581295e-01
4.111207136107793758e+00 4.111207145203792379e+00 2.193280046790821558e+00 = 2.036280000000000000e+05 @ 9.594464112378691123e-01
1.170088787067075087e+00 4.111207147809176732e+00 4.111207148962710001e+00 = 2.167320000000000000e+05 @ 9.554006225058435664e-01
2.193280048596513598e+00 4.111207143947710030e+00 6.242284327516568476e-01 = 2.193920000000000000e+05 @ 9.998850808027445192e-01
2.193280047328173055e+00 7.706277269143918751e+00 4.111207147264919648e+00 = 2.247120000000000000e+05 @ 9.999999990108321413e-01
7.706258529103370947e+00 4.111193894620866374e+00 2.193280717678272929e+00 = 2.285160000000000000e+05 @ 9.999999973238525852e-01
7.823527754827126479e+00 7.666716324516963610e+00 6.262770780756704569e-01 = 2.337520000000000000e+05 @ 1.000000000000000000e+00
7.844902297497024612e+00 7.673316235116462991e+00 3.311922072670162587e-01 = 2.434120000000000000e+05 @ 1.000000000000000000e+00
4.111239125452036625e+00 7.706292860403680223e+00 2.193299265009852839e+00 = 2.470520000000000000e+05 @ 9.999999999999997780e-01
6.242284327749847428e-01 7.706277252642827591e+00 7.706277250399710788e+00 = 2.485640000000000000e+05 @ 9.999999996188064788e-01
4.111207129899083768e+00 1.170088789763965131e+00 4.111207133711870298e+00 = 2.592320000000000000e+05 @ 1.000000000000000000e+00
6.242284338652527298e-01 4.111207131660213676e+00 4.111207141593852477e+00 = 2.608000000000000000e+05 @ 9.991279575028391147e-01
4.111207143620966065e+00 4.111207139939216049e+00 6.242284340244959040e-01 = 2.717440000000000000e+05 @ 9.999999999999997780e-01
2.193280054124758571e+00 2.193280052438629557e+00 7.706277266786736746e+00 = 2.751880000000000000e+05 @ 1.000000000000000000e+00
7.764412144732392385e+00 4.220260942590543962e+00 1.169203786426935121e+00 = 2.877320000000000000e+05 @ 9.948921035438086369e-01
1.169917426829902851e+00 2.194549663960365216e+00 7.755784292737583741e+00 = 2.915120000000000000e+05 @ 9.999999981868926691e-01
4.111207137797057598e+00 6.242284332389531620e-01 4.111207141781481944e+00 = 2.960480000000000000e+05 @ 9.000143232773472057e-01
7.706176020466431353e+00 2.193304985080340330e+00 4.111142973487964980e+00 = 2.961880000000000000e+05 @ 9.997916159335749064e-01
6.066153401636293907e-01 7.487196756485069216e+00 2.244424921628312752e+00 = 2.987320000000000000e+05 @ 1.000000000000000000e+00
1.170088788951422210e+00 4.111207144858835427e+00 7.706277245705216217e+00 = 2.998240000000000000e+05 @ 1.000000000000000000e+00
1.170088787268786623e+00 7.706277255676073246e+00 7.706277251349223256e+00 = 3.055360000000000000e+05 @ 1.000000000000000000e+00
4.111207137033863646e+00 1.170088789035496513e+00 2.193280050555757921e+00 = 3.067400000000000000e+05 @ 9.638556574838184066e-01
1.169239450142308234e+00 1.169900229268903136e+00 7.732964112764377340e+00 = 3.069360000000000000e+05 @ 9.999999909092376349e-01
2.197285351093547945e+00 3.951656657205073309e+00 2.049080257069149091e+00 = 3.091200000000000000e+05 @ 1.000000000000000000e+00
7.706275531483459673e+00 1.170089091477719112e+00 2.193257187151158139e+00 = 3.102960000000000000e+05 @ 9.993108381733808443e-01
1.172425236746570176e+00 2.231557833082064679e+00 1.172398813790909600e+00 = 3.147760000000000000e+05 @ 9.876911756690749389e-01
2.193280050694482508e+00 2.193280051944054065e+00 4.111207149039380226e+00 = 3.183600000000000000e+05 @ 1.000000000000000000e+00
1.170088791084334057e+00 2.193280053965934950e+00 2.193280056996153249e+00 = 3.206000000000000000e+05 @ 1.000000000000000000e+00
3.332661827775964536e-01 7.759673349466440939e+00 2.188838429250826945e+00 = 3.236800000000000000e+05 @ 9.999999999999997780e-01
1.170088788024991500e+00 7.706277243674489519e+00 4.111207141472654314e+00 = 3.249960000000000000e+05 @ 9.999999999999997780e-01
2.193279877261722799e+00 4.111226719005848018e+00 7.706280634537223229e+00 = 3.275160000000000000e+05 @ 1.000000000000000000e+00
4.111207130746049820e+00 4.111207149886125123e+00 4.111207136020874842e+00 = 3.286920000000000000e+05 @ 9.999999976439324367e-01
7.706277256110852569e+00 6.242284344671781282e-01 7.706277254775593555e+00 = 3.297840000000000000e+05 @ 9.939062915154897038e-01
1.170088786398671754e+00 4.111207144970425276e+00 6.242284342088231242e-01 = 3.297840000000000000e+05 @ 9.955865664690184413e-01
7.706370624945145131e+00 2.193287144590672977e+00 1.170086657401365082e+00 = 3.305680000000000000e+05 @ 9.999999997269606311e-01
6.242265557369747198e-01 2.193271734651422999e+00 7.706231068062588285e+00 = 3.318560000000000000e+05 @ 1.000000000000000000e+00
2.194607828150136442e+00 7.721249899592529609e+00 6.252666179610802955e-01 = 3.328640000000000000e+05 @ 1.000000000000000000e+00
2.117835005791013359e+00 7.990963599286992292e+00 2.165559484690094294e+00 = 3.345720000000000000e+05 @ 1.000000000000000000e+00
7.571684236040261418e+00 4.294970796722753725e+00 7.827142542744982556e+00 = 3.356080000000000000e+05 @ 1.000000000000000000e+00
7.482820269653201350e+00 4.042021464904419048e+00 8.050684078286257872e+00 = 3.366160000000000000e+05 @ 9.999999979951783580e-01
8.109014462745752994e+00 3.933241237018077818e+00 7.718175565200683153e+00 = 3.376800000000000000e+05 @ 1.000000000000000000e+00
4.111187281434552254e+00 1.170065895997068450e+00 7.706333731360770045e+00 = 3.386880000000000000e+05 @ 1.000000000000000000e+00
1.193687850656073302e+00 3.903992131154260914e+00 2.113480706802233655e+00 = 3.397800000000000000e+05 @ 1.000000000000000000e+00
2.152601351430464494e+00 4.316921038737858041e+00 4.199205543836479926e+00 = 3.418240000000000000e+05 @ 9.999992045485717185e-01
2.193280038071903970e+00 2.193280047875429073e+00 1.170088785335663184e+00 = 3.505560000000000000e+05 @ 1.000000000000000000e+00
4.111207140436615504e+00 2.193280053777844962e+00 2.193280054587685157e+00 = 3.597120000000000000e+05 @ 1.000000000000000000e+00
7.706115786078914454e+00 6.242483408137452505e-01 4.111091838153342337e+00 = 3.638000000000000000e+05 @ 1.000000000000000000e+00
7.529218301410807612e+00 4.034986180378765219e+00 4.301103060412263090e+00 = 3.648360000000000000e+05 @ 9.999273370119630133e-01
8.230858975163837243e+00 4.130272904499469711e+00 4.230703218339641580e+00 = 3.674400000000000000e+05 @ 1.000000000000000000e+00
2.151722743223563494e+00 1.216845551937506542e+00 4.188468117483371778e+00 = 3.687560000000000000e+05 @ 1.000000000000000000e+00
3.904379072327199829e+00 2.186367352563359123e+00 4.204936798629153927e+00 = 3.727600000000000000e+05 @ 1.000000000000000000e+00
6.242284328669700511e-01 7.706277252770604491e+00 4.111207142055173236e+00 = 3.748320000000000000e+05 @ 9.999999999999991118e-01
2.193283910733639708e+00 4.111132404510139615e+00 4.111222291084079217e+00 = 3.758960000000000000e+05 @ 9.999999999999997780e-01
6.242284338089750806e-01 4.111207138405127637e+00 7.706277243812594158e+00 = 3.790600000000000000e+05 @ 1.000000000000000000e+00
4.111207138582879672e+00 4.111207136872305767e+00 1.170088786785203672e+00 = 3.810760000000000000e+05 @ 1.000000000000000000e+00
1.170070504912917642e+00 2.193273202331180283e+00 4.111261577953789548e+00 = 3.821120000000000000e+05 @ 9.999999999999995559e-01
7.605184936646365301e+00 6.283287008952338493e-01 2.185900404800852570e+00 = 3.831480000000000000e+05 @ 1.000000000000000000e+00
1.170088787004488484e+00 7.706277250694479442e+00 1.170088786489113408e+00 = 3.843800000000000000e+05 @ 1.000000000000000000e+00
4.120138183179471447e+00 2.194628753078461170e+00 1.169977732362782907e+00 = 3.856120000000000000e+05 @ 9.999999999999997780e-01
2.193280049409493948e+00 1.170088788004137292e+00 6.242284330181794294e-01 = 3.865640000000000000e+05 @ 9.953182546829240085e-01
3.359486858775142526e-01 7.688901533554394874e+00 4.239156933807093353e+00 = 3.899240000000000000e+05 @ 1.000000000000000000e+00
2.194116282619920977e+00 4.101226109156835165e+00 1.169272665561358338e+00 = 3.910720000000000000e+05 @ 9.999994516354357987e-01
2.193280053754788739e+00 1.170088788647882128e+00 2.193280047033366653e+00 = 3.928080000000000000e+05 @ 1.000000000000000000e+00
7.706277222284048989e+00 4.111207145420991083e+00 3.330184350261871651e-01 = 3.947680000000000000e+05 @ 9.999999999999997780e-01
6.242253058685521827e-01 7.706114996156160579e+00 2.193239430010413660e+00 = 3.956640000000000000e+05 @ 1.000000000000000000e+00
6.096512286811791581e-01 6.211305032217253608e-01 7.643228819530161644e+00 = 3.965880000000000000e+05 @ 1.000000000000000000e+00
6.242284350381691604e-01 2.193280054286032232e+00 1.170088782290858331e+00 = 3.975680000000000000e+05 @ 9.999999233896751383e-01
1.170088785352158212e+00 4.111207143128885910e+00 1.170088787502644889e+00 = 3.988000000000000000e+05 @ 1.000000000000000000e+00
