5.482864207264757539e+00 -8.003211005159237557e-01 -7.708313735261432598e+00 = 1.500000000000000000e+04 @ 2.709093505563375857e+03
-7.083506408211832195e+00 -8.003211004597059475e-01 -1.425128428786006207e+00 = 1.836000000000000000e+04 @ 2.709093505569273930e+03
-7.083506405896724090e+00 -7.083506405405537443e+00 -1.425128428510957113e+00 = 3.946800000000000000e+04 @ 2.709093505561357688e+03
-8.003211003588752703e-01 -1.425128428328560570e+00 -8.003211001782946088e-01 = 4.492800000000000000e+04 @ 2.709093505572827780e+03
-7.083506407707276686e+00 -7.708313735701279867e+00 -7.083506406117473730e+00 = 4.873600000000000000e+04 @ 2.709093505572827780e+03
5.482864206324583378e+00 4.858056877640672511e+00 -7.083506406318960558e+00 = 5.794800000000000000e+04 @ 2.709093505572828235e+03
-8.003210991854696754e-01 -7.708313737216831996e+00 -7.083506405345045387e+00 = 7.228400000000000000e+04 @ 2.709093505570849175e+03
-7.708313737861741899e+00 5.482864207760087538e+00 -8.003211018606413152e-01 = 8.967200000000000000e+04 @ 2.709093505572828235e+03
-7.708313733949934132e+00 -8.003211003264808499e-01 -7.083506408519874675e+00 = 1.018480000000000000e+05 @ 2.709093505572828235e+03
-8.003210991383412631e-01 -7.083506407305160124e+00 -1.425128427325699887e+00 = 1.136360000000000000e+05 @ 2.709093505572782306e+03
-7.083506408197288273e+00 4.858056878168186543e+00 -8.003211015003410811e-01 = 1.170520000000000000e+05 @ 2.709093505572827780e+03
-7.083506409011954830e+00 -7.083506406833302904e+00 -7.708313734382839399e+00 = 1.225120000000000000e+05 @ 2.709093505568468572e+03
-8.003211034927801837e-01 -7.083506410955419774e+00 -7.708313737030933588e+00 = 1.447440000000000000e+05 @ 2.709093505572827780e+03
4.858056880196366834e+00 5.482864207054574557e+00 5.482864204408161690e+00 = 1.519640000000000000e+05 @ 2.709093505555400952e+03
4.858056879639898185e+00 -8.003211009214767913e-01 -7.083506407717094611e+00 = 1.536440000000000000e+05 @ 2.709093505572827780e+03
-7.083506407646713576e+00 -7.708313734700508846e+00 5.482864208180259880e+00 = 1.772480000000000000e+05 @ 2.709093505572827780e+03
-7.708313734946285578e+00 -8.003210996831530144e-01 5.482864205777644884e+00 = 1.880280000000000000e+05 @ 2.709093505572226604e+03
-8.003211017994807941e-01 5.482864206966585385e+00 -1.425128426452200392e+00 = 2.008240000000000000e+05 @ 2.709093505572828235e+03
-7.083506408444920410e+00 4.858056876926434953e+00 5.482864205740180630e+00 = 2.172560000000000000e+05 @ 2.709093505572827780e+03
4.858056878228227404e+00 5.482864205834649951e+00 -7.083506408725537717e+00 = 2.350640000000000000e+05 @ 2.709093505572828235e+03
-8.003210997638375845e-01 -1.425128426463635689e+00 5.482864207405230950e+00 = 2.451720000000000000e+05 @ 2.709093505563248982e+03
-7.083506406712865022e+00 -1.425128428082161447e+00 -7.083506406663163446e+00 = 2.475800000000000000e+05 @ 2.709093505572040158e+03
-7.083506406531076216e+00 5.482864207397808443e+00 -1.425128423515740206e+00 = 2.513040000000000000e+05 @ 2.709093505572570848e+03
5.482864207881368301e+00 -7.708313737311568659e+00 -8.003210991713874956e-01 = 2.623360000000000000e+05 @ 2.709093505572188860e+03
5.482864207884850849e+00 -7.083506408365395579e+00 -1.425128428438021455e+00 = 2.634280000000000000e+05 @ 2.709093505572828235e+03
5.482864207222095665e+00 -7.083506407220413692e+00 -7.708313734920336557e+00 = 2.646880000000000000e+05 @ 2.709093505571864625e+03
5.482864207785200783e+00 -7.708313733857648842e+00 -7.083506409742306609e+00 = 2.662560000000000000e+05 @ 2.709093505572827780e+03
5.482864171520860808e+00 5.482863999321025084e+00 -7.708314171349314847e+00 = 2.676280000000000000e+05 @ 2.709093505572828235e+03
5.482864205986407669e+00 -1.425128426853695895e+00 5.482864207979877946e+00 = 2.775360000000000000e+05 @ 2.709093505567026114e+03
5.482864207339138929e+00 -1.425128429480482906e+00 -8.003211008118923386e-01 = 2.816520000000000000e+05 @ 2.709093505569763238e+03
-1.425128428473314113e+00 -8.003210994886664764e-01 -7.083506409657617908e+00 = 2.825200000000000000e+05 @ 2.709093505568845103e+03
5.482864204195812441e+00 -8.003211012390724077e-01 -1.425128429724817902e+00 = 2.834440000000000000e+05 @ 2.709093505572828235e+03
-8.003211015270795814e-01 -1.425128428189256891e+00 -7.083506407016301409e+00 = 2.848440000000000000e+05 @ 2.709093505569559056e+03
5.482864207441966009e+00 -7.708313733706942728e+00 5.482864207000019086e+00 = 2.947560000000000000e+05 @ 2.709093505572828235e+03
-1.425128175879881942e+00 -7.083506357949901577e+00 5.482864027131459927e+00 = 3.008880000000000000e+05 @ 2.709093505572827780e+03
-8.003211007963427770e-01 4.858056878550017998e+00 5.482864207447651239e+00 = 3.022320000000000000e+05 @ 2.709093505572827780e+03
-7.083506273853059199e+00 -1.425128554790835222e+00 5.482864505726436022e+00 = 3.092600000000000000e+05 @ 2.709093505572827780e+03
-7.083506124828212513e+00 4.858056800765122141e+00 -7.083506503073911276e+00 = 3.151400000000000000e+05 @ 2.709093505572827780e+03
-8.003211905910887491e-01 -7.708313649100623444e+00 -8.003215065745425960e-01 = 3.197880000000000000e+05 @ 2.709093505572827780e+03
-8.003210996802112565e-01 4.858056877954071595e+00 -7.083506408620404926e+00 = 3.225040000000000000e+05 @ 2.709093505564983843e+03
-7.083506410451893665e+00 -1.425128427793877162e+00 -8.003210999306444862e-01 = 3.247160000000000000e+05 @ 2.709093505572828235e+03
-8.003212099750908193e-01 4.858056989256643199e+00 -8.003211722704963726e-01 = 3.259480000000000000e+05 @ 2.709093505572828690e+03
5.482864207123106404e+00 4.858056880046811798e+00 -8.003210990835865069e-01 = 3.272360000000000000e+05 @ 2.709093505572827780e+03
-8.003211245494051829e-01 5.482864103820977775e+00 4.858056787852381930e+00 = 3.286080000000000000e+05 @ 2.709093505572828235e+03
-7.708313658024002812e+00 -7.083506433868956620e+00 -7.083506376456602638e+00 = 3.302000000000000000e+05 @ 2.709093505572827780e+03
-7.083506494487127547e+00 -7.708313823356423455e+00 -8.003211945392533222e-01 = 3.315440000000000000e+05 @ 2.709093505572827780e+03
-7.708313486314589014e+00 -7.083506883189204295e+00 -8.003210164248049097e-01 = 3.357160000000000000e+05 @ 2.709093505572827780e+03
-7.708313734383123617e+00 5.482864209367508401e+00 5.482864205557510751e+00 = 3.432200000000000000e+05 @ 2.709093505572828690e+03
-1.425128429679495934e+00 -8.003211017145273054e-01 -8.003211006671199224e-01 = 3.447320000000000000e+05 @ 2.709093505572828690e+03
4.858056880553919044e+00 -8.003210995550713580e-01 -8.003210992753213571e-01 = 3.502760000000000000e+05 @ 2.709093505572827780e+03
-7.708313754515421223e+00 -8.003211725880329253e-01 -8.003209857957702678e-01 = 3.516480000000000000e+05 @ 2.709093505572828235e+03
5.482864206651101746e+00 4.858056876994568896e+00 5.482864207728296968e+00 = 3.529360000000000000e+05 @ 2.709093505572828235e+03
-7.083506405016203544e+00 -7.083506408807484611e+00 4.858056876135934843e+00 = 3.544200000000000000e+05 @ 2.709093505572828235e+03
-7.708313298045593953e+00 5.482864567435094649e+00 -7.083505947642721345e+00 = 3.652840000000000000e+05 @ 2.709093505572828235e+03
-1.425128428211547726e+00 5.482864206020563458e+00 5.482864208615747081e+00 = 3.683640000000000000e+05 @ 2.709093505572827780e+03
-7.708314079536082275e+00 -7.083506469324333921e+00 5.482864291941975665e+00 = 3.740760000000000000e+05 @ 2.709093505572828690e+03
-8.003210975543213479e-01 -8.003211002721234424e-01 4.858056880565344571e+00 = 3.796200000000000000e+05 @ 2.709093505572828235e+03
4.858056886057772417e+00 -7.083506431212596155e+00 -8.003211273811162707e-01 = 3.811040000000000000e+05 @ 2.709093505572827780e+03
-8.003210986415238981e-01 -8.003211011266065933e-01 -7.708313736102544667e+00 = 3.823920000000000000e+05 @ 2.709093505572828235e+03
-8.003210997572666185e-01 5.482864204691178855e+00 -7.708313734930703376e+00 = 3.837640000000000000e+05 @ 2.709093505572828235e+03
5.482864248460388445e+00 -7.083506217049865050e+00 4.858056729156548847e+00 = 3.851640000000000000e+05 @ 2.709093505572828235e+03
-7.083506407109705805e+00 -8.003211010439142958e-01 4.858056879398725769e+00 = 3.903440000000000000e+05 @ 2.709093505572828690e+03
-1.425128428092169441e+00 -7.083506407557301543e+00 -7.083506407559046814e+00 = 3.929760000000000000e+05 @ 2.709093505572828235e+03
5.482864205506485789e+00 5.482864208338602552e+00 -1.425128427590508728e+00 = 3.943480000000000000e+05 @ 2.709093505572827780e+03
4.858056472995724739e+00 -7.083506724222802475e+00 5.482864496162429546e+00 = 3.957760000000000000e+05 @ 2.709093505572827780e+03
-8.003211193135119084e-01 -7.083506725570410723e+00 4.858056973195199468e+00 = 3.971760000000000000e+05 @ 2.709093505572827780e+03
5.482864229530869160e+00 5.482863765187982352e+00 4.858057185701357916e+00 = 3.984920000000000000e+05 @ 2.709093505572828690e+03
