5.482864206680851282e+00 -1.425128426021513572e+00 5.482864206318550870e+00 = 1.662800000000000000e+04 @ 2.709093505572827780e+03
-7.083506406944870548e+00 5.482864206145396935e+00 -7.708313735669789502e+00 = 3.102300000000000000e+04 @ 2.709093505572827780e+03
-8.003210983127231337e-01 -7.083506407020426998e+00 4.858056878340095253e+00 = 3.995200000000000000e+04 @ 2.709093505568002911e+03
5.482864207494250408e+00 5.482864206323354139e+00 -7.708313735745113249e+00 = 4.553000000000000000e+04 @ 2.709093505570014713e+03
-7.708313734750595003e+00 5.482864205785403122e+00 5.482864205987410422e+00 = 7.160900000000000000e+04 @ 2.709093505572577669e+03
-1.425128429120886775e+00 -8.003211008759065770e-01 -7.083506407146860973e+00 = 8.751400000000000000e+04 @ 2.709093505572828690e+03
4.858056880148689416e+00 -7.083506406176820924e+00 -8.003210995814294959e-01 = 1.055760000000000000e+05 @ 2.709093505572827780e+03
-8.003210993936908935e-01 -7.708313735299325842e+00 -7.083506408521142994e+00 = 1.071170000000000000e+05 @ 2.709093505569966055e+03
4.858056878696347169e+00 -8.003211012856888962e-01 -8.003211020619998006e-01 = 1.233960000000000000e+05 @ 2.709093505571699097e+03
-7.083506408705703805e+00 -8.003210998770095008e-01 -7.708313736031000118e+00 = 1.258330000000000000e+05 @ 2.709093505572827780e+03
5.482864208065455713e+00 -1.425128427378163698e+00 -7.083506406337098049e+00 = 1.309350000000000000e+05 @ 2.709093505572828235e+03
5.482864204831271238e+00 -7.083506405567963959e+00 4.858056878733444606e+00 = 1.323360000000000000e+05 @ 2.709093505563819235e+03
5.482864208990084975e+00 -7.708313734820817942e+00 -8.003211021305500772e-01 = 1.428980000000000000e+05 @ 2.709093505572828235e+03
-7.708313736120805615e+00 5.482864208722516786e+00 -8.003210999358888467e-01 = 1.442150000000000000e+05 @ 2.709093505572827780e+03
-8.003210991330110824e-01 -1.425128429146557352e+00 -8.003211000950519738e-01 = 1.492840000000000000e+05 @ 2.709093505572828235e+03
5.482864205623270593e+00 4.858056877751086411e+00 5.482864208034476050e+00 = 1.625680000000000000e+05 @ 2.709093505560941139e+03
5.482864207104277021e+00 5.482864205105641098e+00 -1.425128428428028782e+00 = 1.634650000000000000e+05 @ 2.709093505572828235e+03
-1.425128428389718982e+00 5.482864206145057651e+00 5.482864208933526662e+00 = 1.689920000000000000e+05 @ 2.709093505572827780e+03
-7.708313735065734917e+00 -7.083506408496504925e+00 5.482864208171387865e+00 = 1.869180000000000000e+05 @ 2.709093505570566776e+03
-7.083506358850619300e+00 5.482864408982096371e+00 4.858057173842341037e+00 = 1.879830000000000000e+05 @ 2.709093505571974674e+03
-8.003211005088020080e-01 4.858056881274025685e+00 5.482864207630235853e+00 = 1.939200000000000000e+05 @ 2.709093505572828235e+03
5.482864396439417476e+00 -7.083507118691093396e+00 -1.425127700033293365e+00 = 1.971410000000000000e+05 @ 2.709093505572828235e+03
-8.003050460053818815e-01 -8.003622064398721037e-01 -1.424858598491711259e+00 = 2.000820000000000000e+05 @ 2.709093505567081593e+03
-7.708313737379709707e+00 -8.003210999473551190e-01 -8.003210999033446571e-01 = 2.012630000000000000e+05 @ 2.709093505572809136e+03
-7.708313557346886391e+00 -8.003209954761926204e-01 -7.083506413493341647e+00 = 2.022720000000000000e+05 @ 2.709093505572828690e+03
-7.083506406631387087e+00 -7.708313737473380556e+00 -8.003211000519036000e-01 = 2.209550000000000000e+05 @ 2.709093505572828235e+03
-8.003214213782674502e-01 5.482864114340134876e+00 -7.708314128161277701e+00 = 2.276020000000000000e+05 @ 2.709093505572827780e+03
-8.003211332272643919e-01 -7.708313587257325850e+00 5.482864470476149776e+00 = 2.333430000000000000e+05 @ 2.709093505569338504e+03
4.858056940810833169e+00 -8.003210760239670707e-01 -7.083506108034978155e+00 = 2.344920000000000000e+05 @ 2.709093505561229904e+03
4.858056895793117391e+00 -7.083506523171758218e+00 -7.083506402423105364e+00 = 2.355010000000000000e+05 @ 2.709093505572630875e+03
-7.083506040467709930e+00 -7.708314193227921329e+00 -7.083506068763528063e+00 = 2.546820000000000000e+05 @ 2.709093505570285288e+03
-7.083505768485618859e+00 -7.083506445502648852e+00 -7.708313899889081000e+00 = 2.556910000000000000e+05 @ 2.709093505572827780e+03
4.858056879591282851e+00 -8.003211003306156535e-01 5.482864206704412879e+00 = 2.573160000000000000e+05 @ 2.709093505572828235e+03
5.482864205140095315e+00 -8.003211019739381316e-01 4.858056877447485711e+00 = 2.645970000000000000e+05 @ 2.709093505571805508e+03
5.482864207733096684e+00 -1.425128427669638764e+00 -8.003211006687258600e-01 = 2.680700000000000000e+05 @ 2.709093505571643618e+03
-7.708313810759841012e+00 5.482864037379827415e+00 -7.083506360163497995e+00 = 2.705350000000000000e+05 @ 2.709093505572827780e+03
5.482864269446439565e+00 4.858057040632512091e+00 -7.083506390807411179e+00 = 2.758840000000000000e+05 @ 2.709093505572827780e+03
-7.083506408531144771e+00 -8.003210978884159887e-01 4.858056878392106981e+00 = 2.772010000000000000e+05 @ 2.709093505572828235e+03
5.482864206435731802e+00 -8.003211014183631011e-01 -1.425128428823213111e+00 = 2.787140000000000000e+05 @ 2.709093505558769266e+03
-7.708313753219227848e+00 -7.083506131374556425e+00 -8.003211517518571405e-01 = 2.839240000000000000e+05 @ 2.709093505557737899e+03
-7.083506331848800741e+00 -7.083506413843059235e+00 -1.425128411874940770e+00 = 2.849890000000000000e+05 @ 2.709093505572388040e+03
-8.003209454855384486e-01 4.858057110931884637e+00 -7.083505877639542980e+00 = 2.912060000000000000e+05 @ 2.709093505569799618e+03
4.858056600479114806e+00 5.482864182332196634e+00 -7.083506570333356400e+00 = 2.960280000000000000e+05 @ 2.709093505569819172e+03
-8.003211000756881299e-01 -7.083506409110727375e+00 -1.425128427642043283e+00 = 2.971210000000000000e+05 @ 2.709093505564037514e+03
4.858056877744639124e+00 5.482864206281003128e+00 5.482864208487340463e+00 = 2.994740000000000000e+05 @ 2.709093505572828235e+03
-8.003211005844438342e-01 5.482864204907114569e+00 4.858056878622187824e+00 = 3.010430000000000000e+05 @ 2.709093505571398964e+03
-7.083506407174916752e+00 -8.003211091966419000e-01 -1.425128406898495292e+00 = 3.032560000000000000e+05 @ 2.709093505572828235e+03
-8.003210444704154103e-01 4.858057281302847308e+00 -8.003210282279118459e-01 = 3.073860000000000000e+05 @ 2.709090981032734362e+03
-7.083506409796950898e+00 4.858056876498581644e+00 5.482864205471336128e+00 = 3.090390000000000000e+05 @ 2.709093505537528472e+03
-8.003211017347180434e-01 -7.083506406795153865e+00 -7.708313732735467383e+00 = 3.192040000000000000e+05 @ 2.709093505572828235e+03
-7.708313579888534939e+00 -7.083506421651445173e+00 -7.083506378330444164e+00 = 3.269940000000000000e+05 @ 2.709093505568496312e+03
5.482864212982499375e+00 5.482864427724638112e+00 4.858056735729832987e+00 = 3.304670000000000000e+05 @ 2.709093505572828235e+03
-7.083506409291499217e+00 -1.425128428177129702e+00 -8.003211011201522007e-01 = 3.320080000000000000e+05 @ 2.709093505572827780e+03
4.858056879014329255e+00 -7.083506406859713778e+00 5.482864204810602438e+00 = 3.379130000000000000e+05 @ 2.709093505572827780e+03
-1.425128200481186713e+00 -7.083506919214390685e+00 -8.003208674914995546e-01 = 3.394260000000000000e+05 @ 2.709093505572827780e+03
-7.708313733222103892e+00 -8.003210998038635671e-01 5.482864206648603300e+00 = 3.465670000000000000e+05 @ 2.709093505572827780e+03
-8.003211009193125225e-01 -8.003211012558268944e-01 -7.708313738120812886e+00 = 3.509640000000000000e+05 @ 2.709093505572828235e+03
-7.083506408502117324e+00 4.858056880260557264e+00 -8.003210989246165585e-01 = 3.538770000000000000e+05 @ 2.709093505572828235e+03
-1.425128328447369030e+00 5.482863803517239454e+00 -7.083506079193847782e+00 = 3.579100000000000000e+05 @ 2.709093505572828690e+03
-7.083506408012728350e+00 4.858056879405475925e+00 -7.083506406230938524e+00 = 3.593670000000000000e+05 @ 2.709093505572827780e+03
-7.083506406371698816e+00 -1.425128429249534090e+00 -7.083506406667461341e+00 = 3.649120000000000000e+05 @ 2.709093505572828235e+03
4.858056701784066789e+00 5.482864162730548330e+00 -8.003211141161924447e-01 = 3.715770000000000000e+05 @ 2.709093505572828235e+03
-1.425128567805144630e+00 -8.003211009457469327e-01 5.482863944577925253e+00 = 3.800340000000000000e+05 @ 2.709093505572828235e+03
-8.003211004371019177e-01 -1.425128427833060263e+00 -7.083506406022936019e+00 = 3.854110000000000000e+05 @ 2.709093505572828235e+03
-7.083506407942460115e+00 -7.708313735793018040e+00 5.482864208625907843e+00 = 3.892760000000000000e+05 @ 2.709093505572827780e+03
-8.003211395762963587e-01 -7.708313705575693398e+00 -8.003210276948724555e-01 = 3.932250000000000000e+05 @ 2.709093505572828235e+03
-7.083506577951480310e+00 -1.425128513686645393e+00 5.482864432537397192e+00 = 3.947380000000000000e+05 @ 2.709093505572828690e+03
-8.003212013729004148e-01 -8.003209296710482867e-01 4.858056554321378506e+00 = 3.959990000000000000e+05 @ 2.709093505572828235e+03
5.482864205820166426e+00 -7.083506405507146830e+00 -7.708313737110698227e+00 = 3.973160000000000000e+05 @ 2.709093505572827780e+03
-1.425128429121824691e+00 5.482864206592019229e+00 -8.003210988148228289e-01 = 3.985200000000000000e+05 @ 2.709093505572827780e+03
