5.482864205680800573e+00 -7.708313736681018824e+00 5.482864207085754060e+00 = 1.822400000000000000e+04 @ 2.709093505572828235e+03
-7.083506409166919759e+00 -1.425128428179218698e+00 5.482864205659559786e+00 = 4.654400000000000000e+04 @ 2.709093505572608137e+03
-7.708313733836545723e+00 5.482864206537214180e+00 -7.083506406391632204e+00 = 6.841000000000000000e+04 @ 2.709093505571775495e+03
-8.003211010609272424e-01 -1.425128427290729416e+00 5.482864206318465605e+00 = 7.107600000000000000e+04 @ 2.709093505572827780e+03
-7.708313734298107178e+00 -8.003211010527427893e-01 5.482864206963800058e+00 = 7.841400000000000000e+04 @ 2.709093505572828235e+03
-7.083506408395793486e+00 4.858056877787506167e+00 -8.003210996510597974e-01 = 8.894800000000000000e+04 @ 2.709093505571653168e+03
-8.003211009478187199e-01 -8.003210989320069801e-01 -7.708313735536803435e+00 = 1.049190000000000000e+05 @ 2.709093505572827780e+03
-8.003211016015167045e-01 -7.708313736059109189e+00 5.482864207705982373e+00 = 1.073790000000000000e+05 @ 2.709093505572112008e+03
-7.083506406550143630e+00 4.858056880791943755e+00 5.482864208210805224e+00 = 1.085560000000000000e+05 @ 2.709093505572421691e+03
-1.425128427349040328e+00 -8.003211013079544189e-01 -8.003210994706096981e-01 = 1.096770000000000000e+05 @ 2.709093505569901026e+03
-8.003211008610304766e-01 -7.083506407412727413e+00 4.858056878044353155e+00 = 1.203740000000000000e+05 @ 2.709093505572828235e+03
-7.083506408083825256e+00 -1.425128425729839554e+00 -7.083506408696800705e+00 = 1.406290000000000000e+05 @ 2.709093505572827780e+03
4.858056880957080992e+00 5.482864205114164946e+00 5.482864205888949627e+00 = 1.558400000000000000e+05 @ 2.709093505572442155e+03
-8.003210998733254478e-01 -8.003211016606469608e-01 -1.425128427831634292e+00 = 1.596210000000000000e+05 @ 2.709093505518647362e+03
-1.425128429851902245e+00 5.482864206324285838e+00 -8.003210996857990089e-01 = 1.619180000000000000e+05 @ 2.709093505572828235e+03
5.482864205440832528e+00 4.858056880160555480e+00 5.482864206759650472e+00 = 1.660400000000000000e+05 @ 2.709093505567560442e+03
-7.083506410557089517e+00 -8.003210977459742637e-01 -1.425128429530871044e+00 = 1.835510000000000000e+05 @ 2.709093505572827780e+03
-7.083506408406250898e+00 5.482864207545513402e+00 4.858056877096844417e+00 = 1.849240000000000000e+05 @ 2.709093505572828235e+03
5.482864206229121962e+00 -1.425128428153563886e+00 -8.003211013562629983e-01 = 1.928540000000000000e+05 @ 2.709093505572828690e+03
5.482864206350646974e+00 5.482864206439797883e+00 -7.708313737268921884e+00 = 2.024030000000000000e+05 @ 2.709093505572828235e+03
4.858056878633258080e+00 -7.083506408654810294e+00 -8.003211004455784705e-01 = 2.263550000000000000e+05 @ 2.709093505569886474e+03
-7.708392085910057645e+00 -7.083475419832077513e+00 -7.083490308885746600e+00 = 2.282600000000000000e+05 @ 2.709093505572828235e+03
5.482863497553911003e+00 -7.083506432996887092e+00 4.858057043897161087e+00 = 2.296610000000000000e+05 @ 2.709093505572827780e+03
-1.425128427770250950e+00 5.482864205457627094e+00 -7.083506407728899390e+00 = 2.352900000000000000e+05 @ 2.709093505572828690e+03
-8.003208756159172488e-01 -8.003208736718235849e-01 4.858056955183453596e+00 = 2.431030000000000000e+05 @ 2.709093505572828235e+03
-7.083506405611219137e+00 -7.708313735777513998e+00 -8.003211003717137784e-01 = 2.461000000000000000e+05 @ 2.709093505556988475e+03
-7.083506326889577487e+00 4.858056947048325469e+00 -7.083506154622177142e+00 = 2.471930000000000000e+05 @ 2.709093505572755475e+03
4.858057068077187957e+00 -7.083506273092103456e+00 5.482864330335198488e+00 = 2.560140000000000000e+05 @ 2.709093505572827780e+03
5.482864208281396756e+00 -1.425128429611612679e+00 -7.083506407943777283e+00 = 2.573590000000000000e+05 @ 2.709093505572828690e+03
-8.003210629111021657e-01 -7.083506326714203105e+00 -1.425128594532512061e+00 = 2.623770000000000000e+05 @ 2.709093505572828235e+03
-1.425128426125818804e+00 5.482864205803546831e+00 5.482864209226768537e+00 = 2.648700000000000000e+05 @ 2.709093505565719170e+03
4.858056879669790717e+00 5.482864208991001576e+00 -7.083506409507572599e+00 = 2.658230000000000000e+05 @ 2.709093505572828235e+03
-7.708313734465951583e+00 -8.003211007513326702e-01 -7.083506405667741035e+00 = 2.673880000000000000e+05 @ 2.709093505572828690e+03
-1.425128080398126995e+00 -7.083506601317163032e+00 5.482864444485542776e+00 = 2.748090000000000000e+05 @ 2.709093505572827780e+03
-8.003210994618703555e-01 -7.708313734331047939e+00 -7.083506406404037392e+00 = 2.800460000000000000e+05 @ 2.709093505571637252e+03
-7.083506406077714423e+00 -7.083506407961999152e+00 4.858056878179306537e+00 = 2.833230000000000000e+05 @ 2.709093505572827780e+03
-8.003211009403348175e-01 -1.425128428614609311e+00 -8.003211012433061322e-01 = 2.849760000000000000e+05 @ 2.709093505570545403e+03
-7.708313750802333608e+00 5.482864250463871159e+00 -8.003210949899436377e-01 = 2.935730000000000000e+05 @ 2.709093505570407160e+03
4.858056654032472998e+00 5.482864186373537230e+00 -8.003204369430791942e-01 = 2.945540000000000000e+05 @ 2.709093505572828235e+03
-7.083506408226534212e+00 -7.708313733281732638e+00 5.482864205115304479e+00 = 2.979990000000000000e+05 @ 2.709093505569359422e+03
5.482864207114003463e+00 -8.003211008311907904e-01 4.858056877584809641e+00 = 3.114120000000000000e+05 @ 2.709093505572827780e+03
-1.425128429359571625e+00 -7.083506409089226352e+00 -7.083506407432435203e+00 = 3.156410000000000000e+05 @ 2.709093505555761112e+03
4.858056878302813075e+00 -7.083506406963564928e+00 -7.083506407762801160e+00 = 3.166500000000000000e+05 @ 2.709093258908835196e+03
4.858056593851088678e+00 -8.003210674036860262e-01 -8.003210300728050841e-01 = 3.276930000000000000e+05 @ 2.709093505572828235e+03
-8.003211005083403773e-01 4.858056878369639620e+00 -8.003211003694955528e-01 = 3.302980000000000000e+05 @ 2.709093505572828235e+03
-8.003211004386818761e-01 5.482864206942521079e+00 -7.708313735485402773e+00 = 3.316430000000000000e+05 @ 2.709093505572827780e+03
-8.003210992917054734e-01 4.858056879202715450e+00 -7.083506408011153610e+00 = 3.359800000000000000e+05 @ 2.709093505572828235e+03
-8.003210998465345449e-01 5.482864208638946302e+00 -1.425128428248544799e+00 = 3.387810000000000000e+05 @ 2.709093505572827780e+03
-1.425128662913417443e+00 -8.003212327271290727e-01 -7.083506109768700654e+00 = 3.443260000000000000e+05 @ 2.709093505572828235e+03
4.858056879014933216e+00 -8.003210982610523549e-01 -7.083506408807881627e+00 = 3.472390000000000000e+05 @ 2.709093505572827780e+03
5.482865433009965095e+00 4.858056473607267556e+00 -7.083506294067650977e+00 = 3.487240000000000000e+05 @ 2.709093505572827780e+03
-1.425128415318027253e+00 -7.083506370726516899e+00 -8.003209983437837849e-01 = 3.571530000000000000e+05 @ 2.709093505572828235e+03
-8.003210980358537174e-01 4.858056876666795532e+00 5.482864207055260231e+00 = 3.586940000000000000e+05 @ 2.709093505572827780e+03
-7.083506409445393004e+00 5.482864206286640396e+00 -7.708313732739354052e+00 = 3.600950000000000000e+05 @ 2.709093505572828690e+03
-7.708313650312836884e+00 -7.083506192028190540e+00 -8.003209077143583761e-01 = 3.614960000000000000e+05 @ 2.709093505572827780e+03
-8.003212095516538671e-01 -1.425128452929047773e+00 -7.083506398608788501e+00 = 3.642970000000000000e+05 @ 2.709093505572828235e+03
-8.003209910476314359e-01 -7.708313657035408717e+00 -8.003210387602327502e-01 = 3.739580000000000000e+05 @ 2.709093505572828235e+03
-7.083506405631596614e+00 -1.425128427947182308e+00 -8.003211006222074042e-01 = 3.781590000000000000e+05 @ 2.709093505572827780e+03
5.482864370194906023e+00 -1.425128490720336094e+00 5.482864282559157587e+00 = 3.823600000000000000e+05 @ 2.709093505572828235e+03
-8.003210998941991949e-01 5.482864207135849988e+00 4.858056879303753739e+00 = 3.850770000000000000e+05 @ 2.709093505572828235e+03
5.482864205825729975e+00 -8.003211009487275485e-01 -1.425128429856429957e+00 = 3.863940000000000000e+05 @ 2.709093505572827780e+03
5.482864309254580348e+00 4.858056771310971911e+00 -8.003212010430165169e-01 = 3.878510000000000000e+05 @ 2.709093505572828235e+03
-7.083506459346105011e+00 5.482864169696308743e+00 -1.425128376809642106e+00 = 3.892240000000000000e+05 @ 2.709093505572827780e+03
5.482864205912995281e+00 -8.003210992605198637e-01 -7.708313734337016498e+00 = 3.959440000000000000e+05 @ 2.709093505572828235e+03
