7.706277237428630578e+00 4.111207180928493798e+00 4.111207138553430340e+00 = 9.646000000000000000e+03 @ 9.983777424950155410e-01
7.706277233417034189e+00 7.706277249710676180e+00 2.193280056787534349e+00 = 4.497300000000000000e+04 @ 1.000000000000000000e+00
7.706277217468981533e+00 7.706277246161799432e+00 7.706277310712813744e+00 = 4.811100000000000000e+04 @ 1.000000000000000000e+00
7.681957419729132042e+00 7.668844934234890331e+00 1.169316857524395514e+00 = 6.581000000000000000e+04 @ 1.000000000000000000e+00
2.193058708465661422e+00 1.170044777089530585e+00 7.707466613437642167e+00 = 8.632200000000000000e+04 @ 9.209885383696556627e-01
7.706277268609996511e+00 4.111207144433212335e+00 7.706277262112728899e+00 = 8.790200000000000000e+04 @ 9.999999999999991118e-01
4.111207144171269867e+00 4.111207143760340799e+00 7.706277253024921947e+00 = 9.580700000000000000e+04 @ 9.887601196941746551e-01
7.706277242374330427e+00 4.111207144912852662e+00 1.170088788933559831e+00 = 1.042770000000000000e+05 @ 9.999999995024793087e-01
4.111207138350951418e+00 7.706277250832928694e+00 7.706277254131090437e+00 = 1.090640000000000000e+05 @ 9.999999991165207103e-01
4.111207140518380321e+00 4.111207143611364856e+00 4.111207136189273470e+00 = 1.178000000000000000e+05 @ 1.000000000000000000e+00
2.193280050533387815e+00 7.706277252647108611e+00 7.706277248299693738e+00 = 1.269430000000000000e+05 @ 1.000000000000000000e+00
7.728680814414905953e+00 6.241041771608996092e-01 7.706308611750567472e+00 = 1.530260000000000000e+05 @ 9.990428237224840968e-01
2.193280047007212907e+00 4.111207145198870982e+00 7.706277259816512348e+00 = 1.658120000000000000e+05 @ 9.978008242093423519e-01
1.170088788213198283e+00 4.111207144987775841e+00 1.170088789154912545e+00 = 1.758800000000000000e+05 @ 9.999824489377140413e-01
2.193922101844629768e+00 7.772425632735429524e+00 2.191322836337878499e+00 = 1.861520000000000000e+05 @ 9.239795272672142179e-01
1.170088797993873664e+00 2.193280033812608831e+00 7.706277223359422557e+00 = 1.861520000000000000e+05 @ 9.585880188347251085e-01
1.170828747181267726e+00 4.092069072204324698e+00 6.241863180609309447e-01 = 1.897850000000000000e+05 @ 1.000000000000000000e+00
4.111207142117879521e+00 7.706277261412777690e+00 4.111207146735817552e+00 = 1.921170000000000000e+05 @ 9.999999986945055097e-01
1.170088787509131034e+00 7.706277257205970344e+00 7.706277261113172017e+00 = 1.960480000000000000e+05 @ 9.999999995031382261e-01
2.193280048582917807e+00 4.111207141140829968e+00 2.193280051126393015e+00 = 1.979580000000000000e+05 @ 9.999999837084578846e-01
7.706277253119811377e+00 1.170088787768028382e+00 2.193280054290733805e+00 = 2.000080000000000000e+05 @ 9.999999969494188790e-01
1.170088782200946920e+00 4.111207148824860269e+00 7.706277243439204838e+00 = 2.005690000000000000e+05 @ 9.728957818720334050e-01
7.706277244904916834e+00 7.706277253911786751e+00 4.111207142689059069e+00 = 2.046670000000000000e+05 @ 9.996028002322188133e-01
7.734441986810385750e+00 6.245990246735998452e-01 1.170158546656591136e+00 = 2.122510000000000000e+05 @ 9.999999999999997780e-01
2.193280053739485425e+00 4.111207141483342653e+00 4.111207147024604325e+00 = 2.135960000000000000e+05 @ 9.999999214588526364e-01
1.170080880977252047e+00 7.708068419242745328e+00 1.170290536370109713e+00 = 2.178780000000000000e+05 @ 1.000000000000000000e+00
4.111207146986540550e+00 2.193280053215474368e+00 4.111207150964877322e+00 = 2.219340000000000000e+05 @ 9.999999999999995559e-01
7.706277243771707752e+00 2.193280054132754842e+00 7.706277269021446052e+00 = 2.265720000000000000e+05 @ 9.990947769918137045e-01
4.111207107830374241e+00 2.193280032927237500e+00 7.706277252694580859e+00 = 2.290230000000000000e+05 @ 9.967900170370858071e-01
4.111207139403399324e+00 1.170088788091149024e+00 7.706277245247005858e+00 = 2.333810000000000000e+05 @ 1.000000000000000000e+00
4.111207142328145991e+00 7.706277244709602847e+00 1.170088788921441303e+00 = 2.381520000000000000e+05 @ 9.983378670710589819e-01
7.706125436837514719e+00 1.170082682614488556e+00 7.706220205417573688e+00 = 2.509990000000000000e+05 @ 1.000000000000000000e+00
4.111207149284083151e+00 2.193280053567110865e+00 1.170088787179462964e+00 = 2.539500000000000000e+05 @ 9.999999949903903840e-01
2.193280050486741128e+00 1.170088787557496790e+00 2.193280053050532974e+00 = 2.547630000000000000e+05 @ 9.999999999977493559e-01
2.193280050621246868e+00 2.193280053502165927e+00 4.111207149541768580e+00 = 2.588620000000000000e+05 @ 9.999999999999995559e-01
7.754075690376505570e+00 2.084257933099150861e+00 1.191907942557025590e+00 = 2.599550000000000000e+05 @ 1.000000000000000000e+00
4.111207146456429484e+00 1.170088787701173194e+00 4.111207140289669937e+00 = 2.677780000000000000e+05 @ 9.999983128374605457e-01
7.706300900151698663e+00 1.170086733120243361e+00 4.111189823474266092e+00 = 2.711390000000000000e+05 @ 9.999999970438961938e-01
4.111207151626285139e+00 2.193280050994832031e+00 2.193280060473758564e+00 = 2.751820000000000000e+05 @ 9.999998053112133523e-01
4.111207148426204050e+00 4.111207143075333192e+00 2.193280052508626898e+00 = 2.786320000000000000e+05 @ 1.000000000000000000e+00
2.193307562737774052e+00 7.706349859939042091e+00 4.111330295704551219e+00 = 2.798930000000000000e+05 @ 9.999999999999997780e-01
1.170088787301087230e+00 4.111207138331019806e+00 2.193280053052256484e+00 = 2.829000000000000000e+05 @ 1.000000000000000000e+00
7.706252135992571972e+00 2.193279021907594384e+00 2.193280867373417209e+00 = 2.864720000000000000e+05 @ 9.999999998169252224e-01
2.193280047961683632e+00 2.193280053644522276e+00 7.706277256284614907e+00 = 2.900340000000000000e+05 @ 1.000000000000000000e+00
1.170088790801441458e+00 2.193280051271456976e+00 2.193280055810620688e+00 = 2.945030000000000000e+05 @ 9.999999809432664755e-01
4.111207147000144779e+00 1.170088786659165381e+00 3.330184349380911346e-01 = 3.044100000000000000e+05 @ 1.000000000000000000e+00
2.193261613969140100e+00 4.111644035325667801e+00 6.242172874676303884e-01 = 3.056570000000000000e+05 @ 9.999999999999995559e-01
6.242207465870568406e-01 7.706292994771752447e+00 7.706241485239746503e+00 = 3.078240000000000000e+05 @ 9.999999994959465344e-01
6.242951860356643623e-01 2.192734922172934198e+00 2.193647125535279407e+00 = 3.084410000000000000e+05 @ 1.000000000000000000e+00
6.242284344024658926e-01 6.242284344894465375e-01 4.111207142262165881e+00 = 3.118730000000000000e+05 @ 9.512953931865522073e-01
1.170088788329953777e+00 1.170088793152964435e+00 1.170088788955490511e+00 = 3.169620000000000000e+05 @ 1.000000000000000000e+00
4.111208321421933931e+00 4.111207880452062646e+00 6.242283438683824404e-01 = 3.191520000000000000e+05 @ 1.000000000000000000e+00
7.706308150521720357e+00 2.193265456635716593e+00 4.111143422492610000e+00 = 3.205530000000000000e+05 @ 1.000000000000000000e+00
4.111207136330232714e+00 4.111207147095461423e+00 1.170088788372139810e+00 = 3.241250000000000000e+05 @ 9.999999921640563283e-01
6.235152575733166058e-01 4.151904637387770158e+00 2.190624589546829704e+00 = 3.259660000000000000e+05 @ 1.000000000000000000e+00
6.242284340353519978e-01 7.706277256316755420e+00 4.111207136363986159e+00 = 3.280950000000000000e+05 @ 1.000000000000000000e+00
7.774888356100670528e+00 6.209117468086248204e-01 4.149458456671346163e+00 = 3.294000000000000000e+05 @ 9.999999999999975575e-01
4.082358945983933118e+00 1.170400852285605087e+00 1.172622112527751170e+00 = 3.310860000000000000e+05 @ 1.000000000000000000e+00
7.706277271285625119e+00 4.111207146660621703e+00 6.242284306586861620e-01 = 3.321940000000000000e+05 @ 9.999999999999998890e-01
7.706277262628626445e+00 4.111207138608532929e+00 2.193280048465624077e+00 = 3.346970000000000000e+05 @ 9.999986036579804338e-01
7.705855297561226003e+00 1.170042587203135476e+00 6.242362075563206991e-01 = 3.357020000000000000e+05 @ 1.000000000000000000e+00
4.111207130281004041e+00 1.170088789171175536e+00 2.193280046653547810e+00 = 3.369910000000000000e+05 @ 9.997722822132200093e-01
6.240146034503668560e-01 7.671940012148815491e+00 1.172364557135949115e+00 = 3.406980000000000000e+05 @ 1.000000000000000000e+00
3.372437458902806107e-01 1.151943656389578852e+00 3.969157898699823050e+00 = 3.418760000000000000e+05 @ 9.999999999999995559e-01
1.170077390714179488e+00 2.193260264790962477e+00 1.170091834718499868e+00 = 3.431470000000000000e+05 @ 1.000000000000000000e+00
2.193249779536920130e+00 7.706327239725621503e+00 1.170120723674478835e+00 = 3.453090000000000000e+05 @ 1.000000000000000000e+00
1.170093125400706535e+00 1.170088758743331514e+00 4.111190663763463427e+00 = 3.513620000000000000e+05 @ 1.000000000000000000e+00
4.111217628465491103e+00 7.706324034434341996e+00 2.193293022392462266e+00 = 3.525390000000000000e+05 @ 1.000000000000000000e+00
1.170088788792988499e+00 1.170088788595653018e+00 7.706277263086513507e+00 = 3.537720000000000000e+05 @ 9.996304747414719305e-01
1.175600786712297285e+00 2.289443465682973411e+00 4.007485364554113083e+00 = 3.597870000000000000e+05 @ 9.999999999999973355e-01
6.205563829847973167e-01 2.281179537418604131e+00 4.345835764031859227e+00 = 3.684160000000000000e+05 @ 9.987684892954147298e-01
1.169954171080076266e+00 3.331030481810571819e-01 2.191115102007116899e+00 = 3.761460000000000000e+05 @ 1.000000000000000000e+00
7.744297262657838132e+00 3.325715904224501029e-01 4.069091885267852149e+00 = 3.772390000000000000e+05 @ 1.000000000000000000e+00
3.330109965610493217e-01 4.094051121830936779e+00 7.755145431644820952e+00 = 3.783320000000000000e+05 @ 9.998588956082978818e-01
1.170088788398747193e+00 7.706277254983645797e+00 4.111207149117971582e+00 = 3.809930000000000000e+05 @ 1.000000000000000000e+00
2.193280050310544738e+00 2.193280048873699428e+00 1.170088787880828374e+00 = 3.825060000000000000e+05 @ 1.000000000000000000e+00
4.111200287625701222e+00 7.706262516588921585e+00 6.242241737922381573e-01 = 3.835250000000000000e+05 @ 1.000000000000000000e+00
1.170089873084716015e+00 7.706317878872942728e+00 6.242277488825465070e-01 = 3.855140000000000000e+05 @ 1.000000000000000000e+00
2.226707388517053410e+00 7.656581934633509334e+00 6.369270061480249989e-01 = 3.867470000000000000e+05 @ 1.000000000000000000e+00
7.706277258053424895e+00 6.242284313334658385e-01 2.193280037234441426e+00 = 3.902020000000000000e+05 @ 1.000000000000000000e+00
3.465820340635298313e-01 8.142311718589716918e+00 7.820054417147097148e+00 = 3.913510000000000000e+05 @ 9.999994097284328198e-01
2.193280053524639950e+00 6.242284332059053753e-01 1.170088788105657196e+00 = 3.930040000000000000e+05 @ 9.994311640016255716e-01
4.111207136758190828e+00 6.242284331792061769e-01 7.706277261776397047e+00 = 3.968610000000000000e+05 @ 9.999999999999988898e-01
4.111207137056892336e+00 6.242284326426397190e-01 1.170088788830820681e+00 = 3.977580000000000000e+05 @ 9.999999999999997780e-01
2.196193864903661197e+00 1.164015343091759913e+00 4.077312546456612452e+00 = 3.988840000000000000e+05 @ 9.999999999999984457e-01
