4.141256927592780634e+00 2.477011809256475683e+00 2.669820125167822411e+00 -4.522347957657514961e+00 3.639003848200838220e+00 1.853559752952773643e+00 -4.341979581702566371e+00 6.109914468357375839e-01 4.009883353746048762e+00 -3.297228335638779040e+00 = 4.338800000000000000e+04 @ -4.671702511789879391e-12
-1.561544710507828837e+00 4.400020669927303452e+00 3.285294876213330717e+00 -2.132746354393266763e+00 -3.676140708088900144e+00 2.156310390783413133e+00 1.185181314122701668e+00 7.463559145255851957e-02 -1.570050339866947642e+00 2.519245399405263708e+00 = 4.338800000000000000e+04 @ -3.114449546044238603e-12
-1.561544661409362877e+00 4.400020713055148747e+00 3.285294887706695199e+00 -2.132746363073585893e+00 -3.676140686684747916e+00 2.156310413674453752e+00 1.185181314893467341e+00 7.463561389287054482e-02 -1.570050247634036555e+00 2.519245421444502586e+00 = 4.338800000000000000e+04 @ -1.557253016863427184e-12
-3.395113021371762851e+00 -3.317307194850073859e+00 2.346836080726401708e+00 2.062943754197501978e+00 4.371514697982992637e+00 3.119865149066839649e+00 5.439719636476729736e-01 -4.743713130732610139e+00 3.612208814326736572e+00 2.474375828254518517e+00 = 4.787200000000000000e+04 @ -2.259361914524239874e-12
-1.561544714293523262e+00 4.400020640748767420e+00 3.285294906757777689e+00 -2.132746375244455095e+00 -3.676140706325068841e+00 2.156310348003362076e+00 1.185181310987556857e+00 7.463552349621425941e-02 -1.570050395662126785e+00 2.519245371358674213e+00 = 1.123640000000000000e+05 @ -3.441405207610357319e-12
-1.561544685874942218e+00 4.400020649960916685e+00 3.285294922846451637e+00 -2.132746335609818189e+00 -3.676140679659126942e+00 2.156310317938984422e+00 1.185181315136427882e+00 7.463562832970832561e-02 -1.570050392977432541e+00 2.519245392196999944e+00 = 1.123640000000000000e+05 @ -1.557240569802560533e-12
-1.561544653534403304e+00 4.400020690494144127e+00 3.285294878895227644e+00 -2.132746378799533105e+00 -3.676140700800484051e+00 2.156310373738284714e+00 1.185181364110570623e+00 7.463554451409334933e-02 -1.570050393882185036e+00 2.519245332867553255e+00 = 1.389130000000000000e+05 @ -3.114467379307584091e-12
-1.561544732619609022e+00 4.400020657366140675e+00 3.285294881785132848e+00 -2.132746319386518596e+00 -3.676140715443763973e+00 2.156310423945301924e+00 1.185181307278691643e+00 7.463563201436310135e-02 -1.570050279643257385e+00 2.519245357671724861e+00 = 1.389130000000000000e+05 @ -1.557239609177125123e-12
-1.561544719417140792e+00 4.400020693778881054e+00 3.285294839434935721e+00 -2.132746291449759912e+00 -3.676140694769736150e+00 2.156310430653297416e+00 1.185181309767208147e+00 7.463560150155465478e-02 -1.570050370144397300e+00 2.519245454703108233e+00 = 1.568310000000000000e+05 @ -6.559434705807959347e-12
-1.561544699846401096e+00 4.400020758716308933e+00 3.285294840636521663e+00 -2.132746347442739054e+00 -3.676140751119514771e+00 2.156310424943515880e+00 1.185181275713924398e+00 7.463561376618513266e-02 -1.570050356619693277e+00 2.519245417531917663e+00 = 1.568310000000000000e+05 @ -2.477984052074728742e-12
-1.561544669635656524e+00 4.400020756344074968e+00 3.285294865915552531e+00 -2.132746316456532121e+00 -3.676140697456979911e+00 2.156310382056502384e+00 1.185181361430316826e+00 7.463564378299028523e-02 -1.570050366036569223e+00 2.519245338770098819e+00 = 1.719600000000000000e+05 @ -6.882793293176578125e-12
-1.561544661563594616e+00 4.400020720049863776e+00 3.285294800786820790e+00 -2.132746402795316243e+00 -3.676140721486687024e+00 2.156310466422653782e+00 1.185181332109126462e+00 7.463566885429892550e-02 -1.570050317105988302e+00 2.519245392152351659e+00 = 1.719600000000000000e+05 @ -4.671724712348382099e-12
-1.561544688610787990e+00 4.400020711897553838e+00 3.285294829997052801e+00 -2.132746394994808448e+00 -3.676140764456066634e+00 2.156310431390275006e+00 1.185181380252287253e+00 7.463557027404731092e-02 -1.570050392423314234e+00 2.519245386712666512e+00 = 1.719600000000000000e+05 @ -3.114483318124387682e-12
-1.561544678246028051e+00 4.400020770465640219e+00 3.285294797501806752e+00 -2.132746327023879118e+00 -3.676140734245483710e+00 2.156310480270141383e+00 1.185181333468929177e+00 7.463565936962067437e-02 -1.570050362103275754e+00 2.519245397731091796e+00 = 1.719600000000000000e+05 @ -3.114481133691297481e-12
-1.561544660084280833e+00 4.400020762750300740e+00 3.285294853026946793e+00 -2.132746271122156756e+00 -3.676140716720496471e+00 2.156310398393581629e+00 1.185181268650533193e+00 7.463557379373328415e-02 -1.570050385394706982e+00 2.519245281985054152e+00 = 1.719600000000000000e+05 @ -3.114471759448235839e-12
-1.561544621868876215e+00 4.400020690370596732e+00 3.285294873212417421e+00 -2.132746319944930136e+00 -3.676140725452447633e+00 2.156310398917567817e+00 1.185181348619245512e+00 7.463557382883891089e-02 -1.570050294350097575e+00 2.519245404768754693e+00 = 2.124320000000000000e+05 @ -3.114464792433356040e-12
-1.561544696978821367e+00 4.400020691380464477e+00 3.285294834433255318e+00 -2.132746353566484565e+00 -3.676140715168861650e+00 2.156310369657178150e+00 1.185181254283320218e+00 7.463557406686420481e-02 -1.570050317329012346e+00 2.519245337310638710e+00 = 2.124320000000000000e+05 @ -1.557224681567097526e-12
-1.561544672254791211e+00 4.400020632905031981e+00 3.285294859837480264e+00 -2.132746317929895330e+00 -3.676140715893369659e+00 2.156310360341409105e+00 1.185181273408337566e+00 7.463562632682488318e-02 -1.570050388300078481e+00 2.519245372449928411e+00 = 2.211010000000000000e+05 @ -1.557242635308544955e-12
-1.561544662619064550e+00 4.400020658313285260e+00 3.285294884305741903e+00 -2.132746345152303213e+00 -3.676140672872247439e+00 2.156310424939089199e+00 1.185181289309069852e+00 7.463565860477584801e-02 -1.570050341032641184e+00 2.519245398830887606e+00 = 2.250190000000000000e+05 @ -1.557243913952353434e-12
1.757743575024675042e+00 1.595737256503685364e+00 -4.308931298108807262e+00 -2.485058320480424410e+00 3.613715828077880277e-01 -6.325954701946386038e-02 4.342311919769320738e+00 1.897810726655751568e+00 -2.231270029638778851e+00 -2.156429125747322484e+00 = 2.291220000000000000e+05 @ -1.557243570513967682e-12
-1.561544712921415279e+00 4.400020627440641263e+00 3.285294816364674908e+00 -2.132746335504602353e+00 -3.676140666402789137e+00 2.156310374943495312e+00 1.185181319362002217e+00 7.463566013162459267e-02 -1.570050303363179189e+00 2.519245440122329427e+00 = 2.416860000000000000e+05 @ -1.557238368827599885e-12
-1.561544680502353843e+00 4.400020667873322466e+00 3.285294835772574196e+00 -2.132746400338300319e+00 -3.676140717231793698e+00 2.156310399047298265e+00 1.185181245293215113e+00 7.463564660211657875e-02 -1.570050306838489451e+00 2.519245428002796494e+00 = 2.456080000000000000e+05 @ -1.557226093172948007e-12
-1.561544650518053468e+00 4.400020665266073827e+00 3.285294871745799039e+00 -2.132746381711457584e+00 -3.676140731146569696e+00 2.156310438268637775e+00 1.185181260811250636e+00 7.463558337122531972e-02 -1.570050347646373412e+00 2.519245388405010999e+00 = 2.810230000000000000e+05 @ -1.122743593378855343e-11
-1.561544732478144182e+00 4.400020616963182363e+00 3.285294873430018914e+00 -2.132746331677959351e+00 -3.676140754219533235e+00 2.156310418161795806e+00 1.185181264058696504e+00 7.463555774337739257e-02 -1.570050327934519707e+00 2.519245374544455185e+00 = 2.810230000000000000e+05 @ -8.440010452795506921e-12
-1.561544633219904998e+00 4.400020640370551739e+00 3.285294894103751862e+00 -2.132746280420449114e+00 -3.676140672347327776e+00 2.156310396593246193e+00 1.185181218985639662e+00 7.463557181557879672e-02 -1.570050337349579772e+00 2.519245306651892058e+00 = 2.810230000000000000e+05 @ -4.671704118323838942e-12
-1.561544693475093615e+00 4.400020630395237831e+00 3.285294945847600179e+00 -2.132746281875351535e+00 -3.676140651521937475e+00 2.156310444712175034e+00 1.185181229034265593e+00 7.463555512299842321e-02 -1.570050311759003447e+00 2.519245347157202275e+00 = 2.810230000000000000e+05 @ -4.671687464344287637e-12
-1.561544697907349288e+00 4.400020646854734707e+00 3.285294861815327927e+00 -2.132746266779027344e+00 -3.676140642731824837e+00 2.156310415683525772e+00 1.185181233271853207e+00 7.463548606551427544e-02 -1.570050407090596289e+00 2.519245314627606369e+00 = 2.977880000000000000e+05 @ -1.557232196764402737e-12
-1.561544626124784063e+00 4.400020701795535949e+00 3.285294873281817019e+00 -2.132746269770113390e+00 -3.676140652860241165e+00 2.156310403007903442e+00 1.185181173092123341e+00 7.463554773194819303e-02 -1.570050460077025978e+00 2.519245315867194801e+00 = 3.022370000000000000e+05 @ -1.557238601490741362e-12
-1.561544683650662346e+00 4.400020639533639866e+00 3.285294862400523375e+00 -2.132746386935414407e+00 -3.676140727874805503e+00 2.156310317609525296e+00 1.185181274052649947e+00 7.463557713621624123e-02 -1.570050326043539890e+00 2.519245433089808639e+00 = 3.022370000000000000e+05 @ -1.557233728999940247e-12
-1.561544736842152448e+00 4.400020651273787387e+00 3.285294877495427812e+00 -2.132746365167167202e+00 -3.676140630832310574e+00 2.156310405645637474e+00 1.185181300562688111e+00 7.463560812085451301e-02 -1.570050283435281857e+00 2.519245418348789123e+00 = 3.105240000000000000e+05 @ -1.557238063032529860e-12
-1.561544723517150235e+00 4.400020620650106018e+00 3.285294847901741644e+00 -2.132746328381948331e+00 -3.676140761638808208e+00 2.156310407155129560e+00 1.185181346207876851e+00 7.463563560197010449e-02 -1.570050296355993691e+00 2.519245441630206361e+00 = 3.426010000000000000e+05 @ 0.000000000000000000e+00
-1.561544715386475435e+00 4.400020685567521461e+00 3.285294870400393474e+00 -2.132746302054842502e+00 -3.676140686751225406e+00 2.156310340644109314e+00 1.185181353225375434e+00 7.463563753479357521e-02 -1.570050291442759427e+00 2.519245388584181011e+00 = 3.464940000000000000e+05 @ -1.557243782828885738e-12
-1.561544670513531186e+00 4.400020683294486368e+00 3.285294879785242372e+00 -2.132746373487587999e+00 -3.676140723034075464e+00 2.156310407277555186e+00 1.185181304274501857e+00 7.463559352266224689e-02 -1.570050422662778056e+00 2.519245427853822328e+00 = 3.464940000000000000e+05 @ -1.557237006368052997e-12
-1.561544756162900782e+00 4.400020647509699678e+00 3.285294848419650027e+00 -2.132746328126001512e+00 -3.676140696169385436e+00 2.156310417809575775e+00 1.185181220474513575e+00 7.463561607730154202e-02 -1.570050327558148107e+00 2.519245386236327100e+00 = 3.464940000000000000e+05 @ -1.557236551942076861e-12
-1.561544768424319996e+00 4.400020640410816419e+00 3.285294845918506290e+00 -2.132746285020682198e+00 -3.676140709160014897e+00 2.156310473185160337e+00 1.185181309243240610e+00 7.463561303035871897e-02 -1.570050322498487638e+00 2.519245428034685208e+00 = 3.548390000000000000e+05 @ -1.557267551826441537e-12
-1.561544736786136145e+00 4.400020730312474093e+00 3.285294861579596937e+00 -2.132746392931466950e+00 -3.676140691557474138e+00 2.156310418232118220e+00 1.185181242323490203e+00 7.463557543305193720e-02 -1.570050367588291529e+00 2.519245428863754910e+00 = 3.588030000000000000e+05 @ -6.555853799772789028e-12
-1.561544718629450879e+00 4.400020691275657647e+00 3.285294835366671773e+00 -2.132746438941095501e+00 -3.676140743185464466e+00 2.156310371887104171e+00 1.185181344166037931e+00 7.463554774794373126e-02 -1.570050325384261702e+00 2.519245393482713258e+00 = 3.588030000000000000e+05 @ -4.671716274321381995e-12
-1.561544727978325886e+00 4.400020662346131317e+00 3.285294931702163801e+00 -2.132746442210491367e+00 -3.676140659123233068e+00 2.156310393551792437e+00 1.185181311909230706e+00 7.463561384513639485e-02 -1.570050354838461670e+00 2.519245416221506773e+00 = 3.588030000000000000e+05 @ -3.441399769802911583e-12
-1.561544747309128844e+00 4.400020760286254884e+00 3.285294830706124714e+00 -2.132746441916887115e+00 -3.676140781119151324e+00 2.156310432257810827e+00 1.185181261777146000e+00 7.463558096687945842e-02 -1.570050275660092032e+00 2.519245419919649454e+00 = 3.588030000000000000e+05 @ -3.114508563805466906e-12
-1.561544757501506897e+00 4.400020687502328443e+00 3.285294865048744128e+00 -2.132746450151806972e+00 -3.676140729456979894e+00 2.156310381786350039e+00 1.185181411057162348e+00 7.463559015440551780e-02 -1.570050432148847985e+00 2.519245415907346075e+00 = 3.588030000000000000e+05 @ -3.114496416105940456e-12
1.757743617754647492e+00 1.595737235373385410e+00 -4.308931275557373652e+00 -2.485058301623017218e+00 3.613715599321481453e-01 -6.325949669669896080e-02 4.342311967853879295e+00 1.897810750700872129e+00 -2.231269964340139911e+00 -2.156429098065530958e+00 = 3.588030000000000000e+05 @ -1.557241878631095504e-12
1.757743652460586059e+00 1.595737265413400108e+00 -4.308931277850971853e+00 -2.485058276759874563e+00 3.613716241179511512e-01 -6.325948580226394002e-02 4.342312054341852523e+00 1.897810763837114223e+00 -2.231269965478456907e+00 -2.156429091887978267e+00 = 3.631170000000000000e+05 @ -1.557243686790488298e-12
-1.561544718522053010e+00 4.400020705124285669e+00 3.285294862654870141e+00 -2.132746412896572519e+00 -3.676140718033793942e+00 2.156310344832744530e+00 1.185181310682634548e+00 7.463563407722995091e-02 -1.570050296658504596e+00 2.519245399699898247e+00 = 3.631170000000000000e+05 @ -1.557240464933779025e-12
-1.561544756577035731e+00 4.400020734835975666e+00 3.285294912003184020e+00 -2.132746330758371389e+00 -3.676140685891203130e+00 2.156310345387786320e+00 1.185181315582740869e+00 7.463561948545339997e-02 -1.570050317909913451e+00 2.519245350155017604e+00 = 3.668650000000000000e+05 @ -3.441399037158330491e-12
-1.561544730323488839e+00 4.400020697495542699e+00 3.285294846381199729e+00 -2.132746323263877919e+00 -3.676140710379962151e+00 2.156310355085362840e+00 1.185181301529915521e+00 7.463565920887675620e-02 -1.570050361106867909e+00 2.519245353937968002e+00 = 3.668650000000000000e+05 @ -3.114466971792563985e-12
-1.561544681925402411e+00 4.400020574462284451e+00 3.285294889875131297e+00 -2.132746366892729117e+00 -3.676140672498636519e+00 2.156310386817233749e+00 1.185181302238021983e+00 7.463565480312102374e-02 -1.570050281053931185e+00 2.519245343161762296e+00 = 3.668650000000000000e+05 @ -3.114450124924996765e-12
1.757743638115948359e+00 1.595737259225486371e+00 -4.308931330262566028e+00 -2.485058303996270368e+00 3.613716023357100848e-01 -6.325954552459700508e-02 4.342311948568247537e+00 1.897810795914971482e+00 -2.231269985906073394e+00 -2.156429142237371810e+00 = 3.791030000000000000e+05 @ 0.000000000000000000e+00
-1.561544659534878088e+00 4.400020666549566251e+00 3.285294898101693839e+00 -2.132746300954897922e+00 -3.676140760028606014e+00 2.156310418699328491e+00 1.185181292156511690e+00 7.463562945716627206e-02 -1.570050290818607808e+00 2.519245409142937486e+00 = 3.875230000000000000e+05 @ -1.557257726846862744e-12
-1.561544691255999595e+00 4.400020599093817708e+00 3.285294894865474991e+00 -2.132746408111119152e+00 -3.676140731277168783e+00 2.156310392139745069e+00 1.185181292151589183e+00 7.463563337546288978e-02 -1.570050402765468256e+00 2.519245436284121009e+00 = 3.915720000000000000e+05 @ 0.000000000000000000e+00
-1.561544765848795091e+00 4.400020669844566079e+00 3.285294891818751672e+00 -2.132746340023622622e+00 -3.676140792407031732e+00 2.156310470671408464e+00 1.185181267657599902e+00 7.463554848620544691e-02 -1.570050375608504689e+00 2.519245459855810498e+00 = 3.954880000000000000e+05 @ 0.000000000000000000e+00
