-7.083506405794783412e+00 -1.425128428165095995e+00 -7.083506406816585610e+00 = 2.621200000000000000e+04 @ 2.709093505572827780e+03
-8.003210990177521689e-01 -1.425128427183094848e+00 -8.003211024056041678e-01 = 3.624200000000000000e+04 @ 2.709093505549471956e+03
-8.003210983818198621e-01 5.482864207151910918e+00 -1.425128428062350849e+00 = 5.777200000000000000e+04 @ 2.709093505572827780e+03
-8.003211018737924620e-01 -7.083506408146376998e+00 4.858056877813554664e+00 = 6.419000000000000000e+04 @ 2.709093505572828235e+03
-8.003211013483166880e-01 -8.003211006176020881e-01 4.858056879765017655e+00 = 6.584300000000000000e+04 @ 2.709093505571043352e+03
-8.003210989071094517e-01 -7.708313736824790041e+00 5.482864204599816382e+00 = 7.026800000000000000e+04 @ 2.709093505568102955e+03
-7.708313736108960867e+00 5.482864206860888601e+00 -8.003211004037814602e-01 = 7.217800000000000000e+04 @ 2.709093505572828235e+03
-8.003211025933326672e-01 5.482864206888915071e+00 -7.708313735133939915e+00 = 8.567600000000000000e+04 @ 2.709093505572828235e+03
5.482864206561830933e+00 -7.708313735999039906e+00 -8.003210997212052424e-01 = 8.903700000000000000e+04 @ 2.709093505572828690e+03
-8.003211027909614694e-01 4.858056880463466953e+00 -8.003211005280971291e-01 = 9.561800000000000000e+04 @ 2.709093505571589503e+03
-7.708313736321946052e+00 5.482864207847280902e+00 -7.083506406421384405e+00 = 9.945500000000000000e+04 @ 2.709093505572521281e+03
5.482864206614297409e+00 -8.003211017032851871e-01 -1.425128425188288528e+00 = 1.155050000000000000e+05 @ 2.709093505572827780e+03
-7.083506409265639903e+00 4.858056878375423437e+00 -7.083506409698319572e+00 = 1.324710000000000000e+05 @ 2.709093505572828235e+03
-7.083506407648004100e+00 5.482864205719727657e+00 4.858056879397510741e+00 = 1.352390000000000000e+05 @ 2.709093505572097456e+03
-7.083506403535830387e+00 4.858056879039830633e+00 5.482864205409070379e+00 = 1.585600000000000000e+05 @ 2.709093505563873805e+03
-8.003211015358077107e-01 -1.425128429115275264e+00 -7.083506409758344446e+00 = 1.662380000000000000e+05 @ 2.709093505572828235e+03
5.482864209157886748e+00 -1.425128427881473314e+00 -7.083506408947155997e+00 = 1.677230000000000000e+05 @ 2.709093505572827780e+03
5.482864208523493765e+00 -7.083506407040973230e+00 -7.708313733889488262e+00 = 1.743320000000000000e+05 @ 2.709093505572827780e+03
5.482864207132586820e+00 -7.708313737002319144e+00 5.482864206243381666e+00 = 1.757050000000000000e+05 @ 2.709093505572828690e+03
5.482864207162236880e+00 4.858056879020631769e+00 -8.003211013694870868e-01 = 1.886750000000000000e+05 @ 2.709093505569719127e+03
-1.425128426186666131e+00 -8.003210985876200168e-01 5.482864206542968688e+00 = 1.907250000000000000e+05 @ 2.709093505572827780e+03
4.858056878386351585e+00 -8.003211003655038569e-01 -8.003211003463779338e-01 = 1.975630000000000000e+05 @ 2.709093505571590867e+03
-1.425128428431542416e+00 5.482864208127632644e+00 5.482864206219259628e+00 = 2.170430000000000000e+05 @ 2.709093505572828235e+03
5.482864205216662512e+00 -1.425128427976938061e+00 -8.003210996809571043e-01 = 2.206000000000000000e+05 @ 2.709093505572638605e+03
-7.083506409270356130e+00 -1.425128428904254729e+00 -8.003211012713784545e-01 = 2.267380000000000000e+05 @ 2.709093505572827780e+03
-1.425128560688686319e+00 -7.083506396863838539e+00 -7.083506168969123884e+00 = 2.578520000000000000e+05 @ 2.709093505572828235e+03
-1.425128430395750767e+00 -7.083506409299353379e+00 -8.003210989694232724e-01 = 2.594490000000000000e+05 @ 2.709093505566964723e+03
-7.708313736663216176e+00 -8.003210583655793187e-01 -7.083506309471398588e+00 = 2.605140000000000000e+05 @ 2.709093505566854219e+03
-1.425128477954688888e+00 5.482864244685374366e+00 -8.003211587616682055e-01 = 2.628950000000000000e+05 @ 2.709093505569379886e+03
-8.003210993827872821e-01 5.482864205413156000e+00 4.858056878819427382e+00 = 2.637360000000000000e+05 @ 2.709093505572828235e+03
5.482864208096058789e+00 5.482864206648795147e+00 -7.708313734813378559e+00 = 2.670970000000000000e+05 @ 2.709093505572827780e+03
-7.083506408964148626e+00 -8.003211007510097064e-01 4.858056878033901071e+00 = 2.685820000000000000e+05 @ 2.709093505572246158e+03
-7.083506019129102604e+00 4.858056550284064912e+00 -8.003209710089288498e-01 = 2.694510000000000000e+05 @ 2.709093505572829145e+03
5.482864209250683629e+00 -7.083506408452594272e+00 4.858056879683092077e+00 = 2.768730000000000000e+05 @ 2.709093505563798772e+03
4.858056924051251002e+00 5.482864293022966962e+00 -7.083506499980986248e+00 = 2.786940000000000000e+05 @ 2.709093505572828235e+03
-1.425128428526223123e+00 -8.003210984518700499e-01 -7.083506409264744619e+00 = 2.967370000000000000e+05 @ 2.709093505572828235e+03
4.858056878082857466e+00 -7.083506408466833548e+00 5.482864206793679251e+00 = 3.065660000000000000e+05 @ 2.709093505572828690e+03
-8.003208783320008290e-01 4.858057100100896086e+00 -7.083506488420499458e+00 = 3.080230000000000000e+05 @ 2.709093505572588128e+03
-7.083506529748662572e+00 5.482864503349768270e+00 -1.425128709493927781e+00 = 3.102360000000000000e+05 @ 2.709093505572459890e+03
5.482863977906704989e+00 -7.708313863137222555e+00 -7.083506744174833614e+00 = 3.174050000000000000e+05 @ 2.709093505572827780e+03
5.482864204304585876e+00 5.482864205514671241e+00 4.858056878281347579e+00 = 3.213590000000000000e+05 @ 2.709093505570403977e+03
-7.083506407907194991e+00 -7.083506409056086639e+00 -1.425128429441701483e+00 = 3.248040000000000000e+05 @ 2.709093505572827780e+03
-8.003211034621804387e-01 -7.708313734119501603e+00 -8.003210242256006968e-01 = 3.291170000000000000e+05 @ 2.709093505572827780e+03
-8.003211005112697007e-01 -8.003211003715260397e-01 -7.708313735492508201e+00 = 3.321980000000000000e+05 @ 2.709093505572827780e+03
5.482864153183763634e+00 4.858056695035660510e+00 -7.083506414343078816e+00 = 3.337910000000000000e+05 @ 2.709093505572828235e+03
-8.003210981788566603e-01 -1.425128427793978414e+00 5.482864206974523924e+00 = 3.350800000000000000e+05 @ 2.709093505572827780e+03
-7.708313500022406117e+00 -8.003210716247425305e-01 5.482864400657333270e+00 = 3.405690000000000000e+05 @ 2.709093505572828235e+03
-7.083506406224639562e+00 5.482864205905789490e+00 -7.708313734554776531e+00 = 3.481580000000000000e+05 @ 2.709093505572828235e+03
-7.083506408801557797e+00 -1.425128427452618807e+00 5.482864207430296233e+00 = 3.524710000000000000e+05 @ 2.709093505572828235e+03
-8.003210993588198985e-01 -7.083506408835824608e+00 -7.708313739138359821e+00 = 3.538160000000000000e+05 @ 2.709093505572827780e+03
-7.083506410389373009e+00 -7.708313736597906640e+00 5.482864207762996323e+00 = 3.565890000000000000e+05 @ 2.709093505572827780e+03
5.482864301393369999e+00 -8.003214585024016614e-01 4.858057245900378796e+00 = 3.579060000000000000e+05 @ 2.709093505572828690e+03
5.482864274710379071e+00 -8.003212342266371460e-01 -7.708313749821131822e+00 = 3.608750000000000000e+05 @ 2.709093505572828690e+03
-7.083506407403422855e+00 -7.708313734129999872e+00 -7.083506408814279176e+00 = 3.648240000000000000e+05 @ 2.709093505572828235e+03
-8.003211001144834302e-01 -7.083506408540057642e+00 -1.425128428318042761e+00 = 3.702290000000000000e+05 @ 2.709093505572827326e+03
4.858056841339347898e+00 -7.083506329116506350e+00 -7.083506450888895856e+00 = 3.715460000000000000e+05 @ 2.709093505572828235e+03
4.858056757706217255e+00 5.482864340624236554e+00 -8.003210283085016030e-01 = 3.745430000000000000e+05 @ 2.709093505572828235e+03
-7.083506408253485098e+00 -7.083506407747588440e+00 -7.708313735114733944e+00 = 3.758600000000000000e+05 @ 2.709093505572828235e+03
-7.708313735234233022e+00 -8.003211000589733892e-01 -8.003211001381819178e-01 = 3.772050000000000000e+05 @ 2.709093505572828235e+03
-7.708313734563942532e+00 -7.083506407107376113e+00 5.482864209319255444e+00 = 3.837300000000000000e+05 @ 2.709093505572828235e+03
4.858056999008772081e+00 -8.003210269167206903e-01 5.482863850770732128e+00 = 3.851590000000000000e+05 @ 2.709093505572827780e+03
4.858056910127251271e+00 5.482864319431337563e+00 5.482864411308990604e+00 = 3.864200000000000000e+05 @ 2.709093505572828690e+03
-7.708313734602155520e+00 5.482864206027464604e+00 5.482864206741298041e+00 = 3.902850000000000000e+05 @ 2.709093505572828690e+03
-8.003211015198878897e-01 -8.003211006940454952e-01 -1.425128427701385370e+00 = 3.916300000000000000e+05 @ 2.709093505572827780e+03
-7.708313393860521501e+00 -7.083507116090344446e+00 -8.003214221391461436e-01 = 3.942630000000000000e+05 @ 2.709093505572827780e+03
-7.083506409207432242e+00 -8.003210975618257894e-01 -7.708313735707460701e+00 = 3.957190000000000000e+05 @ 2.709093505572827780e+03
