-7.708313735571008962e+00 -8.003210998590094549e-01 5.482864208389676364e+00 = 2.860300000000000000e+04 @ 2.709093505565741452e+03
-8.003211009577873014e-01 -1.425128428042444551e+00 -7.083506408188101844e+00 = 3.742400000000000000e+04 @ 2.709093505570986053e+03
5.482864206990849532e+00 4.858056880405998257e+00 5.482864208414303775e+00 = 8.450300000000000000e+04 @ 2.709093505572828235e+03
-7.083506404931661393e+00 -8.003211005565404879e-01 4.858056879933181804e+00 = 8.904500000000000000e+04 @ 2.709093505572828235e+03
5.482864207347594387e+00 -7.083506408111944985e+00 -7.708313736494562640e+00 = 9.039000000000000000e+04 @ 2.709093505572827780e+03
-1.425128425993166470e+00 -8.003211009127547682e-01 -7.083506406887048357e+00 = 9.836700000000000000e+04 @ 2.709093505572272534e+03
-7.083506406565646785e+00 4.858056879089192037e+00 -7.083506410362571337e+00 = 1.175760000000000000e+05 @ 2.709093505572828235e+03
5.482864205839637961e+00 -8.003211001860122131e-01 -7.708313736013208128e+00 = 1.483510000000000000e+05 @ 2.709093505568822820e+03
-8.003211027534515853e-01 -7.083506405775333192e+00 4.858056879075563828e+00 = 1.519920000000000000e+05 @ 2.709093505571067908e+03
4.858056877615640090e+00 -7.083506409210909460e+00 -7.083506408788064590e+00 = 1.528330000000000000e+05 @ 2.709093505572828235e+03
-7.083506407710453701e+00 -1.425128428433229066e+00 5.482864207137875923e+00 = 1.544820000000000000e+05 @ 2.709093505571709102e+03
-1.425128428095326694e+00 5.482864204944453590e+00 -8.003211017232209068e-01 = 1.579550000000000000e+05 @ 2.709093505572005142e+03
-1.425128428027430116e+00 -7.083506409589810815e+00 -7.083506407287729623e+00 = 1.780570000000000000e+05 @ 2.709093505571514015e+03
-7.083506407079507738e+00 4.858056877761550041e+00 5.482864207277300395e+00 = 1.892070000000000000e+05 @ 2.709093505572377580e+03
5.482864205727586260e+00 -7.083506408236859286e+00 -1.425128428673651637e+00 = 1.941130000000000000e+05 @ 2.709093505572828235e+03
4.858056876536901214e+00 5.482864206510306815e+00 -7.083506405805360728e+00 = 1.955420000000000000e+05 @ 2.709093505572827780e+03
-7.083506408936369958e+00 -8.003211003782979560e-01 -1.425128428616220688e+00 = 2.009800000000000000e+05 @ 2.709093505572828235e+03
-7.708313735058728966e+00 5.482864203769697298e+00 5.482864206252015649e+00 = 2.052090000000000000e+05 @ 2.709093505570981961e+03
5.482864206921790107e+00 5.482864205670472835e+00 -7.708313735160841063e+00 = 2.059940000000000000e+05 @ 2.709093505572827780e+03
4.858056878529184885e+00 -8.003211014238977850e-01 -7.083506405836594411e+00 = 2.129910000000000000e+05 @ 2.709093505572828235e+03
-8.003210996415817124e-01 -8.003210975990576737e-01 -7.708313735373407027e+00 = 2.181490000000000000e+05 @ 2.709093505568276669e+03
-7.083506405743337453e+00 -1.425128428315103557e+00 -7.083506410787707708e+00 = 2.341100000000000000e+05 @ 2.709093505572828235e+03
-8.003211001485728282e-01 -8.003211011384198104e-01 -1.425128426443464491e+00 = 2.414140000000000000e+05 @ 2.709093505572100639e+03
5.482864206809214380e+00 5.482864206903476756e+00 -1.425128428472861364e+00 = 2.435430000000000000e+05 @ 2.709093505572827780e+03
-7.083506434470447921e+00 -7.708313753689141734e+00 -8.003211863996935183e-01 = 2.462040000000000000e+05 @ 2.709093505572828235e+03
4.858056880902023700e+00 -8.003210994103474585e-01 -8.003210981910010569e-01 = 2.515580000000000000e+05 @ 2.709093505572827780e+03
-8.003210976687404887e-01 -8.003211005386456911e-01 4.858056878847344606e+00 = 2.577190000000000000e+05 @ 2.709093505572828690e+03
-7.708313984587162437e+00 -8.003212903256449184e-01 -8.003210752417544427e-01 = 2.658400000000000000e+05 @ 2.709093505572828235e+03
-7.083506420690532934e+00 -7.083506675916353856e+00 -1.425128424248070624e+00 = 2.671850000000000000e+05 @ 2.709093505572828235e+03
-8.003211011873152536e-01 -7.708313735146488099e+00 -8.003211018556147804e-01 = 2.735360000000000000e+05 @ 2.709093505561564143e+03
-7.708313738216864053e+00 -8.003210035778705045e-01 -7.083506576883116246e+00 = 2.801680000000000000e+05 @ 2.709093505571027890e+03
-8.003212765309040133e-01 -1.425128472158507131e+00 -8.003208407532177437e-01 = 2.859370000000000000e+05 @ 2.709093505570699108e+03
-7.083506255305340282e+00 -1.425128552144695915e+00 -8.003212538411619281e-01 = 2.898580000000000000e+05 @ 2.709093505572827780e+03
-7.083506402570233895e+00 -7.708313734309518495e+00 5.482864206534325824e+00 = 2.914270000000000000e+05 @ 2.709093505570569505e+03
-8.003209270909895645e-01 5.482864402057328945e+00 -7.708313689676411506e+00 = 2.969720000000000000e+05 @ 2.709093505572827780e+03
-1.425128430063573814e+00 -8.003211012429185534e-01 5.482864206785857952e+00 = 3.027180000000000000e+05 @ 2.709093505570810066e+03
4.858057054038247280e+00 -7.083506564507817238e+00 5.482864109959042054e+00 = 3.092810000000000000e+05 @ 2.709093505569605441e+03
-1.425128304760573394e+00 -8.003211936494383227e-01 -8.003209234648126502e-01 = 3.164780000000000000e+05 @ 2.709093505571608148e+03
5.482864415544723258e+00 4.858057074475594206e+00 -8.003216174913692083e-01 = 3.174030000000000000e+05 @ 2.709093505572828235e+03
-7.708313734078933166e+00 -7.083506409253539360e+00 -7.083506408198991799e+00 = 3.189440000000000000e+05 @ 2.709093505570513571e+03
-8.003211006748113254e-01 -7.708313735572351888e+00 5.482864207174745985e+00 = 3.212690000000000000e+05 @ 2.709093505569554054e+03
5.482864206730904577e+00 5.482864207143895108e+00 4.858056878714046789e+00 = 3.222220000000000000e+05 @ 2.709093505572827780e+03
-7.083506409282836813e+00 5.482864209391601129e+00 4.858056879843021036e+00 = 3.251630000000000000e+05 @ 2.709093505572827780e+03
-7.083506407192996512e+00 -7.708313737122912457e+00 -7.083506407221144663e+00 = 3.285010000000000000e+05 @ 2.709093505572554932e+03
5.482864206865285972e+00 -7.708313735182957593e+00 -8.003210997207962363e-01 = 3.308780000000000000e+05 @ 2.709093505572827780e+03
5.482864183442195838e+00 -7.708313598905645492e+00 5.482864157380626047e+00 = 3.322510000000000000e+05 @ 2.709093505572827780e+03
5.482864207131028955e+00 4.858056877992909861e+00 -7.083506406849153336e+00 = 3.392520000000000000e+05 @ 2.709093505572827780e+03
5.482864250108723247e+00 -1.425128475958426844e+00 5.482863835704394617e+00 = 3.419130000000000000e+05 @ 2.709093505572828235e+03
4.858056878960796965e+00 5.482864206459117540e+00 5.482864205585201489e+00 = 3.432580000000000000e+05 @ 2.709093505572828235e+03
5.482864205543811487e+00 -8.003211008534864002e-01 -1.425128429149661979e+00 = 3.446310000000000000e+05 @ 2.709093505572828235e+03
5.482864411509826397e+00 -7.708313745731599553e+00 -7.083506283009556093e+00 = 3.487480000000000000e+05 @ 2.709093505572827780e+03
-7.708313735564656710e+00 -7.083506406617837037e+00 -8.003211007155563994e-01 = 3.543770000000000000e+05 @ 2.709093505572827780e+03
-7.083506409972717854e+00 -7.083506404500981901e+00 4.858056878997122574e+00 = 3.571500000000000000e+05 @ 2.709093505572828235e+03
-8.003211000948664555e-01 4.858056878796881861e+00 -8.003210999454613006e-01 = 3.599790000000000000e+05 @ 2.709093505572828235e+03
4.858056875232104943e+00 5.482864311088269993e+00 -8.003210445573623044e-01 = 3.671200000000000000e+05 @ 2.709093505572828235e+03
-1.425128313052250295e+00 -7.083506269097503250e+00 5.482864294525675142e+00 = 3.739530000000000000e+05 @ 2.709093505572827780e+03
-7.083506484862652997e+00 -8.003211095257705132e-01 -7.708313599274896788e+00 = 3.767260000000000000e+05 @ 2.709093505572827780e+03
-8.003211298242127736e-01 -7.083506287401807100e+00 -7.708313871598836187e+00 = 3.781270000000000000e+05 @ 2.709093505572827780e+03
-7.083506408970408508e+00 -7.083506406950481171e+00 -7.708313736082031298e+00 = 3.808160000000000000e+05 @ 2.709093505572828235e+03
-7.708313873237451652e+00 5.482864050233199116e+00 -8.003209986707864321e-01 = 3.860250000000000000e+05 @ 2.709093505572828690e+03
5.482864028356558173e+00 -1.425128140693443735e+00 -7.083506484093655686e+00 = 3.874260000000000000e+05 @ 2.709093505572827780e+03
-7.708313734246898363e+00 5.482864204996209523e+00 -7.083506406227592755e+00 = 3.888270000000000000e+05 @ 2.709093505572828235e+03
-7.708313651976705927e+00 -7.083506393319017214e+00 5.482864305330942045e+00 = 3.903680000000000000e+05 @ 2.709093505572827780e+03
-8.003210988386456615e-01 -7.083506407538799010e+00 -1.425128427435264689e+00 = 3.917410000000000000e+05 @ 2.709093505572828235e+03
4.858056879930339633e+00 -7.083506407682961026e+00 -8.003210985464046523e-01 = 3.930860000000000000e+05 @ 2.709093505572827780e+03
-8.003211010919478730e-01 -7.708313736982885800e+00 -7.083506406508639941e+00 = 3.958030000000000000e+05 @ 2.709093505572828235e+03
5.482864303181052890e+00 -1.425128218229558819e+00 -8.003210608660350500e-01 = 3.971480000000000000e+05 @ 2.709093505572828235e+03
5.482863961148049192e+00 -8.003208937849014548e-01 4.858056544433008384e+00 = 3.985200000000000000e+05 @ 2.709093505572828690e+03
