-0.8003210995363594 -0.8003211005628517 4.858056878243092 = 2709.0935055728282 @ 398660.0 135.958984375 1
-7.708313735831849 -0.8003210996121775 -0.800321100755915 = 2709.0935055728282 @ 397442.0 280.295166015625 1
5.4828642057396415 4.858056877188497 -7.0835064073839025 = 2709.0935055728287 @ 395183.0 553.763916015625 1
-7.708313736110048 -7.083506410134833 5.482864207818905 = 2709.0935055728282 @ 394044.0 688.600341796875 1
-1.4251284277278893 -0.8003210999879025 5.4828642087208115 = 2709.093505572828 @ 391757.0 964.5625 1
-1.4251284292090425 5.4828642050597045 -0.8003211019757229 = 2709.093505572828 @ 390604.0 1102.39453125 1
-0.8003210992155549 -7.0835064081606305 -7.708313737702225 = 2709.0935055728282 @ 389549.0 1227.288818359375 1
4.85866613696952 5.482494740419365 5.482425511685621 = 2709.070404801082 @ 386086.0 1643.18017578125 1
-7.0835064289480965 -7.083506417757896 -1.425128419642831 = 2709.093505572806 @ 384709.0 1808.531494140625 1
-7.083506403319725 -7.083506409811038 -7.708313735014697 = 2709.093505572828 @ 383626.0 1937.952392578125 1
5.482864209160332 5.482864207555017 -7.708313734281409 = 2709.0935055728287 @ 380191.0 2353.366943359375 1
4.858056878470515 -0.80032110170633 -7.083506409260403 = 2709.0935055728287 @ 376658.0 2774.4794921875 1
-0.8003210991697464 5.48286420684583 -7.708313735250803 = 2709.093505572829 @ 374287.0 3059.380615234375 1
5.482864206184109 -1.425128428548172 -0.8003211005435745 = 2709.093505572828 @ 369648.0 3613.783447265625 1
5.482864206346153 -1.425128426506111 5.482864206294796 = 2709.093505572828 @ 368383.0 3764.31982421875 1
-1.4251284266786377 -7.083506408064339 -7.083506407339648 = 2709.093505572828 @ 366054.0 4047.932373046875 1
-0.8003210997320027 -7.083506405445009 -1.4251284292359006 = 2709.093505572828 @ 364943.0 4181.876953125 1
-7.083506409268996 -0.8003211008417774 -7.708313735421241 = 2709.0935055728282 @ 356594.0 5183.161865234375 1
-7.708313736076461 5.482864207685529 -0.8003211019392346 = 2709.0935055728282 @ 355497.0 5320.155029296875 1
5.4828642064523105 -7.708313736143877 -0.8003210990726034 = 2709.0935055728282 @ 354358.0 5455.008056640625 1
-0.8003211011725645 -7.083506405199839 4.8580568829010335 = 2709.093505572828 @ 341865.0 6963.6123046875 1
-0.8003210999993522 -0.8003211004410529 -1.425128427956882 = 2709.093505572828 @ 340642.0 7109.084716796875 1
5.482864205235373 -7.708313734226683 -7.083506407817436 = 2709.0935055728282 @ 339297.0 136.618408203125 1
-7.08350640867957 -0.8003210996459958 4.858056877840392 = 2709.0935055728282 @ 329338.0 1341.73291015625 1
-7.083511903316574 -1.4251308408716459 -7.083507454620491 = 2709.0935043725826 @ 325343.0 1825.915283203125 1
5.482864204492635 -7.708313735760575 5.4828642051537715 = 2709.0935055728282 @ 318842.0 2612.942138671875 1
-7.083506408037235 4.858056877999504 -7.083506407906039 = 2709.0935055728282 @ 294117.0 1000.445068359375 1
-0.8003211013439901 -7.708313735146296 -0.8003210992480425 = 2709.0935055728282 @ 292838.0 1154.874755859375 1
-0.8003211009869593 -1.4251284279298768 -7.0835064072899545 = 2709.093505572828 @ 291559.0 1308.24755859375 1
-7.708313735038905 5.482864206984294 5.48286420586102 = 2709.0935055728282 @ 284344.0 2177.476318359375 1
-7.083506218034832 -7.708313403287153 -7.083505772158148 = 2709.0935055549944 @ 278949.0 2827.848876953125 1
-7.083506404848153 5.482864206737025 -7.708313735961601 = 2709.0935055728282 @ 276606.0 3114.00439453125 1
-0.8003211011371656 5.482864206837689 -1.4251284294262692 = 2709.093505572828 @ 275159.0 3288.72119140625 1
-1.4251284279225742 5.482864206186583 5.4828642044011415 = 2709.093505572828 @ 271794.0 3697.261962890625 1
-7.708313738265394 5.482864207160765 -7.083506406676649 = 2709.0935055728282 @ 259553.0 5170.198486328125 1
5.482864475344535 4.8580571888137705 5.482865683523769 = 2709.093505497342 @ 257658.0 5396.73681640625 1
-7.083506409351114 -0.8003211011543963 -1.4251284303674931 = 2709.093505572828 @ 237147.0 1802.353759765625 1
-7.083506408727178 -1.425128426758714 -0.8003210999961919 = 2709.093505572828 @ 233222.0 2275.774658203125 1
4.858057058015323 -7.083506242826226 -7.083505481096543 = 2709.093505543347 @ 231649.0 2465.72705078125 1
5.48286420553342 -7.0835064095399805 4.858056880970567 = 2709.0935055728282 @ 230468.0 2608.449462890625 1
-7.70831373507839 -7.083506406707587 -0.8003210982632676 = 2709.0935055728282 @ 229287.0 2749.1943359375 1
-1.425128429460831 -0.8003210996283839 -0.8003211007020925 = 2709.093505572828 @ 216682.0 4283.774169921875 1
-7.083506174470597 5.482863862432311 4.85805671449376 = 2709.09350556637 @ 212015.0 4853.63623046875 1
4.858056877886087 5.482864208165612 -0.8003211012468273 = 2709.0935055728282 @ 199316.0 705.74560546875 1
-7.083507205632546 -7.708313523626676 -0.8003207788106367 = 2709.093505547576 @ 194943.0 1245.135986328125 1
-1.4251284286959425 -7.083506408153454 -0.800321099678102 = 2709.093505572828 @ 186412.0 2276.397216796875 1
5.482864208839522 -0.8003210995958798 -1.4251284267588757 = 2709.093505572828 @ 178581.0 3230.826416015625 1
5.482864206646698 5.482864207500405 4.858056878939388 = 2709.0935055728282 @ 174992.0 3668.768310546875 1
-1.4251284292196587 -0.8003211017506431 -7.083506405983339 = 2709.093505572828 @ 173699.0 3826.55615234375 1
-0.8003211015579802 -0.8003210999805535 -7.708313735439466 = 2709.0935055728282 @ 167884.0 4528.480224609375 1
4.858056879216486 -7.083506408738157 -0.8003210981254514 = 2709.0935055728282 @ 165247.0 4851.451416015625 1
-7.083502404950136 -7.083511980987726 4.858058182280685 = 2709.0935040058685 @ 162316.0 5204.25732421875 1
-1.4251284276257754 -7.08350640706742 5.482864209160843 = 2709.093505572828 @ 151829.0 654.267578125 1
-0.8003211017441235 -1.4251284288289117 5.48286420594212 = 2709.093505572828 @ 149654.0 913.731689453125 1
5.482864206281958 -0.8003211005922574 -7.708313733695311 = 2709.0935055728282 @ 145001.0 1482.306396484375 1
-7.083506408435682 -1.4251284285580759 5.482864208233371 = 2709.0935055728282 @ 135448.0 2635.03759765625 1
-0.8003210986294141 -7.708313734594531 5.482864206851377 = 2709.093505572828 @ 129423.0 3363.809814453125 1
-7.083506406791703 4.858056878121653 5.482864207926998 = 2709.0935055728282 @ 127528.0 3591.486328125 1
-7.708313733644884 -7.083506408631238 -7.083506406526363 = 2709.0935055728282 @ 105099.0 285.54248046875 1
5.482863734738374 -1.4251291395836223 -7.0835053127429175 = 2709.0935055101436 @ 101384.0 737.80712890625 1
4.858056878918129 -0.8003211000598681 -0.8003211008507354 = 2709.0935055728282 @ 88401.0 2327.380615234375 1
4.858056877818855 5.482864205158367 -7.083506408118397 = 2709.0935055728282 @ 58580.0 630.776123046875 1
-0.8003211005150035 4.858056880588743 5.4828642050924525 = 2709.0935055728282 @ 54235.0 1172.065673828125 1
-1.4251284284184926 5.482864207555131 -7.083506405600817 = 2709.093505572828 @ 53096.0 1313.6484375 1
5.482864899477074 -7.083508033465077 -1.4251260160050019 = 2709.0935052759264 @ 34331.0 3613.295654296875 1
5.4828642076814145 -7.083506406279555 -7.708313736195846 = 2709.0935055728287 @ 25902.0 546.156005859375 1
