7.706277268818664 2.1932800512937516 = 1.0 @ 199380.0 55.67578125 1
4.111207138126855 1.1700887872386854 = 1.0 @ 198720.0 129.345947265625 1
1.1700887865408949 2.1932800516417466 = 1.0 @ 198139.0 191.15625 1
0.33301843581074864 7.706277247631782 = 1.0 @ 197342.0 275.9638671875 1
2.193280049914522 7.7062772433883335 = 1.0 @ 196749.0 339.280029296875 1
4.1112071404595465 4.111207147274143 = 1.0 @ 196144.0 403.171630859375 1
4.111207142971383 7.706277255466539 = 1.0 @ 195611.0 463.123291015625 1
4.111207137935999 2.1932800528320726 = 1.0 @ 195066.0 522.483642578125 1
2.193280050545631 4.111207140385917 = 1.0 @ 193957.0 642.291748046875 1
7.706277252825036 4.111207144295918 = 1.0 @ 192860.0 760.865966796875 1
1.1700887894724483 4.111207146951503 = 1.0 @ 192255.0 825.567626953125 1
1.1700887867961456 7.706277269376599 = 1.0 @ 190498.0 1013.091064453125 1
7.706277246887269 7.706277252437817 = 1.0 @ 189953.0 1070.401123046875 1
2.193280049787806 1.1700887874442991 = 1.0 @ 185760.0 1523.364013671875 1
7.692538457096132 1.169158737759718 = 0.9999045929640475 @ 183871.0 1729.52783203125 1
4.111207145204129 0.3330184354237707 = 1.0 @ 182558.0 1870.686279296875 1
0.6242284337551502 1.1700887882755482 = 1.0 @ 177829.0 186.36328125 1
1.1700907825317919 1.1700872213236715 = 0.999999999882532 @ 177464.0 224.878662109375 1
2.314256812838427 2.1948829021072345 = 0.9296347187049034 @ 176799.0 303.382568359375 1
7.6665975302861655 0.6148703211333854 = 0.9936407253929764 @ 160674.0 36.322509765625 1
4.065090545625856 0.6074676479029645 = 0.9784163201643246 @ 159973.0 112.66796875 1
0.6242284337310627 0.6242284338489359 = 1.0 @ 128876.0 650.470703125 1
0.6242284333219789 4.11120714729848 = 1.0 @ 120291.0 1576.125 1
7.607163468676594 0.3261089323119424 = 0.9848670872442055 @ 119846.0 36.607421875 1
0.6242284296794035 2.1932800635710996 = 0.9999999999999982 @ 110277.0 1076.97607421875 1
1.170088788518395 0.3330184354277406 = 1.0 @ 104824.0 1673.431640625 1
1.1700887880953763 0.6242284337598587 = 1.0 @ 94939.0 188.124267578125 1
0.6242284332509632 7.706277253435777 = 1.0 @ 92930.0 403.9609375 1
2.1932800496422096 0.6242284335841354 = 1.0 @ 34149.0 80.51220703125 1
0.3330184353494885 1.170088787522604 = 1.0 @ 30652.0 460.853271484375 1
