-0.8003211009651767 4.858056879806975 = 186.73090883102392 @ 199188.0 79.442626953125 1
-0.800321102002121 -7.708313735896125 = 186.73090883102392 @ 198468.0 162.48876953125 1
4.858056877495445 -0.8003211005003508 = 186.7309088310239 @ 197815.0 237.266357421875 1
5.482864206580016 4.858056876991649 = 186.73090883102392 @ 197078.0 321.447265625 1
-1.4251284288207926 5.482864205536898 = 186.7309088310239 @ 194997.0 558.552001953125 1
-7.083506405439062 -1.4251284301604137 = 186.73090883102387 @ 192136.0 882.287841796875 1
-0.8003211004012036 -1.425128428082443 = 186.7309088310239 @ 191423.0 963.544189453125 1
-7.708313734857766 -0.8003210992419402 = 186.73090883102392 @ 188646.0 1279.0361328125 1
5.48286420785709 -1.4251284286163086 = 186.73090883102387 @ 187177.0 1445.5078125 1
4.8580568770140236 5.482864208074154 = 186.73090883102392 @ 183140.0 1903.636474609375 1
-7.08350640725427 4.858056879010886 = 186.7309088310239 @ 181683.0 2069.490966796875 1
-7.0835064070231555 -7.7083137375355175 = 186.7309088310239 @ 181042.0 2141.338134765625 1
-1.4251284276916338 -7.0835064083932595 = 186.7309088310239 @ 178133.0 2471.451171875 1
-7.708314165267372 -7.083506532847969 = 186.73090883055863 @ 171460.0 686.594970703125 1
-7.708314668885893 5.4828642317837994 = 186.73090882899197 @ 160827.0 267.790283203125 1
4.858061804849328 -7.083502346653003 = 186.73090873802505 @ 159934.0 371.588134765625 1
5.482864206962883 -7.7083137356329114 = 186.73090883102392 @ 133993.0 435.750732421875 1
-1.4251284287875126 -0.8003211003195972 = 186.7309088310239 @ 120864.0 72.67236328125 1
