-3.3951130220779286 -3.317307197442895 = 0.0 @ 199260.0 176.970703125 1
-1.5615446957904107 4.400020671778976 = -1.7520491164522234e-19 @ 198648.0 354.796142578125 1
1.7577435911454389 1.595737254770038 = -3.022015258431848e-20 @ 194239.0 1639.919677734375 1
4.141256935101295 2.4770118123320763 = 0.0 @ 191114.0 2546.474365234375 1
-0.49969506538257097 -4.012597084801951 = 0.0 @ 175333.0 717.056884765625 1
-2.184984351133757 1.6870539388189758 = 0.0 @ 141760.0 4329.491943359375 1
-0.49969494189686303 -4.012596978179004 = -0.051944557368982236 @ 108767.0 3421.531494140625 1
-0.49969474835176564 -4.012597247747104 = -0.08529646953538036 @ 108767.0 3421.531494140625 1
-0.4996950494999144 -4.012596931349055 = -0.03975804784724448 @ 84821.0 2245.488037109375 1
-0.49969539724570156 -4.012596956730274 = -0.08182745847485617 @ 84821.0 2245.488037109375 1
