0.1666666664113856 0.37499999965951136 = -2.0 @ 199272.0 64.498046875 1
0.16666666656554338 0.12499999979354405 = -2.0 @ 198504.0 150.690673828125 1
0.4999999996712275 0.6250000000385321 = -2.0 @ 197875.0 217.733154296875 1
0.4999999995788161 0.12500000000656047 = -2.0 @ 196526.0 361.9765625 1
0.49999999998018485 0.8750000000199735 = -2.0 @ 195225.0 504.369140625 1
0.833333333859952 0.8749999996415544 = -2.0 @ 194512.0 580.6083984375 1
0.8333333333156497 0.3750000002044148 = -2.0 @ 193823.0 654.669921875 1
0.4999999996094982 0.3750000000770699 = -2.0 @ 193182.0 722.58447265625 1
0.16666666644399175 0.8749999997072985 = -2.0 @ 192529.0 791.646484375 1
0.833648112814673 0.12545200175257873 = -2.0007391473082965 @ 190916.0 962.2841796875 1
0.1666666663973808 0.6249999999063534 = -2.0 @ 179055.0 2260.127685546875 1
0.833333333342834 0.6249999999313965 = -2.0 @ 178426.0 2326.172607421875 1
