4.1112071450538705 7.706277254211243 4.111207146143403 = 1.0 @ 399066.0 82.359375 1
7.706277267751209 7.7062772522594845 2.1932800501979637 = 1.0 @ 398156.0 184.83740234375 1
7.70627725578241 7.706277249881856 7.706277258237454 = 1.0 @ 397283.0 285.9736328125 1
7.706277260820486 4.111207143468738 2.1932800505493377 = 1.0 @ 396368.0 387.20556640625 1
7.706277260498831 4.111207135792011 7.70627726244311 = 1.0 @ 395565.0 476.542236328125 1
4.111207140831768 4.111207141789479 7.706277251627547 = 1.0 @ 394706.0 574.7822265625 1
4.111207139878705 7.706277258203539 2.193280049742771 = 1.0 @ 393721.0 683.08056640625 1
4.11120714566093 1.1700887893443115 7.7062772392372185 = 0.9999999999999999 @ 392862.0 779.3349609375 1
4.11120714228281 7.706277256940939 1.1700887878954875 = 1.0 @ 391849.0 892.207275390625 1
2.19328005235156 7.706277257427841 7.706277263854985 = 1.0 @ 391032.0 982.7294921875 1
0.6242030625918891 7.705254285054013 7.706615379063257 = 0.9999996466557182 @ 388843.0 1231.494140625 1
4.111207143019718 4.111207141232402 4.111207144066666 = 1.0 @ 388054.0 1319.449951171875 1
2.193280054079937 1.1700887893925156 7.706277259661569 = 1.0 @ 387111.0 1423.5927734375 1
7.706277254749701 7.706277254595497 4.111207145701457 = 1.0 @ 386196.0 1528.85546875 1
2.193280049936297 2.193280050167446 4.111207141014884 = 1.0 @ 385239.0 1636.4072265625 1
7.706277260220944 2.1932800501326644 7.706277248786373 = 1.0 @ 384380.0 1731.51123046875 1
1.1700887875100392 7.70627725327097 7.706277266533558 = 1.0 @ 383409.0 1840.619384765625 1
7.706277263248673 4.111207148532 4.1112071405557264 = 1.0 @ 381710.0 2030.37060546875 1
4.111207142536478 2.1932800494904954 7.7062772484973046 = 1.0 @ 379927.0 2229.26123046875 1
7.706277256104332 4.111207143397265 1.1700887874034251 = 1.0 @ 377388.0 2516.805908203125 1
2.1932800502751526 7.706277255895886 4.1112071420547975 = 1.0 @ 374401.0 2855.075927734375 1
4.111207142676663 4.111207137615882 2.193280049604158 = 1.0 @ 373402.0 2967.003662109375 1
2.193029122907134 2.1948171118218966 7.679840903938525 = 0.9997948081611183 @ 370569.0 3280.346435546875 1
7.706277250224259 7.70627725527375 0.6242284330394565 = 1.0 @ 366868.0 3694.89013671875 1
7.706277259501331 1.170088785592016 7.706277265384089 = 1.0 @ 365981.0 3793.645263671875 1
4.111207141705922 7.706277262524731 7.706277263861488 = 1.0 @ 365136.0 3891.208740234375 1
4.111207143048874 1.1700887873803916 2.193280048832848 = 1.0 @ 360511.0 4406.682373046875 1
2.1932800527215957 7.7062772523632415 2.193280051113785 = 1.0 @ 359596.0 4507.618408203125 1
0.6242284337398055 2.193280054254013 1.170088788971704 = 1.0 @ 356357.0 4874.02294921875 1
7.706277253629867 1.1700887862285996 4.1112071418996825 = 1.0 @ 353402.0 113.390625 1
2.1932800493405216 2.19328005018648 1.170088786757288 = 1.0 @ 351759.0 298.263916015625 1
0.6242317752157781 4.111224835082128 7.707929043458257 = 0.9999992336622519 @ 349500.0 552.825927734375 1
2.193321993798234 4.1114233892355445 1.170087879112444 = 0.9999999477860733 @ 347381.0 798.916259765625 1
7.706277270303844 2.1932800490831 1.170088788280083 = 1.0 @ 346466.0 903.34326171875 1
7.706277268631858 2.193280051398855 2.193280046847964 = 1.0 @ 344767.0 1098.45849609375 1
1.1809640009642721 4.082564763738482 7.685488629813347 = 0.9976386276052006 @ 344622.0 1114.638916015625 1
2.1501679127422473 4.150639910887606 7.5447941593740655 = 0.9844886496419072 @ 344622.0 1114.638916015625 1
7.705876229863263 0.6242174745519709 7.70629686997561 = 0.9999999496184047 @ 344150.0 1170.060302734375 1
7.706277250667816 2.1932800508961217 4.111207143691056 = 1.0 @ 343235.0 1272.712646484375 1
4.11106455361044 2.19319504802237 2.1934174127088886 = 0.9999998895478046 @ 341690.0 1448.098876953125 1
2.1932800527585266 4.111207145825444 4.111207142149954 = 1.0 @ 340299.0 1603.923828125 1
3.9693262876815183 2.090904501120718 4.153782972497041 = 0.9405223323017986 @ 336080.0 2088.642333984375 1
1.1701317456683589 7.707758622116311 4.111479938879249 = 0.999999288415027 @ 328585.0 2936.1357421875 1
4.111207143528808 4.111207146806079 1.1700887877423785 = 1.0 @ 326872.0 3133.4794921875 1
7.610709624409921 7.865177352905856 1.1890531549362415 = 0.986190452449766 @ 325345.0 9.36962890625 1
7.7062772533629875 4.111207135792572 0.6242284330317376 = 1.0 @ 318816.0 747.1591796875 1
1.169249830959415 7.650534288440031 2.2020259776254654 = 0.9988494865191369 @ 314709.0 1212.572265625 1
3.98183040987372 7.234005079616232 0.6330621467534979 = 0.9153512986150656 @ 312912.0 1420.672607421875 1
1.1700887894551473 2.1932800484360957 7.70627726756971 = 1.0 @ 304059.0 2433.653076171875 1
4.11126159958936 1.1701528129117067 1.1701153529635742 = 0.9999999385859148 @ 301870.0 2687.939453125 1
0.6252241425430773 1.1706953223690193 7.863975790573377 = 0.9931373870152965 @ 299345.0 2970.535400390625 1
2.1932800526479586 7.706277252458382 1.1700887887582052 = 1.0 @ 296302.0 3312.02587890625 1
0.6242284339663446 4.1112071461654525 4.111207148413704 = 1.0 @ 285283.0 736.885498046875 1
1.1700887888071527 4.111207144376299 2.1932800498215057 = 1.0 @ 278208.0 1545.690673828125 1
4.222678139762404 2.25412179897379 1.1845712335020495 = 0.9732229614209595 @ 271637.0 2298.040771484375 1
1.170088788279089 1.1700887885279874 4.111207145721068 = 1.0 @ 269224.0 2576.097412109375 1
0.6242284337014957 2.1932800480577197 4.11120714077473 = 1.0 @ 267021.0 2828.27734375 1
2.1932800507404173 2.1932800488812196 2.1932800510694883 = 1.0 @ 261206.0 3494.3115234375 1
4.111226142792792 0.33301710784467736 4.11127359898931 = 0.9999999950242959 @ 259609.0 157.11181640625 1
1.170088788893748 2.193280049471045 1.1700887873364192 = 1.0 @ 255544.0 629.787109375 1
0.6083755919750307 8.082707724555613 2.306583916661057 = 0.910438569833788 @ 255427.0 643.5927734375 1
0.333067086594352 4.10781363301369 2.1914631814371557 = 0.9999768331665662 @ 253462.0 871.901123046875 1
1.1700887863766267 1.1700887885177882 7.7062772526331065 = 1.0 @ 252211.0 1013.662841796875 1
4.111207144368961 0.6242284335398111 7.706277248964845 = 1.0 @ 250050.0 1262.624267578125 1
0.3330184357514544 7.706277252157694 2.193280051348599 = 1.0 @ 231523.0 3384.68798828125 1
7.706277266613123 1.1700887878455342 2.193280051424678 = 1.0 @ 225628.0 189.303955078125 1
0.6242140127898601 4.111199072545131 2.1932431703987407 = 0.9999999863280444 @ 198169.0 3321.489501953125 1
0.33109276243447655 4.14668188858684 7.716658380569071 = 0.9981798755764104 @ 196638.0 3496.402099609375 1
1.1700887872162182 4.111207138571884 4.111207142378892 = 1.0 @ 187089.0 722.485107421875 1
0.6202097333198393 7.800880892387949 4.1983003620044395 = 0.9895294328904193 @ 181708.0 1328.222412109375 1
2.19328004819075 4.1112071375424275 2.193280047827849 = 1.0 @ 173583.0 2249.5068359375 1
7.774262087749635 1.1720252340157398 1.1702531477529114 = 0.9986691474012386 @ 169364.0 2729.752685546875 1
2.193280051872501 4.111207142331833 0.6242284339572751 = 1.0 @ 162191.0 3543.38134765625 1
1.170088786679515 2.1932800483100126 4.111207148968725 = 1.0 @ 153258.0 362.906005859375 1
1.1700887865390355 2.1932800509456047 2.193280049350982 = 1.0 @ 152315.0 471.977294921875 1
4.111207139982508 1.1700887883424569 0.33301843533145226 = 1.0 @ 141796.0 1667.116943359375 1
4.111207141598576 0.6242284344529643 4.111207145725327 = 1.0 @ 131977.0 2786.3603515625 1
1.1700887873683934 4.111207140400102 1.1700887867733392 = 1.0 @ 119334.0 542.001953125 1
1.1700887875624384 1.1700887863848306 0.6242284334620978 = 1.0 @ 114793.0 1066.60693359375 1
2.193280054381597 1.1700887862153846 2.193280051990003 = 1.0 @ 97848.0 3023.868408203125 1
0.6242143114701082 7.705560492177055 2.193398127171291 = 0.999999798971934 @ 69847.0 2287.793701171875 1
0.33301843588263835 7.706277249387063 7.706277252139551 = 1.0 @ 40026.0 2393.939697265625 1
4.11120714613536 1.170088787264105 4.111207145085855 = 1.0 @ 34061.0 105.233642578125 1
4.111499494106447 7.706941683929684 0.3330283742068157 = 0.9999997769979279 @ 30402.0 520.216796875 1
4.111207138977321 0.6242284331765895 1.1700887878245443 = 1.0 @ 24321.0 1209.675048828125 1
1.1700508733633592 0.6242726840596803 2.193022140184093 = 0.9999996682653596 @ -12.0 426.823974609375 1
