4.1112071377306245 4.111207147765145 7.706277261854073 = 1.0 @ 398996.0 92.4619140625 1
1.1700887889902931 7.706277253001561 2.193280053257994 = 1.0 @ 398002.0 204.66748046875 1
1.1700887880628534 2.193280053408239 7.706277254206352 = 1.0 @ 396919.0 326.132568359375 1
2.193280052375272 1.1700887864609921 7.706277255043699 = 1.0 @ 395766.0 455.18603515625 1
7.706277250998809 7.706277247266902 1.170088785987356 = 1.0 @ 394823.0 565.50146484375 1
2.1932800472757252 7.706277246371933 4.111207144729479 = 1.0 @ 393908.0 669.304931640625 1
1.170156081462193 7.707671360666652 7.706229116161202 = 0.9999993988808451 @ 392475.0 831.891845703125 1
7.706277243335058 4.111207143177104 7.706277256921716 = 1.0 @ 391630.0 931.47705078125 1
0.6249122434981912 4.145996043421641 7.710858427324795 = 0.998791441627776 @ 389105.0 1217.732666015625 1
7.706277254213724 4.111207144077193 4.11120714670788 = 1.0 @ 388204.0 1319.493408203125 1
2.1932800480316716 7.706277257967511 2.1932800493383446 = 1.0 @ 387205.0 1431.864013671875 1
4.111207140430743 7.706277252943762 7.706277255485046 = 1.0 @ 386318.0 1531.09130859375 1
1.1700887884274833 4.111207146370007 2.193280051542104 = 1.0 @ 385277.0 1647.995849609375 1
7.6682421080167575 0.6246228359177367 0.6239280151252388 = 0.9995815555822303 @ 383172.0 1888.853271484375 1
7.70627724821495 7.70627725336183 2.193280050178534 = 1.0 @ 380619.0 2180.569580078125 1
7.706277256243722 2.193280053102874 7.706277261159382 = 1.0 @ 379732.0 2280.757568359375 1
2.1932800491467774 7.706277268753175 7.706277260452249 = 1.0 @ 378775.0 2388.679443359375 1
2.193280052889963 1.1700887887778162 1.1700887889016742 = 1.0 @ 377818.0 2496.6103515625 1
7.706277270028341 7.706277254900641 7.706277255927865 = 1.0 @ 376945.0 2594.974365234375 1
7.70638762385956 2.193277240234962 1.1700989238409725 = 0.99999999530338 @ 375652.0 2739.426025390625 1
7.706277258903713 7.706277268993059 4.111207146050049 = 1.0 @ 372931.0 3050.557373046875 1
7.70627725989936 1.1700887866352925 7.706277262704064 = 1.0 @ 371274.0 3237.375244140625 1
4.111207140956092 7.706277253791479 2.1932800498798857 = 1.0 @ 367685.0 3648.39794921875 1
1.1700887867781358 4.111207138287633 1.1700887868879504 = 1.0 @ 366756.0 3752.276123046875 1
4.111207147127176 4.111207144460826 1.170088786523232 = 1.0 @ 364805.0 3972.715087890625 1
2.1932800522343183 4.111207137169464 7.706277246704504 = 1.0 @ 361258.0 4380.061767578125 1
2.193280049530339 7.706277256969431 1.1700887872049865 = 1.0 @ 358313.0 4717.865966796875 1
2.1932800517707305 4.1112071409858 4.111207146771754 = 1.0 @ 354206.0 5183.07421875 1
7.706277243356167 2.1932800514950612 4.111207139599093 = 1.0 @ 352339.0 5399.484130859375 1
7.706297838645381 7.706284860703165 0.6242240607550892 = 0.9999999990469761 @ 350728.0 54.981201171875 1
2.1932800538080937 2.193280054071037 7.7062772525196035 = 1.0 @ 349575.0 191.071044921875 1
1.1700773440704109 0.6242437825500612 7.696828784567929 = 0.9999749035706866 @ 346560.0 535.3955078125 1
2.1932800516871596 2.193280051348728 4.1112071456937285 = 1.0 @ 343881.0 846.450439453125 1
4.111207140645931 4.111207141670994 4.111207137827622 = 1.0 @ 343008.0 948.56591796875 1
7.89198575652431 1.1911129393442175 2.2146052942938184 = 0.983762987362842 @ 342765.0 975.94970703125 1
7.7062772687974 4.111207143100864 1.1700887888428497 = 1.0 @ 341164.0 1158.01513671875 1
4.111180259260763 2.1932569528816015 7.706272647778817 = 0.999999997432916 @ 340193.0 1273.69091796875 1
4.111201478498288 4.111236029187422 2.193278202991509 = 0.999999999133739 @ 339348.0 1374.190673828125 1
4.111243408911416 7.706263599333273 4.1112106216050455 = 0.9999999986388238 @ 339007.0 1413.666748046875 1
4.111207139336809 0.6242284334310151 4.1112071455574295 = 1.0 @ 336076.0 1750.667236328125 1
0.6242284338045618 4.11120714062594 4.111207141364571 = 1.0 @ 335091.0 1862.205078125 1
4.1112071365288285 1.1700887874953436 1.1700887885198623 = 1.0 @ 334106.0 1972.25537109375 1
4.103077152674217 0.6244386473180263 2.194605530247403 = 0.999926723846809 @ 331791.0 2242.8046875 1
0.6254015303239606 1.1707204924199535 4.090830259859867 = 0.9995250062770469 @ 328622.0 2606.004638671875 1
4.111207142816266 2.1932800523030647 4.1112071463796 = 1.0 @ 327287.0 2758.41015625 1
7.710853093970303 2.193586223918256 2.1940473358855073 = 0.9999917634882741 @ 325980.0 2905.699462890625 1
4.1112071385898865 1.17008878797681 4.111207140676779 = 1.0 @ 324939.0 3025.0654296875 1
2.193280051212859 1.1700887888024347 4.111207141644301 = 1.0 @ 322064.0 3358.788330078125 1
1.1700887878887534 4.111207142409936 4.111207140354688 = 1.0 @ 320239.0 3568.895263671875 1
0.6242284339486444 2.193280051791294 7.706277262250588 = 1.0 @ 316486.0 329.370849609375 1
4.111207139281319 1.1700887881855517 7.7062772635236 = 1.0 @ 315557.0 434.140380859375 1
7.828130039741242 3.9757462568705217 2.2824209740663512 = 0.9512679346407575 @ 305640.0 1568.491455078125 1
0.622792095424543 1.1689892301621971 7.660851414289835 = 0.9993144483853729 @ 305327.0 1603.611572265625 1
4.111348280685577 2.1932630736422265 2.19332499292529 = 0.9999999723618016 @ 303096.0 1858.801513671875 1
2.1932800492779183 0.6242284328656532 7.706277249976565 = 1.0 @ 299689.0 2250.54638671875 1
1.1697023275538945 7.719638208084546 1.1704294084350033 = 0.999946757687483 @ 296996.0 2560.81396484375 1
0.33263224516546086 7.772605326973022 4.100372637953936 = 0.9986381228342882 @ 295773.0 2698.7216796875 1
0.649863068123452 7.631836203203081 4.084960040226597 = 0.9711151018581348 @ 295773.0 2698.7216796875 1
0.6244116973108592 4.0415701658353465 1.1670109498790522 = 0.9950307095407622 @ 292725.0 3042.540771484375 1
0.6242284344111091 7.706277266407794 1.1700887864328984 = 1.0 @ 285888.0 3832.97802734375 1
2.1933146058446717 4.111177581044491 2.193251467980114 = 0.9999999921707561 @ 284483.0 3995.072509765625 1
7.706277262177157 1.170088785378024 4.111207149834612 = 1.0 @ 276768.0 489.56787109375 1
7.667242809623519 1.1684319698775945 0.6234331113675374 = 0.9995097462191711 @ 270575.0 1202.550537109375 1
0.6242284332017414 7.706277256489932 7.706277260706664 = 1.0 @ 266244.0 1701.442138671875 1
1.170079107004722 7.705970821267482 4.111481258214597 = 0.9999998984168 @ 265833.0 1747.996826171875 1
4.111220937258415 7.706284661924122 1.1700793807961067 = 0.9999999987197916 @ 251940.0 3339.420654296875 1
4.440908493753302 0.3356762506309645 4.1547247801941545 = 0.9027410669161591 @ 250045.0 3562.0830078125 1
7.6924096151117 2.1916413497971 0.6241637820620934 = 0.9999364431506208 @ 244034.0 4257.682373046875 1
0.624228433767267 7.706277252275054 2.193280050202116 = 1.0 @ 236669.0 711.788818359375 1
1.1700887892973346 1.17008878843701 7.70627724868451 = 1.0 @ 224652.0 2094.130126953125 1
0.6245482339506838 0.6252663585495472 4.164701387998855 = 0.9971680019513176 @ 207725.0 282.368408203125 1
1.1700577885862882 4.11087812073734 7.706883751636972 = 0.999999778321335 @ 202722.0 859.418701171875 1
1.1700887867545098 2.1932800525436242 1.1700887858034295 = 1.0 @ 186211.0 2776.6796875 1
4.111207140073823 1.1700887873337302 2.193280050566107 = 1.0 @ 169676.0 868.235107421875 1
4.11120714206023 7.706277251364439 0.6242284341640316 = 1.0 @ 166731.0 1210.447509765625 1
7.464292472956427 0.32377201024572666 7.734368371293949 = 0.9698300490051331 @ 164976.0 1416.91357421875 1
0.33294779334201674 7.721119607103905 7.6988195362385135 = 0.9999219216680262 @ 160351.0 1943.810546875 1
4.450093148300224 0.6253966874280289 4.122036726772979 = 0.9006143588151183 @ 152954.0 2802.012451171875 1
7.729287259864505 1.1703797799192084 1.169917061864732 = 0.9998504727306853 @ 136923.0 513.699462890625 1
1.1700887869420042 2.193280051795296 2.193280049076003 = 1.0 @ 130912.0 1203.84375 1
0.6242284332023056 4.111207146921707 2.19328005214162 = 1.0 @ 124831.0 1901.5673828125 1
4.14120434807632 0.6181911513589802 7.667812072657444 = 0.9971293167523083 @ 89130.0 1882.293701171875 1
7.706277251720499 0.6242284344209054 2.1932800525686447 = 1.0 @ 88187.0 1987.340087890625 1
1.1700887868610887 4.111207142413509 0.6242284331890201 = 1.0 @ 78036.0 696.5966796875 1
2.1932800516694835 4.111207143094719 0.624228434098685 = 1.0 @ 63555.0 2348.82080078125 1
1.1700887869984684 7.706277270561107 0.6242284324092997 = 0.9999999999999998 @ 51734.0 3689.0263671875 1
2.1932800515536637 4.111207140983305 1.170088786126268 = 1.0 @ 50441.0 3837.20556640625 1
2.193280053128225 1.1700887876603232 2.1932800507081853 = 1.0 @ 49470.0 3946.65478515625 1
7.702988143636544 0.33301155523567605 1.1700138359415102 = 0.9999968870964142 @ 44957.0 4454.391357421875 1
7.660396465021916 7.759665176384626 0.3325488758471934 = 0.9985785885583787 @ 44634.0 14.30859375 1
1.1700887891875453 2.1932800482167365 4.111207140186374 = 1.0 @ 43257.0 171.3857421875 1
7.706020005577167 0.6242279124359235 7.706469047222134 = 0.9999999710921881 @ 8802.0 1378.971923828125 1
