-0.8003211001932831 -7.083506407580331 -1.4251284287781372 = 2709.093505572828 @ 398590.0 151.076171875 1
4.858056879335753 5.48286420839183 -0.8003211031279124 = 2709.093505572828 @ 396252.0 441.61083984375 1
5.482864207304102 5.482864206744978 4.858056877742422 = 2709.0935055728282 @ 395169.0 575.122314453125 1
-7.708313733869856 -0.8003210995620745 -0.8003210988184387 = 2709.0935055728282 @ 389452.0 1274.590087890625 1
-1.4251284274003575 -7.083506408462996 -7.083506408360557 = 2709.093505572828 @ 388299.0 1416.654296875 1
5.482864206923064 4.858056879453644 -0.8003211019481571 = 2709.0935055728282 @ 387174.0 1555.19921875 1
-7.083506407187413 -0.8003211009106548 -1.4251284281116392 = 2709.093505572828 @ 380281.0 2406.26318359375 1
-1.4251284282768366 5.482864207791405 5.482864207145738 = 2709.093505572828 @ 379184.0 2540.667236328125 1
-7.083506406999526 -7.083506406984225 -7.708313736482635 = 2709.0935055728287 @ 377009.0 2807.126708984375 1
-7.0835064089138715 5.482864205465459 4.858056877433194 = 2709.0935055728287 @ 369892.0 3679.046875 1
-7.7083137356064935 -7.08350640688509 5.482864208195437 = 2709.0935055728282 @ 365967.0 4162.364501953125 1
-7.083506407653133 -7.083506408262133 -1.4251284286961574 = 2709.0935055728282 @ 364842.0 4300.279296875 1
-7.708313735162426 -7.0835064050738 -7.083506404568952 = 2709.0935055728282 @ 363647.0 4448.771728515625 1
4.858056880737772 -7.083506407676454 5.4828642077006124 = 2709.0935055728287 @ 357678.0 5186.42578125 1
-7.083506406158238 -7.708313735123673 5.482864205645917 = 2709.0935055728282 @ 355363.0 5471.149169921875 1
-7.083506406356464 -7.708313732556787 -7.08350640916028 = 2709.093505572828 @ 354266.0 5604.81884765625 1
-0.8003211014414748 -0.8003210997603023 -1.425128428699688 = 2709.093505572828 @ 353029.0 5756.476806640625 1
-7.083506410463294 5.482864204526549 -7.708313737786382 = 2709.0935055728282 @ 347242.0 6483.16748046875 1
5.482864206804712 -0.8003211028829504 -7.708313735932213 = 2709.0935055728282 @ 340143.0 286.203369140625 1
-0.8003211000412167 -0.8003211020254394 -7.708313735283069 = 2709.0935055728282 @ 337240.0 643.607666015625 1
5.482863805288072 5.482863462898487 -1.4251284640488868 = 2709.0935055498803 @ 330249.0 1500.03662109375 1
-7.083506408345273 4.858056879023325 -0.8003210995370603 = 2709.0935055728282 @ 327626.0 1824.4609375 1
-0.8003211006624475 -1.425128429163278 -7.083506408283719 = 2709.093505572828 @ 323869.0 2289.016845703125 1
5.482864207869526 -0.8003210965764389 4.858056879598978 = 2709.093505572828 @ 316458.0 3195.184326171875 1
5.482864209638263 -7.083506409869836 -7.708313736023667 = 2709.0935055728282 @ 312645.0 3664.0185546875 1
-0.8003214988269409 -1.4251282525384659 5.482864164120514 = 2709.0935055666364 @ 309616.0 4041.69140625 1
4.858056878089359 -0.8003210998673047 5.482864207111042 = 2709.0935055728282 @ 308281.0 4209.155029296875 1
-0.8003211019347124 4.8580568796897285 -0.800321100374445 = 2709.0935055728282 @ 294014.0 287.08984375 1
-1.425128428021862 5.482864207546411 -7.083506406875834 = 2709.093505572828 @ 289431.0 853.54248046875 1
-7.7083137354987965 -0.8003210983807663 5.482864207494565 = 2709.0935055728282 @ 286948.0 1158.53466796875 1
-7.08350640727278 4.858056880066686 -7.083506408904556 = 2709.0935055728282 @ 285795.0 1298.40380859375 1
-0.8003211004013991 -1.4251284283050525 -0.8003211004986449 = 2709.093505572828 @ 278202.0 2235.921630859375 1
-7.083506011932797 -1.4251280170932052 -0.8003220719006784 = 2709.0935055318328 @ 274081.0 2745.92578125 1
-7.708313734347028 5.482864206042363 -7.083506409048405 = 2709.0935055728282 @ 271794.0 3027.5244140625 1
-1.4251284276550495 -0.8003211000451247 -0.8003210994653085 = 2709.093505572828 @ 267155.0 3599.98291015625 1
-0.8003211004313721 5.482864208568946 -1.4251284269631037 = 2709.093505572828 @ 266002.0 3740.96240234375 1
-0.8003218479572587 -7.083506372580406 4.85805900939784 = 2709.093505401387 @ 255497.0 5050.800537109375 1
-0.8003211017128655 -7.708313735886042 -7.0835064075277305 = 2709.0935055728287 @ 246326.0 136.593505859375 1
-7.083506407955449 5.482864206696546 -1.4251284293940618 = 2709.093505572828 @ 240665.0 840.155029296875 1
-7.083502315117137 -0.8003252396164287 4.858073869045567 = 2709.093494725687 @ 238952.0 1053.842529296875 1
-7.083506406439909 -7.708313734753451 -0.8003211005578136 = 2709.0935055728282 @ 234733.0 1581.437744140625 1
-7.708313734554471 -0.8003211019551828 -7.083506406726812 = 2709.0935055728282 @ 233342.0 1752.29052734375 1
-1.4251284309719732 -0.8003211002773308 -7.083506409223845 = 2709.093505572828 @ 230817.0 2062.265869140625 1
5.482863943131669 -7.708313785516581 -0.8003215490758079 = 2709.0935055640625 @ 228978.0 2287.721923828125 1
-0.8003212709162567 4.85805727471417 -7.083506292949838 = 2709.093505566175 @ 225431.0 2728.382568359375 1
-7.0835064086532284 -1.425128427367122 -7.0835064092558655 = 2709.093505572828 @ 215906.0 3920.65673828125 1
4.858056283299129 -7.0835080036701825 -0.800319591592404 = 2709.093505406176 @ 215047.0 4029.57177734375 1
5.482864208896778 -7.0835064077437 -1.4251284286142265 = 2709.093505572828 @ 206600.0 5075.683837890625 1
-7.083506408745508 -0.8003210991316615 -7.7083137353975015 = 2709.0935055728287 @ 203319.0 5482.9013671875 1
-0.800321101207462 4.858056879356832 5.482864204859218 = 2709.0935055728282 @ 200798.0 145.885498046875 1
5.482864054450814 4.858056505827498 -7.083506554039186 = 2709.0935055666905 @ 193191.0 1089.803466796875 1
-0.8003225206668965 5.482865074297608 -7.7083146804817115 = 2709.093505453836 @ 189112.0 1599.178955078125 1
5.482864207788896 -7.083506407745308 4.858056879311173 = 2709.0935055728287 @ 181939.0 2490.716552734375 1
4.858056879919966 5.482864205870178 5.482864206875901 = 2709.0935055728282 @ 177398.0 3054.75244140625 1
-0.8003207181189745 -7.708314391319074 5.482863867537613 = 2709.093505549908 @ 165479.0 4537.898193359375 1
-7.70831383280627 -7.08350614779093 -0.8003214353948495 = 2709.0935055667455 @ 160336.0 5177.350341796875 1
-0.800321099048826 5.482864205836096 4.8580568798191965 = 2709.093505572828 @ 157769.0 5496.721435546875 1
-7.708313445149926 5.482864567127811 5.482863901270023 = 2709.09350556282 @ 146890.0 492.58544921875 1
4.858056879853189 -0.8003211003775863 -0.8003211020980229 = 2709.0935055728282 @ 145639.0 649.67431640625 1
4.858056736174159 5.482863618607252 -7.083507377684205 = 2709.093505530882 @ 107736.0 5351.66748046875 1
5.482864207586768 4.8580568789656855 5.482864206207479 = 2709.0935055728287 @ 94085.0 1292.698974609375 1
-0.8003211012040359 -7.083506407573144 -7.70831373614431 = 2709.0935055728282 @ 54894.0 6154.0087890625 1
-1.4251284286152737 -7.083506406651829 5.482864205421876 = 2709.093505572828 @ 52317.0 294.659423828125 1
5.482864206908125 -7.708313736609112 5.482864205673496 = 2709.0935055728282 @ 46880.0 970.249755859375 1
-1.4251284280767833 5.482864207900375 -0.8003211003209927 = 2709.093505572828 @ 42311.0 1535.171142578125 1
-0.8003211000567116 -0.8003211000235507 4.858056878920793 = 2709.0935055728282 @ 40570.0 1754.080810546875 1
-7.083506407822549 4.858056877066931 5.482864207249126 = 2709.0935055728282 @ 15477.0 4878.602294921875 1
-0.8003210997293315 -7.708313736464225 -0.8003211004441888 = 2709.0935055728282 @ 14324.0 5022.155029296875 1
5.4828642080796826 -1.4251284283552663 5.482864206086812 = 2709.093505572828 @ 113.0 300.1865234375 1
