4.1112071420453775 4.111207143682432 4.111207144496529 = 1.0 @ 398954.0 93.290283203125 1
4.111207138972388 4.111207144556908 7.706277252987813 = 1.0 @ 398128.0 185.166259765625 1
7.706277250148245 7.706277262367932 4.111207146725548 = 1.0 @ 397325.0 271.9345703125 1
7.706277251036607 2.1932800506299137 1.170088787325785 = 1.0 @ 396298.0 383.239990234375 1
7.706277251120437 4.111207143606208 7.706277255122283 = 1.0 @ 395439.0 475.830322265625 1
4.111207148872889 2.1932800505828505 1.1700887869633312 = 1.0 @ 394496.0 577.95458984375 1
7.706074348066827 7.706318323880966 2.1932619794475627 = 0.999999986840202 @ 393287.0 709.512939453125 1
7.706277252847267 2.193280050533988 7.706277266969006 = 1.0 @ 391462.0 912.753662109375 1
2.1932800476819847 4.111207142559718 4.1112071439304385 = 1.0 @ 389539.0 1122.503173828125 1
1.1700410799812582 4.1108767717258425 7.707401291223806 = 0.999999510126063 @ 388036.0 1290.427734375 1
2.1932800483423565 4.111207142214746 2.1932800486702453 = 1.0 @ 386211.0 1495.509765625 1
4.1112071435979916 7.706277262398027 4.111207149039404 = 1.0 @ 385268.0 1602.718017578125 1
2.1921453348553483 7.720618666944375 2.1943255274832048 = 0.9999341381883564 @ 382533.0 1900.654052734375 1
7.706277246780737 4.111207138713739 4.111207141362251 = 1.0 @ 381632.0 2002.956298828125 1
4.111207144600587 1.170088786999314 4.111207137317109 = 1.0 @ 379863.0 2195.592041015625 1
4.11120714269043 7.706277266813984 7.706277243819441 = 1.0 @ 378822.0 2308.282470703125 1
1.170088786085427 2.193280050400676 1.1700887891894753 = 1.0 @ 377711.0 2433.64990234375 1
7.706277259055841 7.706277261738854 7.706277257965579 = 1.0 @ 374892.0 2744.587646484375 1
0.624228433993207 0.6242284333938687 2.193280048344365 = 1.0 @ 373949.0 2847.279052734375 1
7.706277264860982 7.70627726299738 1.170088787030081 = 1.0 @ 371242.0 3141.72998046875 1
7.706277254631819 0.6242284328577657 7.706277260994176 = 1.0 @ 370075.0 3272.730224609375 1
2.193280049571867 7.706277258654125 7.706277255034452 = 1.0 @ 368348.0 3462.982421875 1
4.111207144632283 7.706277248825391 2.19328004845075 = 1.0 @ 366551.0 3662.63916015625 1
2.1932800522163274 7.706277258048616 4.111207143391329 = 1.0 @ 363102.0 4040.648193359375 1
4.111207148687872 1.1700887871663728 2.193280047267536 = 1.0 @ 362145.0 4144.333984375 1
4.111207141602608 2.1932800527482526 4.111207139445281 = 1.0 @ 361230.0 4243.754150390625 1
4.111207138503233 7.706277253235229 1.17008878647418 = 1.0 @ 358411.0 4556.03857421875 1
7.706277263451846 2.1932800479693113 4.111207140257986 = 1.0 @ 353954.0 5051.7412109375 1
1.1701146699762712 7.70583829212488 2.1931587460555346 = 0.999999886779809 @ 351951.0 201.9697265625 1
7.706205611691457 7.706238546255605 0.6242321516404874 = 0.9999999975476441 @ 351470.0 254.62841796875 1
2.1932800499313267 7.706277254186281 0.3330184352381755 = 1.0 @ 350373.0 375.502197265625 1
2.1933281988859794 4.111200081578477 7.705935322827183 = 0.999999959104868 @ 349920.0 424.82421875 1
4.06848149280312 0.592804483531198 2.2493914545040488 = 0.9441181548001341 @ 349733.0 445.806396484375 1
7.706331097381025 4.111249851360605 2.193330154366107 = 0.9999999886904634 @ 349252.0 502.4912109375 1
4.111249057859571 2.1932750708826596 7.706334609047397 = 0.9999999972585627 @ 348743.0 559.452880859375 1
7.95150797604865 0.6286849509053842 4.0148442955546795 = 0.973602573754069 @ 347772.0 671.66015625 1
0.6242284333654181 2.1932800484369066 4.111207140993781 = 1.0 @ 345807.0 893.872802734375 1
4.111207141410181 1.1700887862181 7.706277253042115 = 1.0 @ 344766.0 1008.97265625 1
7.80972992519798 1.1693254103422315 1.1677791410545055 = 0.996968452136167 @ 340421.0 1484.888671875 1
0.6242284336558976 7.7062772541958 0.6242284346117841 = 1.0 @ 337588.0 1806.946533203125 1
4.243229149426293 1.1817235988933594 0.3417369595052189 = 0.9707872777248908 @ 336281.0 1954.072998046875 1
2.1932800527614504 2.1932800495950233 7.706277262660416 = 1.0 @ 334638.0 2140.881591796875 1
1.1700887869213177 1.1700887869596717 7.7062772517705955 = 1.0 @ 331217.0 2522.908935546875 1
1.165543725659685 7.7358244442303565 7.693668540810416 = 0.9994588411613954 @ 328552.0 2821.375 1
1.1107067931663128 7.398272750361347 4.216712342756925 = 0.9178117662381867 @ 328449.0 2833.45654296875 1
1.1700887886088776 2.1932800495503098 2.193280048022085 = 1.0 @ 325956.0 253.19482421875 1
2.193280051551383 2.193280052629005 2.19328005220674 = 1.0 @ 323641.0 518.678466796875 1
0.6228756076037119 4.1577780881524244 4.098645980595038 = 0.9976530639494884 @ 320038.0 916.554931640625 1
1.1700887869538639 1.1700887874785206 2.1932800514259054 = 1.0 @ 317751.0 1172.075439453125 1
2.1932800504314973 4.11120714020782 1.1700887877582804 = 1.0 @ 315352.0 1439.611572265625 1
0.6242284337947388 1.1700887874404933 2.19328004798942 = 1.0 @ 306583.0 2426.382080078125 1
4.102427554236463 7.874339225970042 0.625518102241754 = 0.9921255562241891 @ 305248.0 2579.097412109375 1
2.193280050329448 0.6242284343491867 0.6242284338587964 = 1.0 @ 298905.0 316.810791015625 1
7.7062772502254795 1.1700887873282177 2.1932800505813876 = 1.0 @ 293132.0 965.52490234375 1
2.193280049188772 1.1700887870762984 7.706277258569178 = 1.0 @ 290355.0 1272.937255859375 1
2.1932855075288047 0.6242285611993232 7.705810129301811 = 0.9999999386532383 @ 288768.0 1448.535400390625 1
4.111207144098137 4.111207147927972 1.1700887862022697 = 1.0 @ 286929.0 1653.725830078125 1
7.695599121187887 0.6241204055622873 0.6243232817370009 = 0.999967072123888 @ 285216.0 1846.067138671875 1
1.170088786853297 2.1932800498557716 7.7062772521430265 = 1.0 @ 282397.0 2161.087890625 1
7.737938892127412 0.624259121281147 1.169668745642688 = 0.999717665369622 @ 278010.0 2647.8955078125 1
7.706277249267496 4.111207139106019 0.6242284339472214 = 1.0 @ 275527.0 2924.50341796875 1
7.706277257150948 1.1700887890126408 4.111207143725337 = 1.0 @ 273296.0 3177.475341796875 1
1.170109600303637 7.706339870322635 1.1701262223012672 = 0.9999999765678507 @ 271807.0 3341.149169921875 1
7.706277260683539 1.1700887887996307 7.706277248680482 = 1.0 @ 266234.0 113.228759765625 1
7.706277250866173 2.193280047504542 2.1932800525477454 = 1.0 @ 263457.0 428.70654296875 1
4.112650863815988 4.109427900956695 2.193010712629689 = 0.9999945710830497 @ 258160.0 1021.883056640625 1
0.33353454311228914 0.6243229841492618 2.206807461928913 = 0.9993297355681792 @ 252121.0 1698.103515625 1
1.1700887868259564 1.170088787222318 4.111207142464799 = 1.0 @ 249778.0 1963.161865234375 1
2.2491069741086864 2.129853403192076 1.2259889046407166 = 0.9396317422206812 @ 249619.0 1980.9638671875 1
2.193280051026985 1.170088785641566 0.6242284332971744 = 1.0 @ 239408.0 3132.842041015625 1
0.6242308808194382 4.111145058100449 7.70637693138107 = 0.999999993154729 @ 234409.0 231.9111328125 1
2.193280053915017 1.1700887877157324 4.11120714479989 = 1.0 @ 228734.0 874.0986328125 1
1.1700887865571739 7.706277257013611 0.6242284336327568 = 1.0 @ 226419.0 1130.827880859375 1
7.706277249450918 1.1700887884182005 0.6242284342208906 = 1.0 @ 221570.0 1668.980224609375 1
1.1700887874986194 2.1932800520621294 4.111207136331271 = 1.0 @ 208097.0 3179.56201171875 1
7.706277260085548 7.706277248014969 0.33301843527892705 = 1.0 @ 199178.0 112.692626953125 1
7.599507784072118 0.3342064184358593 7.456792476829478 = 0.9786610970235287 @ 197381.0 315.20751953125 1
2.1503489048579705 0.6152031372685446 4.177192119882696 = 0.9857628329130539 @ 196256.0 440.9306640625 1
4.112361659397257 0.6242089149276112 7.708315276384678 = 0.9999975043628715 @ 194585.0 622.392578125 1
0.3455030495364423 7.721990598166457 2.1071237796549065 = 0.9511999014569932 @ 191080.0 1009.136474609375 1
4.110796675266336 1.1700958060410136 0.6242254559840172 = 0.9999998328669644 @ 189675.0 1168.9267578125 1
0.6241901717241463 7.721413715527834 7.701412399938411 = 0.9999291197511095 @ 185330.0 1661.78759765625 1
4.111207142429591 1.170088789155517 1.170088788684771 = 1.0 @ 184009.0 1809.100830078125 1
1.1953867381435328 4.161608669551529 4.178782436281815 = 0.9855117738834243 @ 175730.0 2744.8369140625 1
0.3320948310629462 8.07245057900065 8.072960607571785 = 0.9292248474214082 @ 169719.0 3410.88330078125 1
1.170088788120005 2.193280048504414 0.6242284340863176 = 1.0 @ 166018.0 3831.40625 1
7.706277250563327 4.111207143622763 1.1700887866020824 = 1.0 @ 155713.0 1148.487548828125 1
1.1700887865399048 4.111207137689303 0.6242284344802548 = 1.0 @ 146790.0 2150.020263671875 1
0.3351367749519708 2.266932901386518 7.6337444248759665 = 0.9798228380120457 @ 143621.0 2513.335205078125 1
7.706277259256402 2.1932800485454322 0.33301843596807157 = 1.0 @ 133494.0 3653.265869140625 1
1.1700887864470533 4.111207139846949 2.1932800490323707 = 1.0 @ 123721.0 767.02685546875 1
4.11120713848007 4.111207146915483 0.6242284333382588 = 1.0 @ 99374.0 128.47607421875 1
2.193280050266727 1.1700887875710446 2.1932800516960196 = 1.0 @ 98515.0 222.619384765625 1
4.111207142653535 2.193280050031167 2.1932800533336096 = 1.0 @ 94422.0 681.167724609375 1
0.6246455361576189 2.1930592946438754 7.693374583769481 = 0.9999455958887509 @ 87879.0 1413.8779296875 1
0.6242336402799202 0.6240628234266752 7.701383694020321 = 0.9999921005538741 @ 64564.0 4026.37109375 1
1.1700887875327293 4.111207142890302 1.1700887869495742 = 1.0 @ 63023.0 111.83984375 1
0.6242148445442878 7.706229303177043 2.1932468916044185 = 0.9999999876464524 @ 46484.0 1968.96142578125 1
1.17008878707821 4.111207143546267 0.33301843581959123 = 1.0 @ 39899.0 2706.2685546875 1
0.6220115878797605 7.496869069305311 1.1715365141269283 = 0.9871935865517658 @ 28596.0 3984.43017578125 1
2.193280047950655 7.706277249580368 1.1700887875202273 = 1.0 @ 24199.0 253.96533203125 1
2.1932800482424626 7.706277254659752 0.6242284327040869 = 1.0 @ 10138.0 1837.559326171875 1
7.781272291258986 0.33278103263917463 1.170014159249674 = 0.9984294754762968 @ 1187.0 2835.569091796875 1
