-7.708313735584133 -7.083506408820229 -7.083506408591847 = 2709.0935055728282 @ 398730.0 130.65869140625 1
5.482864207986206 5.482864208658561 -7.708313734192066 = 2709.0935055728282 @ 397624.0 264.1787109375 1
-1.425128427174927 -0.8003211014957209 -0.8003211003732349 = 2709.093505572828 @ 396569.0 394.986328125 1
5.482864206705086 -7.08350640697038 -1.4251284284028876 = 2709.093505572828 @ 392070.0 938.35595703125 1
4.858056878201561 5.4828642064830415 -0.8003210988941174 = 2709.0935055728287 @ 389657.0 1233.01611328125 1
-7.708313736854704 -7.0835064076464995 -0.8003211013247175 = 2709.0935055728282 @ 388448.0 1378.5380859375 1
-7.708313735496487 -0.8003211004149675 -0.8003211029699745 = 2709.0935055728282 @ 376739.0 2806.747802734375 1
-1.4251284282773653 -7.083506408981141 -7.083506406753583 = 2709.093505572828 @ 374228.0 3109.83447265625 1
-1.4251284283980659 -7.083506408165729 5.4828642067552025 = 2709.093505572828 @ 365095.0 4223.02685546875 1
5.4828642069133755 4.858056879961113 5.482864207139403 = 2709.0935055728282 @ 363816.0 4377.71630859375 1
-0.8003211000849397 5.482864205391418 -7.708313735482234 = 2709.0935055728282 @ 361193.0 4697.82861328125 1
-7.083506406749092 -0.800321102737688 4.858056877806215 = 2709.0935055728282 @ 360040.0 4837.421142578125 1
-7.083506408048224 -7.708313736065113 -0.8003211018965026 = 2709.0935055728282 @ 357557.0 5139.894775390625 1
4.858056878478914 5.482864208647568 5.482864206073118 = 2709.0935055728282 @ 355298.0 5415.848876953125 1
-7.083506407849512 -7.083506406698608 -1.4251284287872585 = 2709.093505572828 @ 353935.0 5582.843017578125 1
-0.8003211005533825 -7.083506405809288 4.858056878482573 = 2709.0935055728282 @ 343178.0 6902.83056640625 1
5.482862948591638 -7.708313984975903 -0.8003217606807745 = 2709.093505506001 @ 339957.0 375.509033203125 1
5.482864206123761 -1.4251284286368573 -7.083506407379525 = 2709.093505572828 @ 338762.0 525.185791015625 1
-7.0835064074038545 5.482864207658627 4.858056878317727 = 2709.0935055728287 @ 337623.0 663.6884765625 1
-7.708313735679125 -7.083506406397021 5.48286421038309 = 2709.0935055728282 @ 336260.0 830.394775390625 1
5.482864206629457 -0.8003211013885904 4.8580568785160185 = 2709.0935055728282 @ 333833.0 1127.360107421875 1
4.8580565622189775 -7.083507104031184 -0.8003212187826233 = 2709.09350555344 @ 332106.0 1344.18115234375 1
5.482864206019051 -7.708313736299365 5.482864208564376 = 2709.0935055728282 @ 330911.0 1490.4677734375 1
4.8580568769115136 -7.083506406002359 5.482864206488333 = 2709.0935055728282 @ 328610.0 1777.14990234375 1
-0.800321100898335 -7.083506408286806 -1.425128428447083 = 2709.093505572828 @ 327513.0 1911.382080078125 1
-7.083506406714415 -7.083506409493048 4.858056879145225 = 2709.0935055728282 @ 325324.0 2184.82177734375 1
-7.083507147407413 -7.083506025491711 -7.708313598848914 = 2709.093505549968 @ 320951.0 2730.316650390625 1
-1.4251284291388842 5.482864207402567 -0.8003211007341643 = 2709.093505572828 @ 319700.0 2888.231201171875 1
5.482806614612838 -7.083483578629342 -7.708363483466417 = 2709.0932988420204 @ 318155.0 3081.73095703125 1
5.482863475985304 5.482864263596533 -1.4251288384361502 = 2709.0935055499162 @ 315994.0 3348.861328125 1
-7.708313737444895 5.48286420595724 -0.8003210990331177 = 2709.0935055728282 @ 312993.0 3718.672119140625 1
-7.083506407335337 5.4828642082006365 -1.4251284262213952 = 2709.093505572828 @ 308186.0 4315.881591796875 1
5.48286517608676 4.858057567039401 -0.8003206618751505 = 2709.093505520518 @ 302875.0 4963.58203125 1
5.48286420639568 5.4828642085950134 4.858056877734982 = 2709.0935055728282 @ 297330.0 154.2744140625 1
-1.425128428064272 5.482864204956125 -7.083506407686965 = 2709.093505572828 @ 279419.0 2378.6376953125 1
-7.083506410003638 -1.425128429234113 5.482864208512451 = 2709.093505572828 @ 263958.0 4286.04736328125 1
5.482864208106313 4.858056878829297 -7.083506408258269 = 2709.0935055728282 @ 250471.0 5952.252197265625 1
-0.8003520858218743 -0.8003107839453666 -7.70832653131476 = 2709.0934658434317 @ 247554.0 6307.699462890625 1
5.482864205579139 -1.4251284291572666 5.482864206470699 = 2709.093505572828 @ 240119.0 589.83056640625 1
-7.083506408951324 4.858056878992217 -0.8003211020024693 = 2709.0935055728282 @ 236586.0 1020.255859375 1
-0.800321101324855 -7.708313735108019 -0.8003210993741131 = 2709.0935055728282 @ 234271.0 1306.830810546875 1
-7.083506752168277 -1.4251281118217418 -7.083506209788619 = 2709.0935055643795 @ 232460.0 1531.640625 1
-1.4251284269245035 -7.083506408203612 -0.8003211006955184 = 2709.093505572828 @ 231307.0 1676.63037109375 1
4.858056879671837 -0.8003211010229883 -0.8003211005613518 = 2709.0935055728282 @ 229370.0 1918.651123046875 1
-0.8003211005984797 4.858056880131132 -0.8003211014324851 = 2709.0935055728282 @ 215883.0 3598.881103515625 1
5.482864207568711 -7.083506407706809 4.858056879397859 = 2709.0935055728282 @ 209452.0 4390.6484375 1
-0.8003211011488001 -1.4251284284519874 5.482864206026141 = 2709.093505572828 @ 197173.0 709.23876953125 1
4.858056879074008 -7.083506408064772 -7.083506409252472 = 2709.0935055728282 @ 188264.0 1816.741455078125 1
5.482861598040777 -0.8003167066843314 -1.4251265193445124 = 2709.093504612497 @ 186593.0 2037.462890625 1
4.858056363110537 -0.8003204780508425 -7.083507456689801 = 2709.0935055161312 @ 174002.0 3603.829833984375 1
-0.8003214190102843 4.858057482627776 5.482864538736584 = 2709.093505553714 @ 167221.0 4437.98046875 1
-0.8003211002582564 -0.8003211010689937 4.858056879584916 = 2709.0935055728282 @ 164836.0 4733.202880859375 1
-0.8003211003873045 -1.4251284292553217 -0.8003211012758858 = 2709.093505572828 @ 149085.0 1193.486328125 1
5.482863869215006 -7.708313519148384 -7.08350620520394 = 2709.093505566278 @ 148324.0 1288.006591796875 1
-0.8003211020664643 5.482864204593393 -1.4251284288438373 = 2709.093505572828 @ 142159.0 2048.163818359375 1
-0.8003211586225651 4.858057026937986 -7.083506489182565 = 2709.0935055717646 @ 141482.0 2130.408203125 1
-7.083506408335585 -1.4251284262863768 -0.8003210988385443 = 2709.093505572828 @ 136731.0 2728.742431640625 1
-1.4251284183003807 -0.8003210501986825 -7.083505867457861 = 2709.093505563387 @ 128760.0 3725.426513671875 1
-7.083506409231956 4.8580568786416425 5.482864205837462 = 2709.0935055728282 @ 116953.0 5183.552734375 1
-0.8003211011385238 -7.708313736171979 -7.083506407204676 = 2709.0935055728282 @ 92648.0 2787.117919921875 1
-1.425128427343261 -0.8003210994735191 5.482864205809025 = 2709.093505572828 @ 78335.0 4567.660400390625 1
-0.800321099835827 -0.8003210990607175 -1.4251284279212832 = 2709.093505572828 @ 62990.0 1212.370849609375 1
5.482863847052213 -1.4251305381691834 -0.8003205526580718 = 2709.093505408539 @ 62243.0 1307.42138671875 1
-7.708313736226385 5.4828642080956405 5.482864209011115 = 2709.0935055728282 @ 49218.0 2924.33203125 1
-1.4253646461789613 5.48295223466207 5.483114466785701 = 2709.089362661554 @ 15869.0 760.229736328125 1
4.858056879362794 5.482864205676739 -7.083506406138278 = 2709.0935055728282 @ 1136.0 2599.668701171875 1
-7.708313733987064 -0.8003211010614193 -7.083506408885479 = 2709.093505572828 @ -3.0 2741.23583984375 1
