-0.8003211000104602 -1.425128427163491 -7.083506408221649 = 2709.093505572828 @ 398604.0 146.9326171875 1
-1.4251284292838633 5.482864206334166 -7.083506407762179 = 2709.093505572828 @ 397512.0 281.40283203125 1
-7.083506407860914 5.482864204985345 4.8580568800294675 = 2709.0935055728287 @ 390227.0 1170.685546875 1
4.858056879693082 -0.8003210998583448 5.48286420414675 = 2709.0935055728282 @ 389074.0 1310.420654296875 1
-1.4251284290314776 5.482864205286705 -0.8003211014837228 = 2709.093505572828 @ 382363.0 2124.79248046875 1
-7.083506407063405 4.858056878952199 -0.8003210989033988 = 2709.0935055728282 @ 378984.0 2539.135986328125 1
-7.0835064067883895 -0.8003210993332323 -7.708313735437683 = 2709.0935055728287 @ 377677.0 2700.0390625 1
-0.8003211000425959 -1.4251284277970515 5.482864207020567 = 2709.093505572828 @ 371890.0 3403.892578125 1
5.48286420768559 -0.80032110088837 4.858056879967338 = 2709.0935055728282 @ 370821.0 3538.62255859375 1
-7.708313736026481 -7.0835064087246185 5.482864207335406 = 2709.0935055728282 @ 367414.0 3954.199951171875 1
5.482864207498479 4.858056878408265 -0.800321099592285 = 2709.0935055728282 @ 365113.0 4232.462158203125 1
5.4828642085237815 -1.4251284280987266 -7.083506411194138 = 2709.093505572828 @ 358080.0 5082.04541015625 1
-1.4251284293873354 -0.8003210999211353 5.482864207106775 = 2709.093505572828 @ 355611.0 5381.77734375 1
5.482864205291689 5.482864209417917 -7.708313735351984 = 2709.0935055728287 @ 354360.0 5532.092529296875 1
-0.8003210998937589 -7.708313735250604 -0.8003211004740439 = 2709.0935055728282 @ 353151.0 5677.562255859375 1
-7.708313870752978 -0.8003211607702718 -0.800321072115912 = 2709.093505572066 @ 348456.0 6246.97900390625 1
-0.8003211016419973 -0.8003211005289186 -1.4251284280394756 = 2709.093505572828 @ 341665.0 247.141357421875 1
-7.083506111653117 -7.70831398785412 -0.8003210488424752 = 2709.0935055677787 @ 337670.0 735.40576171875 1
-0.8003193716906505 5.482865234888822 -1.4251280404997484 = 2709.0935054380307 @ 330427.0 1623.4951171875 1
-7.0835069624402704 -7.708313000863788 5.482863807297429 = 2709.093505539596 @ 326838.0 2068.611328125 1
-1.4251299230242767 -0.8003212085096442 -7.08350923641594 = 2709.093505240365 @ 316795.0 3300.82470703125 1
-0.8003212044837739 5.4828641498550645 -7.7083136228521845 = 2709.093505571947 @ 314774.0 3548.368408203125 1
-7.708314400421012 -0.8003204410678031 -7.083507061488299 = 2709.0935055302307 @ 304917.0 77.072265625 1
4.858056876876775 5.482864204926399 -0.8003211014764036 = 2709.0935055728282 @ 299312.0 770.25537109375 1
-0.8003214747573577 -7.083506527218118 4.8580569778309455 = 2709.0935055675463 @ 292349.0 1620.306640625 1
5.482864206326779 -7.083506406016281 -7.7083137363002745 = 2709.0935055728287 @ 287654.0 2201.432861328125 1
5.482864877409253 -7.083506510798499 -1.4251281761297636 = 2709.093505555913 @ 286865.0 2297.75048828125 1
-7.083506499171851 -7.083507571205698 -7.708312254777847 = 2709.093505455017 @ 279790.0 3170.482421875 1
4.8580571792356375 -7.0835095323218855 5.482865614475527 = 2709.0935051932174 @ 275627.0 3679.789306640625 1
-7.083506408017503 5.4828642034673205 -7.708313735239427 = 2709.0935055728282 @ 270680.0 4283.144775390625 1
5.482864207082391 4.858056879651963 -7.083506404312044 = 2709.0935055728282 @ 262097.0 467.771484375 1
-7.083506177262332 -0.8003216977141139 -1.425127770095479 = 2709.093505545039 @ 258550.0 906.150634765625 1
5.48286420663182 -1.425128427559043 -0.8003210993988048 = 2709.093505572828 @ 254779.0 1366.792236328125 1
-7.708313734977564 5.482864208307602 -0.800321102179179 = 2709.0935055728282 @ 249762.0 1987.860595703125 1
-7.08350640828642 4.858056877621083 5.4828642076011675 = 2709.0935055728282 @ 247167.0 2306.095703125 1
4.858056878533597 5.482864206917422 -7.0835064060842985 = 2709.0935055728282 @ 244502.0 2630.863037109375 1
-7.083506408472687 -7.083506408836074 4.858056880682662 = 2709.0935055728287 @ 242103.0 2926.511962890625 1
5.482864206607243 -0.8003211019179978 -1.4251284293590423 = 2709.093505572828 @ 235042.0 3788.926513671875 1
5.482851218524641 5.482854665300035 4.858067774041517 = 2709.0934932319296 @ 232447.0 4111.165283203125 1
5.482864206067372 -7.708313737319761 -0.8003211007076527 = 2709.0935055728282 @ 219104.0 436.364501953125 1
-0.8003211020665981 -7.083506409233985 -1.425128428195152 = 2709.093505572828 @ 217671.0 610.717041015625 1
-0.8003211002809626 -7.7083137335078415 5.48286420509726 = 2709.0935055728282 @ 212976.0 1187.76318359375 1
-7.08350640644826 -7.083506407341667 -1.4251284289011223 = 2709.0935055728282 @ 202009.0 2539.901123046875 1
-0.8003211016884492 4.858056876611494 5.482864207191579 = 2709.093505572828 @ 186422.0 4462.64306640625 1
-0.8003210974527433 -7.708313736496811 -7.083506406865597 = 2709.0935055728282 @ 185185.0 4617.904296875 1
-7.708313733104921 -7.083506407611303 -0.8003210994068158 = 2709.0935055728282 @ 180322.0 5214.80126953125 1
-1.4251284287903565 -7.08350640753284 5.482864206418297 = 2709.0935055728282 @ 179239.0 5346.4931640625 1
-7.708313733705287 -7.083506407519955 -7.0835064078749355 = 2709.0935055728282 @ 177908.0 137.683837890625 1
-7.083506406394801 5.482864205021206 -1.4251284277327705 = 2709.093505572828 @ 176783.0 274.1083984375 1
4.858056878864831 -0.8003211004203649 -0.800321101940128 = 2709.0935055728282 @ 175672.0 413.90625 1
4.858056675993035 -7.083506098783446 -0.8003214290213414 = 2709.0935055649175 @ 165895.0 1618.375732421875 1
-0.8003211023930508 4.858056881206055 -7.083506406556958 = 2709.093505572828 @ 163580.0 1901.671142578125 1
5.482865455757253 -7.708313954282978 -7.083506898052424 = 2709.0935055134805 @ 147741.0 3843.326171875 1
-1.4251277787339338 -0.8003216399533989 -0.8003211874235191 = 2709.0935055489854 @ 120776.0 1004.944580078125 1
-1.4251284287704198 -7.083506408131983 -0.800321100409068 = 2709.093505572828 @ 118545.0 1276.575439453125 1
-1.4251284278373304 5.482864207745989 5.482864205947926 = 2709.093505572828 @ 114130.0 1823.609130859375 1
5.4828642060375214 5.482864209313815 -1.4251284285353705 = 2709.093505572828 @ 104465.0 3009.599609375 1
-7.083506408649313 -1.425128429579018 -7.083506408187394 = 2709.093505572828 @ 87016.0 5157.524169921875 1
-7.0835049768706835 -1.4251280598560496 5.482863312415443 = 2709.0935054769634 @ 67877.0 1595.298583984375 1
5.482864523337575 -7.083506593107615 4.858056869138441 = 2709.0935055685068 @ 65982.0 1831.227294921875 1
-7.083506409923006 -1.4251284300061626 -0.800321100287309 = 2709.093505572828 @ 48869.0 3942.819580078125 1
-7.708313735407023 5.482864206475625 -7.083506406474868 = 2709.0935055728282 @ 32656.0 600.586181640625 1
