-0.8003211014810759 5.4828642058010555 -1.4251284278969574 = 2709.093505572828 @ 398562.0 152.631103515625 1
-7.083506408173038 4.8580568802815325 -0.8003210990762175 = 2709.0935055728282 @ 396210.0 439.865234375 1
4.858056878212887 5.482864209444534 -0.8003210990630499 = 2709.0935055728282 @ 395057.0 579.973876953125 1
-0.8003211020788888 5.482864206453981 4.858056878539729 = 2709.0935055728282 @ 392574.0 887.886474609375 1
-0.8003210983543908 -7.083506407654686 4.858056878014986 = 2709.0935055728287 @ 388999.0 1330.408203125 1
-7.0835064071428455 -1.4251284298734546 -0.8003211004722864 = 2709.093505572828 @ 387790.0 1477.26318359375 1
-7.083506405200102 -7.083506407423785 4.858056880005472 = 2709.0935055728287 @ 382983.0 2068.726318359375 1
-7.083506408829163 -0.8003211003565315 -7.708313734397313 = 2709.0935055728287 @ 381774.0 2215.254638671875 1
-0.8003211011399101 -7.708313735884259 -7.083506409222604 = 2709.0935055728282 @ 380649.0 2356.4990234375 1
5.482864206297355 -1.4251284287364825 -7.083506408319586 = 2709.093505572828 @ 379314.0 2517.6181640625 1
4.85805687996112 -7.083506406840116 -7.083506406172003 = 2709.0935055728282 @ 378091.0 2665.94287109375 1
4.858056878868639 5.482864207557589 -7.08350640836342 = 2709.0935055728282 @ 375888.0 2934.601318359375 1
-0.8003210991890901 4.858056877594359 5.482864207719429 = 2709.0935055728282 @ 374665.0 3090.034912109375 1
-1.4251284272538622 5.4828642052369645 -7.083506406692047 = 2709.093505572828 @ 367324.0 3996.050537109375 1
-0.8003210998600713 -7.708313735477104 5.482864204102766 = 2709.0935055728282 @ 362531.0 4587.66650390625 1
-1.425128428546629 5.482864205560643 -0.8003211014511458 = 2709.093505572828 @ 360216.0 4875.864990234375 1
-7.083506407932343 5.482864207725902 -7.708313737423714 = 2709.093505572828 @ 356641.0 5310.439697265625 1
-7.0835064073821785 4.858056879304579 -7.083506409340886 = 2709.0935055728282 @ 355474.0 5456.31201171875 1
-0.8003211000997059 -0.800321100438281 -7.708313735828794 = 2709.0935055728287 @ 349533.0 6191.383056640625 1
-0.8003211000243637 -7.083506409369265 -7.708313736825117 = 2709.0935055728282 @ 345930.0 6631.137451171875 1
-0.8003210989774407 -7.708313735193434 -0.8003211004766663 = 2709.0935055728282 @ 342271.0 7088.711669921875 1
-7.708313734966898 -7.083506407977482 -7.083506408935201 = 2709.0935055728282 @ 340954.0 137.55029296875 1
-7.708313828653764 -0.80032098391561 -0.8003214409340738 = 2709.093505568382 @ 334313.0 959.215576171875 1
-1.4251284290688715 -0.8003211004796493 -0.8003211012712232 = 2709.093505572828 @ 329968.0 1501.670166015625 1
-7.083506406674157 -7.708313736309362 -0.8003210995319087 = 2709.0935055728282 @ 318735.0 2898.5849609375 1
5.482864207503257 -7.70831373435181 -0.8003211010291245 = 2709.0935055728282 @ 315230.0 3336.076416015625 1
-0.800321662717781 -1.42512749264395 -7.083506245235788 = 2709.0935055322425 @ 311249.0 3832.097900390625 1
-7.0835064081844 5.482864207040316 -1.425128428629997 = 2709.093505572828 @ 297248.0 298.24560546875 1
4.858056876506867 -0.8003210995061888 5.482864207057261 = 2709.0935055728282 @ 286267.0 1659.02587890625 1
5.4828642056558365 -0.8003210963656598 4.8580568799816195 = 2709.093505572828 @ 281348.0 2278.983154296875 1
-0.8003211014061827 -7.083506407918464 -1.4251284280149636 = 2709.093505572828 @ 278585.0 2627.914794921875 1
5.482864207833186 -1.4251284290655923 5.482864208269653 = 2709.093505572828 @ 276186.0 2923.351318359375 1
-0.8003211009539104 -0.8003211006325347 4.858056878408613 = 2709.0935055728287 @ 270063.0 3680.28125 1
-7.708313735201193 5.482864202813992 5.482864204431259 = 2709.0935055728282 @ 263450.0 4503.52392578125 1
-0.8003333741807447 5.4828817893254795 -7.708340345705347 = 2709.093466888511 @ 260799.0 4827.50732421875 1
4.85805687984349 -0.800321099294994 -7.083506409271746 = 2709.0935055728282 @ 249836.0 129.525634765625 1
-0.800321102120075 4.858056880407071 -0.800321099515412 = 2709.0935055728282 @ 248683.0 275.067626953125 1
4.8580568781600935 -0.8003210999187207 -0.8003210996724042 = 2709.0935055728282 @ 245220.0 704.94580078125 1
-7.708313734396979 -0.8003210995431577 -7.083506407645695 = 2709.0935055728282 @ 240035.0 1348.890380859375 1
5.482864208312554 -0.8003211004913363 -7.708313735681093 = 2709.0935055728287 @ 237692.0 1640.818359375 1
-1.4251284293620738 -0.8003211014948157 -7.08350640830726 = 2709.093505572828 @ 226123.0 3083.474609375 1
4.85805687829823 -7.083506408245377 -0.8003211012370876 = 2709.0935055728282 @ 218586.0 4021.1328125 1
-7.083506920704758 -0.8003219847745332 4.858056646548166 = 2709.093505537493 @ 204441.0 5777.03271484375 1
-1.4251284278382275 -7.083506408023407 -7.083506405369308 = 2709.093505572828 @ 201650.0 6121.199462890625 1
-1.4251284279688217 -0.8003211013847935 5.482864205000818 = 2709.093505572828 @ 200305.0 141.582275390625 1
-7.708313736081477 -7.083506409563549 -0.8003210990208206 = 2709.0935055728282 @ 195148.0 786.07421875 1
5.4828606462582234 -1.425131534334277 -0.8003218619438993 = 2709.0935048216065 @ 190985.0 1310.087158203125 1
-7.083495056819675 -7.0835152167147 -7.708302009106141 = 2709.0934943046336 @ 190448.0 1377.748046875 1
-7.083506408340968 -7.083506407119025 -1.425128428988655 = 2709.093505572828 @ 180209.0 2653.400634765625 1
4.858066891520176 5.482892584415792 5.482856117735098 = 2709.0934742673835 @ 161808.0 4954.6171875 1
5.482864206406307 5.4828642100755385 4.858056880006176 = 2709.0935055728282 @ 158429.0 5377.0947265625 1
-7.083506408090038 4.858056879796765 5.482864206080946 = 2709.0935055728282 @ 149132.0 432.221435546875 1
5.482864207340496 -7.083506408638738 4.858056882501701 = 2709.0935055728282 @ 145263.0 906.992431640625 1
-7.083506407694431 -1.4251284293679347 5.482864208053612 = 2709.093505572828 @ 131272.0 2655.189453125 1
-7.083506050654355 -7.708314038420402 5.4828655309388425 = 2709.0935055094164 @ 129405.0 2885.845458984375 1
-7.70831373676725 5.482864204376147 -0.8003210972758583 = 2709.093505572828 @ 123072.0 3670.709716796875 1
5.482864206830575 -7.083506407250933 -1.4251284285566377 = 2709.093505572828 @ 93041.0 1991.506103515625 1
-1.4251284282466474 -7.083506409183283 5.4828642061491015 = 2709.093505572828 @ 87198.0 2711.4248046875 1
5.482864206141116 4.8580568789542315 -0.8003211006324922 = 2709.0935055728282 @ 63883.0 5629.36083984375 1
5.482864205303782 -7.083506408034283 -7.708313736632915 = 2709.0935055728282 @ 57456.0 633.989501953125 1
-0.8003215139746819 -1.4251290354678492 5.4828641188308564 = 2709.093505554632 @ 56695.0 729.580078125 1
-7.708313734424321 5.482864206538273 -7.083506405679055 = 2709.0935055728282 @ 54380.0 1020.957275390625 1
-7.083506408947355 -0.8003210997191675 -1.4251284272651894 = 2709.093505572828 @ 43693.0 2359.50830078125 1
-1.425132822065923 -7.0835058776486335 -0.800329955224922 = 2709.0935023973175 @ 20042.0 5317.31298828125 1
-7.083506407835594 5.482864207604719 4.8580568788074405 = 2709.0935055728287 @ 13363.0 472.40185546875 1
5.482864206668742 5.482864204547957 -1.4251284267929545 = 2709.093505572828 @ 8080.0 1140.2626953125 1
