-1.4814715358850103 3.674022685118337 = -7.27075541228837e-21 @ 199200.0 223.858642578125 1
0.16287607220492137 3.7815099725139163 = -1.3266896128831565e-19 @ 198588.0 422.5986328125 1
-0.49969506538257297 -4.012597084801941 = 0.0 @ 196243.0 1187.75537109375 1
-3.395113021202065 -3.3173071964895904 = 0.0 @ 195482.0 1437.818115234375 1
4.141256932341907 2.4770118112603483 = 0.0 @ 183297.0 5438.085205078125 1
-2.1849843511337528 1.6870539388189676 = 0.0 @ 176860.0 7538.2587890625 1
-2.1849843220046536 1.6870534769305598 = -0.03513611047692573 @ 146003.0 500.1357421875 1
-2.184984522784526 1.6870541524213276 = -0.035576981077836696 @ 146003.0 500.1357421875 1
-2.184984779305046 1.6870539754101748 = -0.044441101207782246 @ 146003.0 500.1357421875 1
-2.1849844024650142 1.6870524811277217 = -0.07338458191407762 @ 146003.0 500.1357421875 1
-0.4996951321262177 -4.0125966242191 = -0.039759324988985906 @ 121555.0 3682.877197265625 1
1.75774362574498 1.5957376090721542 = -2.284212300794501e-09 @ 45158.0 2429.560546875 1
-2.184984351130024 1.6870532419516329 = -0.03214374064127767 @ 33493.0 1914.713134765625 1
