0.5000000004293024 0.3750000001236699 = -2.0 @ 199212.0 69.86474609375 1
0.16666666667934946 0.1249999999143882 = -2.0 @ 198540.0 141.456298828125 1
0.8333333333843531 0.3749999999258397 = -2.0 @ 197851.0 214.101318359375 1
0.8333333330050207 0.12499999960608768 = -2.0 @ 197246.0 277.57275390625 1
0.4999999999257828 0.8749999999128736 = -2.0 @ 196581.0 347.671875 1
0.5000000004453603 0.6249999999689074 = -2.0 @ 195916.0 417.718505859375 1
0.500000000239022 0.12500000032464412 = -2.0 @ 195311.0 481.9765625 1
0.83333333321901 0.6250000001980743 = -2.0 @ 191982.0 840.277099609375 1
0.8333333333232772 0.8750000000749643 = -2.0 @ 180361.0 2137.02783203125 1
0.16666666684808304 0.3750000003774103 = -2.0 @ 178352.0 2363.650146484375 1
0.16666636108275407 0.6250001289547427 = -2.000000000196575 @ 176575.0 183.605224609375 1
0.16666666671769856 0.8749999999797969 = -2.0 @ 172238.0 671.76416015625 1
