-1.4251284282864585 -0.8003210996520885 = 186.7309088310239 @ 199236.0 77.15185546875 1
-7.708313733569545 -7.083506405809345 = 186.73090883102392 @ 198564.0 157.84814453125 1
-0.800321098893455 4.858056878978241 = 186.73090883102392 @ 197899.0 234.6953125 1
-0.8003211005713522 -1.4251284269910103 = 186.73090883102387 @ 197270.0 305.921875 1
-1.4251284287766601 5.482864204571537 = 186.73090883102387 @ 194637.0 613.876708984375 1
4.858056877926446 -7.083506406976566 = 186.73090883102392 @ 193948.0 694.1025390625 1
-7.08350640872671 -1.4251284284986248 = 186.73090883102387 @ 191975.0 920.415283203125 1
-7.083506408439793 4.858056879662823 = 186.7309088310239 @ 191238.0 1004.44677734375 1
4.858056879519745 -0.8003210983613791 = 186.73090883102392 @ 190381.0 1105.174560546875 1
4.858056877977505 5.482864206422735 = 186.73090883102392 @ 186848.0 1516.716796875 1
-7.7083137364249605 5.4828642054574654 = 186.73090883102392 @ 185979.0 1617.533935546875 1
-7.083506409085104 -7.708313735650462 = 186.73090883102392 @ 185230.0 1705.0498046875 1
5.482864209772159 -7.708313735884522 = 186.73090883102392 @ 178145.0 2520.28759765625 1
5.482864286944924 4.858055699354334 = 186.73090882776702 @ 174592.0 328.473876953125 1
-7.708315370527034 -0.8003214662601678 = 186.73090882449745 @ 169739.0 893.982421875 1
-1.4251284285669619 -7.0835064070572615 = 186.7309088310239 @ 165030.0 1444.916015625 1
5.48286420554904 -1.425128428639267 = 186.7309088310239 @ 162485.0 73.7666015625 1
-0.8010589936827904 -7.706784946807969 = 186.72425577407458 @ 150672.0 1444.916259765625 1
