-7.083506406731896 5.482864207411417 -7.708313734878926 = 2709.0935055728282 @ 395160.0 572.006103515625 1
5.4828642048445655 -0.8003210993440012 4.858056880252315 = 2709.0935055728282 @ 394026.0 710.03369140625 1
-7.083506407669675 5.482864207884461 4.858056878882609 = 2709.0935055728287 @ 392803.0 860.1103515625 1
-7.708313735436731 -7.083506406738213 5.482864204372912 = 2709.0935055728282 @ 391678.0 997.12158203125 1
-7.0835064086991055 -7.708313734861731 -7.083506409582832 = 2709.0935055728282 @ 389307.0 1289.82373046875 1
5.482864207063549 5.482864206277905 -1.4251284271133642 = 2709.093505572828 @ 386894.0 1584.550537109375 1
-7.708313736867813 -0.800321100553726 5.482864204628689 = 2709.0935055728282 @ 385727.0 1726.52294921875 1
-1.4251284279884007 5.482864206331171 -7.083506408274979 = 2709.093505572828 @ 382138.0 2165.833984375 1
-0.8003210994876944 -0.8003211000852973 -1.4251284271245817 = 2709.093505572828 @ 381041.0 2298.9013671875 1
-7.708313735972842 -7.083506404934139 -0.8003211056357005 = 2709.0935055728273 @ 379832.0 2447.98193359375 1
4.858056878957848 -0.8003210994005846 5.482864204948959 = 2709.0935055728282 @ 374787.0 3067.91259765625 1
-7.083506406262939 -1.4251284283439343 5.482864205156413 = 2709.093505572828 @ 372570.0 3347.586181640625 1
5.48286420632409 -0.8003211002798356 -1.42512842818294 = 2709.093505572828 @ 368883.0 3801.705810546875 1
4.858056878718054 -7.08350640700605 -0.8003211007844381 = 2709.0935055728282 @ 367534.0 3967.10986328125 1
5.482864205873326 -7.708313736810686 5.482864206638572 = 2709.0935055728287 @ 365359.0 4235.324462890625 1
-7.083506408464334 -1.4251284294435516 -0.8003211007577954 = 2709.093505572828 @ 363100.0 4511.045654296875 1
-0.800321100116116 -0.8003211005624333 4.858056881334784 = 2709.093505572828 @ 360827.0 4789.21484375 1
-7.083506408877513 -0.8003211003475388 -1.4251284269251552 = 2709.0935055728282 @ 359674.0 4928.679931640625 1
-1.4251284295822995 5.4828642071916525 -0.8003211011622471 = 2709.093505572828 @ 357387.0 5208.390625 1
-7.083506408823405 -7.7083137348765245 -0.800321100892319 = 2709.0935055728282 @ 351544.0 5932.4541015625 1
5.482864206765177 -7.708313734753025 -0.8003211014618973 = 2709.0935055728282 @ 343069.0 6973.97802734375 1
-1.4251284290723043 -7.083506407602629 5.482864204821444 = 2709.093505572828 @ 340702.0 265.82568359375 1
-0.8003210976081918 -7.708313736344293 -0.8003210986635689 = 2709.093505572828 @ 337113.0 713.38818359375 1
5.482864206876509 4.8580568802813975 -7.083506409303323 = 2709.0935055728282 @ 332460.0 1291.1748046875 1
-7.083506407574736 -1.425128428391468 -7.083506408663674 = 2709.093505572828 @ 331307.0 1433.884765625 1
-7.08350761657423 4.858057408804679 5.482864242529305 = 2709.093505516433 @ 327214.0 1937.90771484375 1
-1.4251284271956286 -0.8003210999110439 -0.8003210998260465 = 2709.093505572828 @ 324843.0 2234.0068359375 1
5.482864209343599 -7.083506405202941 -7.708313736800333 = 2709.0935055728282 @ 306162.0 4549.628662109375 1
4.858056877894834 5.48286420654 5.482864209640963 = 2709.0935055728282 @ 304799.0 4717.94384765625 1
-7.708313736345536 -0.8003211022260445 -0.8003211003963724 = 2709.0935055728282 @ 296370.0 331.39501953125 1
-0.8003217126061558 5.482863666982793 4.858057165522578 = 2709.093505548696 @ 295721.0 414.1923828125 1
-0.8003211006587239 5.482864206514058 -1.425128427284063 = 2709.093505572828 @ 292370.0 833.191162109375 1
4.858056877470611 -0.8003211011689183 -0.8003211011445097 = 2709.0935055728282 @ 286079.0 1608.18115234375 1
-0.8003211000943296 4.8580568768766685 -7.083506409143781 = 2709.0935055728282 @ 282532.0 2043.29443359375 1
-1.425128427680513 -0.8003210992534783 5.4828642086589765 = 2709.093505572828 @ 269759.0 3623.457275390625 1
-1.4251279394475567 5.482864312773001 5.482864029257901 = 2709.093505563375 @ 264518.0 4264.616455078125 1
-1.4251284569559746 -0.8003212691337729 -7.08350636992598 = 2709.093505571841 @ 259403.0 4905.992431640625 1
4.858056880487441 5.482864207518108 -7.08350640825036 = 2709.0935055728287 @ 252472.0 269.1533203125 1
5.482864207881305 -7.083506408566636 -1.425128428672572 = 2709.093505572828 @ 251319.0 410.836669921875 1
5.482864476113966 -0.8003211305823912 -7.708313762133576 = 2709.0935055704476 @ 249116.0 680.32080078125 1
-7.7083138665663755 5.482871308344911 5.48291112540605 = 2709.0934333797286 @ 243665.0 1359.48486328125 1
-0.8002835297045625 4.858202227863945 5.482810502076917 = 2709.0926534615305 @ 238914.0 1952.00732421875 1
5.48286420721799 -7.0835064079363566 4.858056878547544 = 2709.0935055728282 @ 230005.0 3049.5380859375 1
-0.8003211040126793 -7.7083137349717585 5.482864207011344 = 2709.093505572828 @ 227872.0 3317.290771484375 1
5.482864378976727 4.858056844023533 -0.8003213457927763 = 2709.0935055699056 @ 225935.0 3561.249267578125 1
-1.4251284290855002 -7.083506407303135 -0.8003210999613091 = 2709.093505572828 @ 219686.0 4334.734130859375 1
-0.8003206492647357 -1.4251272342331365 -0.8003218665776131 = 2709.0935054992706 @ 216629.0 4710.49462890625 1
-7.083506406718094 -0.8003211004169606 4.858056879407963 = 2709.0935055728287 @ 209600.0 279.02783203125 1
-0.8003210999817595 4.8580568774754145 -0.8003211019882802 = 2709.0935055728282 @ 207789.0 503.527099609375 1
-1.4251284287363513 -7.083506406609793 -7.083506408389811 = 2709.093505572828 @ 192006.0 2451.86279296875 1
-0.800321100095543 -7.083506406385633 -7.70831373673755 = 2709.0935055728282 @ 190853.0 2593.61083984375 1
5.482864044681091 -1.4251283995216475 -7.083506691452709 = 2709.093505569375 @ 184394.0 3408.124267578125 1
4.858056880599166 -7.0835064083198 -7.083506406991612 = 2709.0935055728287 @ 169511.0 139.708740234375 1
-0.8003210997032537 -1.4251284291618898 5.48286420826553 = 2709.093505572828 @ 161932.0 1095.913818359375 1
-7.083506406376715 -7.708313733208213 5.482864207667745 = 2709.0935055728282 @ 158245.0 1558.142578125 1
-7.083506406203484 -7.083506409408012 -7.708313736644042 = 2709.0935055728282 @ 153116.0 2191.979248046875 1
-7.083506624869047 4.858056874730212 -7.083506713622664 = 2709.093505568312 @ 119329.0 6402.315185546875 1
5.482864206113652 4.858056878283721 5.482864204944875 = 2709.0935055728287 @ 113266.0 587.78466796875 1
5.482864207351689 5.482864206957746 -7.708313735739869 = 2709.0935055728282 @ 110951.0 873.693603515625 1
-7.708314827547804 -7.083506581651087 -7.083507333822302 = 2709.0935055040295 @ 110274.0 958.30615234375 1
-7.708313733157736 -0.8003210991113666 -7.0835064074019956 = 2709.0935055728282 @ 88219.0 3696.14599609375 1
4.858056879961511 5.482864209152792 -0.8003211012385784 = 2709.093505572828 @ 68730.0 759.663818359375 1
-0.8003211022289412 -7.70831373448438 -7.083506408199407 = 2709.0935055728287 @ 66541.0 1032.417236328125 1
4.858056878417537 -0.8003211007415074 -7.0835064087317186 = 2709.0935055728282 @ 61510.0 1656.205078125 1
5.482864205734912 5.482864205658351 4.858056878258539 = 2709.0935055728287 @ 43249.0 3904.989501953125 1
-0.8003211025037846 -7.083506407420025 4.85805687859108 = 2709.0935055728282 @ 20596.0 1009.109619140625 1
-0.8003211012088702 -7.083506408310251 -1.4251284265337902 = 2709.093505572828 @ 15663.0 1620.208740234375 1
5.4828643459954565 -1.4251284750875133 5.482864531435598 = 2709.0935055687496 @ 10548.0 2263.387451171875 1
