1.170088789094959 4.111207144677269 4.111207138665291 = 1.0 @ 398912.0 97.9541015625 1
4.111207145127641 4.111207141666865 4.111207148716842 = 1.0 @ 397988.0 204.253173828125 1
7.706277255889432 4.111207143849363 4.1112071467294244 = 1.0 @ 396219.0 399.491455078125 1
7.706153239186378 2.1933369979387063 7.705938744259237 = 0.999999952287179 @ 395080.0 524.588134765625 1
7.543675289527154 4.133081599877568 1.169602167380701 = 0.9919768044656059 @ 391925.0 871.89013671875 1
4.111207143419002 7.7062772566297335 7.706277255501209 = 1.0 @ 391066.0 972.1123046875 1
7.70627724584335 7.706277265445424 7.706277250070893 = 1.0 @ 390193.0 1070.180419921875 1
7.706277245982336 7.706277246637483 1.1700887860136253 = 1.0 @ 389348.0 1165.103759765625 1
2.1932800539253257 7.706277262407726 7.706277245798504 = 1.0 @ 387649.0 1357.331787109375 1
7.7062772525165775 1.1700887870508774 4.111207142553565 = 1.0 @ 386734.0 1462.836181640625 1
1.1700887869341836 4.111207135793886 7.706277251553262 = 1.0 @ 385777.0 1572.451416015625 1
7.706277249248823 1.1700887868867056 2.1932800510761403 = 1.0 @ 384750.0 1688.31103515625 1
2.193280052020478 1.1700887874194477 7.706277245990219 = 1.0 @ 383737.0 1800.968017578125 1
7.706277267234063 7.706277257700762 2.1932800516109117 = 1.0 @ 382906.0 1892.81787109375 1
4.111207143593982 2.193280053751352 4.111207146974008 = 1.0 @ 382033.0 1990.3388671875 1
0.3330353111428441 4.1029987738468785 0.6242480759592198 = 0.9999333709169254 @ 380110.0 2207.84765625 1
7.706277262522453 4.1112071426619785 7.7062772637858865 = 1.0 @ 379209.0 2309.394775390625 1
4.111207143375787 7.7062772553756655 2.193280051631829 = 1.0 @ 377524.0 2498.00341796875 1
1.1700887889810787 2.193280052036992 7.70627725690759 = 1.0 @ 374761.0 2811.542236328125 1
2.193280047868197 7.706277261748639 2.193280049481888 = 1.0 @ 373902.0 2906.788818359375 1
2.193157327615408 0.6236735835039668 7.776288653008055 = 0.9986244763192712 @ 369277.0 3431.736572265625 1
1.170088789467464 2.1932800514450177 1.170088788129126 = 1.0 @ 368348.0 3537.503662109375 1
7.70627725694579 7.7062772666879615 4.111207142788794 = 1.0 @ 366593.0 3733.387451171875 1
2.193280048976916 4.111207144504333 7.706277261335629 = 1.0 @ 362990.0 4142.419921875 1
0.33301815015535624 7.706282831629782 4.111215353753125 = 0.999999999912563 @ 359513.0 4531.237548828125 1
0.6242284335592352 7.706277249549716 4.111207142251252 = 1.0 @ 358374.0 4664.2412109375 1
7.706277255698785 2.193280052655403 2.1932800536714034 = 1.0 @ 357487.0 4763.462158203125 1
4.111207144501811 7.706277253389147 4.111207142840285 = 1.0 @ 356628.0 4859.89111328125 1
4.111207146543656 4.1112071419503025 2.1932800488842 = 1.0 @ 354887.0 5063.95166015625 1
4.111207144097661 7.706277258061665 1.1700887890691576 = 1.0 @ 351410.0 5461.268310546875 1
7.700747150017307 0.3329721317345868 7.706795962355513 = 0.9999910133608971 @ 349347.0 5696.359619140625 1
1.1700887866096317 7.706277261682892 7.706277257058787 = 1.0 @ 348282.0 105.189208984375 1
2.1932800504355363 2.193280049838926 4.111207137254136 = 1.0 @ 347437.0 204.342529296875 1
7.706252675092401 1.1701154342847426 7.70628103897456 = 0.9999999911828806 @ 345598.0 426.421875 1
7.70627725958349 0.6242284336886518 1.170088787423077 = 1.0 @ 344403.0 566.7734375 1
4.111207143957904 1.1700887887984806 2.19328005043852 = 1.0 @ 343348.0 689.307373046875 1
4.111207140091363 4.111207146205728 7.706277245086385 = 1.0 @ 342503.0 786.72509765625 1
4.11777850061015 4.17636416975564 0.6620203539400196 = 0.939899414668075 @ 342400.0 798.769287109375 1
2.1932800515545217 7.706277245678611 0.6242284339138322 = 1.0 @ 339679.0 1115.842529296875 1
2.1932805730892424 2.1932799901672735 7.706278041867563 = 0.9999999999988687 @ 339100.0 1181.58740234375 1
2.193280043577639 2.193280054986573 2.1932800500386933 = 0.9999999999999998 @ 336729.0 1461.98681640625 1
0.6236274731014665 7.69156057737911 7.709618855353292 = 0.9999205084808054 @ 334386.0 1735.17236328125 1
1.1626662485764871 7.818875432168819 4.0425646715779395 = 0.9911107740105509 @ 334115.0 1768.11865234375 1
1.170088787913031 2.1932800477406458 2.193280052912946 = 1.0 @ 327964.0 2482.305908203125 1
4.11120714136532 1.1700887871262575 7.706277262520917 = 1.0 @ 326265.0 2680.656494140625 1
1.1697167508202977 7.686629439809623 1.1701348995505072 = 0.999889677867352 @ 323250.0 3033.587158203125 1
1.170088787832915 7.706277253904009 0.624228432598117 = 1.0 @ 318415.0 3599.788330078125 1
0.3328119359204702 7.698173522673683 7.713844875971656 = 0.9999590818095092 @ 315568.0 3936.242919921875 1
2.241073013042184 4.081657105288508 1.2267624310227552 = 0.9548218021075809 @ 312683.0 318.459716796875 1
0.6242284329855778 2.193280049626509 7.70627726094856 = 1.0 @ 311656.0 437.073486328125 1
0.6215313658772844 1.1760690475123623 8.230957985440154 = 0.9295231282886995 @ 306891.0 993.1240234375 1
2.194084591847337 7.703240208974174 1.1697836472578764 = 0.999994034829454 @ 302308.0 1531.633056640625 1
2.19336944599689 7.706030612772724 4.111477459343271 = 0.9999998831913928 @ 301631.0 1612.2705078125 1
1.1700887878254433 0.6242284329307425 2.193280048877289 = 1.0 @ 299666.0 1841.664306640625 1
7.706277268614846 4.111207141432459 2.1932800528730327 = 1.0 @ 298331.0 1996.486572265625 1
1.1700887880492836 7.70627725157264 2.193280053192593 = 1.0 @ 292404.0 2692.7451171875 1
0.33075694989192883 7.9157453307473045 0.6325205432585359 = 0.9844126369893846 @ 290621.0 2900.729736328125 1
0.6242284334532688 4.1112071471967315 4.111207137633094 = 1.0 @ 283672.0 3717.879150390625 1
4.111207140394439 1.1700887880064756 4.111207142103855 = 1.0 @ 281207.0 221.81787109375 1
4.111207137924897 0.3330184352658976 4.111207142264174 = 1.0 @ 277590.0 642.871826171875 1
2.1931248067825626 4.111059570804931 2.193315833633876 = 0.9999998905822469 @ 277221.0 686.12841796875 1
2.193243058584386 1.1700806919488413 4.111290154941157 = 0.9999999876660812 @ 274430.0 1018.75830078125 1
4.111207139568306 7.706277265622611 0.3330184354634002 = 1.0 @ 273179.0 1163.185302734375 1
1.1699889902354075 1.1700509219388124 4.111082644782579 = 0.9999998460098185 @ 270248.0 1501.8955078125 1
4.1112071376443104 2.19328004703666 2.19328004962052 = 1.0 @ 269305.0 1610.6533203125 1
0.6242284345979109 1.1700887876482589 0.333018435036355 = 1.0 @ 265268.0 2083.848388671875 1
0.6247380495249883 1.1118675333867 4.191464864374775 = 0.9512972077218587 @ 262575.0 2399.960205078125 1
7.706277253873749 0.6242284342577182 2.193280052499296 = 1.0 @ 261408.0 2533.832275390625 1
7.706277258076925 0.6242284333748941 4.111207140239478 = 1.0 @ 255705.0 3200.306884765625 1
0.6559640844501023 8.056525530624162 2.169963689039772 = 0.9255581642897752 @ 255546.0 3218.8330078125 1
4.111207146430843 4.111207143696746 1.1700887865421665 = 1.0 @ 254603.0 3325.882080078125 1
0.6242284343109349 0.6242284342909833 7.706277264241595 = 1.0 @ 250990.0 335.08984375 1
1.1700887889582476 1.1700887885077411 7.7062772561903135 = 1.0 @ 250061.0 441.7197265625 1
4.111207145346592 0.624228434201757 0.33301843555574234 = 1.0 @ 245212.0 1008.016845703125 1
0.3413402489276818 8.08198799414893 1.1824977319827867 = 0.9509859974321999 @ 241903.0 1396.39453125 1
3.826086629893148 1.1712721590068618 1.1343471480743994 = 0.9016163500286289 @ 239574.0 1667.418701171875 1
2.193219991227249 1.170106846736491 2.1931875766385955 = 0.9999999539028679 @ 237273.0 1941.1884765625 1
7.926879353420055 7.461625857033905 0.6294126842356675 = 0.9684744763998818 @ 229092.0 2910.9375 1
2.1932800483590786 4.111207136779945 4.1112071407708 = 1.0 @ 226315.0 3239.995849609375 1
7.740020640206046 0.33320420013094165 4.139123827801908 = 0.9989137007834763 @ 221974.0 313.112060546875 1
7.706242960365418 2.1932245199299096 4.111390894968263 = 0.9999999556925889 @ 219743.0 575.05126953125 1
8.068725677505475 1.1732999239834607 1.1712319772530433 = 0.9652684377159851 @ 214544.0 1184.248291015625 1
7.706277256815346 0.6242284341674927 7.706277247765906 = 1.0 @ 209079.0 1811.630126953125 1
4.111206598280339 2.193242369047215 7.706010431916321 = 0.9999999750987347 @ 204594.0 2328.218505859375 1
4.087481710064095 7.674070412469351 0.6244012404743517 = 0.9991483130214511 @ 196161.0 3277.89599609375 1
7.706277267762753 4.111207140774749 0.6242284337519296 = 1.0 @ 194560.0 3458.46337890625 1
1.1700887877286903 1.170088787362476 2.193280052190077 = 1.0 @ 189127.0 373.565185546875 1
8.031302884522862 0.3344001318700717 1.1708219696560436 = 0.9716659617974065 @ 167174.0 326.655517578125 1
4.111207141880667 0.6242284333292843 4.111207146557516 = 1.0 @ 160589.0 1070.557373046875 1
0.624032513198263 4.106555780579169 7.714167705935623 = 0.9999595450492145 @ 152954.0 1922.24072265625 1
2.1932800480657435 2.193280048743251 1.1700887862134934 = 1.0 @ 126367.0 1240.914794921875 1
4.222968418909111 0.6243012074132654 7.8379151751006155 = 0.983311526260878 @ 126236.0 1256.018798828125 1
3.895572063681706 0.34455877607589325 7.78494501693275 = 0.9319076686662917 @ 126236.0 1256.018798828125 1
2.195827781545881 4.111012329332159 0.33277645750103124 = 0.9999686940730244 @ 105562.0 3602.49658203125 1
2.1932800533252954 0.6242284331899883 1.1700887871217542 = 1.0 @ 104269.0 3746.19873046875 1
7.721073664158895 1.1705378478466997 0.6244639364894167 = 0.9999338514965614 @ 101006.0 310.513916015625 1
1.170088786251416 0.6242284333581205 7.706277250290722 = 1.0 @ 95457.0 937.9228515625 1
1.1700887881637512 2.1932800526914784 4.1112071437581434 = 1.0 @ 92806.0 1230.96630859375 1
0.6242284332926608 0.624228434400601 4.111207138197921 = 1.0 @ 91737.0 1354.56787109375 1
7.706277249248285 2.1932800474055054 1.1700887888564566 = 1.0 @ 84928.0 2128.57373046875 1
1.1700887873755184 4.1112071410338125 1.170088788063892 = 1.0 @ 65355.0 103.446044921875 1
2.1932800485960096 2.193280052166214 0.6242284334574533 = 1.0 @ 59442.0 766.539794921875 1
4.111207148111269 2.1932800515465525 0.6242284345422537 = 1.0 @ 54075.0 1372.63134765625 1
4.111207142968769 0.6242284335386441 1.170088787662351 = 1.0 @ 39664.0 3008.537109375 1
1.1700887878059834 0.6242284337691697 4.111207139332052 = 1.0 @ 35113.0 311.793701171875 1
