0.4999999997449218 0.8749999999874151 = -2.0 @ 199224.0 68.5517578125 1
0.16666666696372068 0.3750000000628456 = -2.0 @ 198540.0 145.647216796875 1
0.5000000004813695 0.6249999996716322 = -2.0 @ 197827.0 222.093505859375 1
0.4999999995173556 0.12499999982335916 = -2.0 @ 197210.0 288.055419921875 1
0.4999999999843326 0.3749999999586787 = -2.0 @ 196545.0 359.53173828125 1
0.83333333378674 0.37499999989780086 = -2.0 @ 195856.0 432.2734375 1
0.8333333332475291 0.8750000001878524 = -2.0 @ 193883.0 648.655029296875 1
0.166666666832435 0.12499999982578945 = -2.0 @ 189654.0 1110.561767578125 1
0.833333333000096 0.6249999997129354 = -2.0 @ 182041.0 1932.859130859375 1
0.16666666657303758 0.6250000000604661 = -2.0 @ 177204.0 67.85595703125 1
0.8333333335931308 0.12500000031221825 = -2.0 @ 176419.0 155.8837890625 1
0.16666666668523678 0.8749999999854613 = -2.0 @ 170246.0 829.67626953125 1
