2.1932800499816807 7.706277249538525 = 1.0 @ 199284.0 63.507568359375 1
7.706277244940013 7.706277258340709 = 1.0 @ 198768.0 119.36328125 1
7.7062772616869 4.11120714447253 = 1.0 @ 198283.0 175.72705078125 1
4.111207143588737 4.111207142673428 = 1.0 @ 197762.0 232.969482421875 1
2.1932800495851437 1.1700887865933312 = 1.0 @ 197013.0 313.1181640625 1
1.1700887872803543 7.706277254133256 = 1.0 @ 195916.0 432.96875 1
4.1112071430180235 7.706277255394591 = 1.0 @ 195347.0 493.9306640625 1
7.706277257815045 2.1932800478932295 = 1.0 @ 193074.0 740.981201171875 1
7.706277258915208 1.1700887872996002 = 1.0 @ 191353.0 928.233642578125 1
0.6242284337445865 7.706277243328588 = 1.0 @ 188696.0 1225.5224609375 1
4.111207137111652 2.1932800508097383 = 1.0 @ 179563.0 220.880859375 1
2.1932800495956526 4.111207137013762 = 1.0 @ 178910.0 291.85546875 1
2.1932800516339404 2.193280051391694 = 1.0 @ 177153.0 486.031494140625 1
7.70627725048336 0.33301843559899164 = 1.0 @ 176332.0 580.06884765625 1
1.1700887875284312 4.111207142546116 = 1.0 @ 171935.0 1067.957763671875 1
4.111207142508501 0.624228433136864 = 1.0 @ 170626.0 82.737548828125 1
0.334812768670318 7.721352971801819 = 0.9991827904031028 @ 168665.0 306.986083984375 1
0.33095134993506603 3.862958102723242 = 0.9051451958133541 @ 165540.0 657.715576171875 1
4.111207148030709 0.33301843547805327 = 1.0 @ 164419.0 780.315673828125 1
4.111207140254565 1.170088788469081 = 1.0 @ 163562.0 874.16748046875 1
0.33301843288402355 2.1932800387233438 = 0.9999999999999978 @ 159145.0 365.6787109375 1
0.6242284343637359 1.1700887867924084 = 1.0 @ 153752.0 966.35498046875 1
0.6242767077011837 2.1905991482553566 = 0.9999624532563366 @ 150927.0 1276.50830078125 1
0.6155807965016196 4.056784484660995 = 0.9907096879389155 @ 150838.0 1286.80712890625 1
7.706277264162367 0.6242284331956602 = 1.0 @ 137853.0 1186.2255859375 1
0.6545548076941858 0.34745922241788985 = 0.9004093987113458 @ 135976.0 1395.69970703125 1
1.170088787321171 1.1700887877083632 = 1.0 @ 122395.0 390.140869140625 1
0.3330184355112709 1.170088787749397 = 1.0 @ 112058.0 1542.564453125 1
1.1700887874478525 2.1932800523785922 = 1.0 @ 92165.0 1118.453125 1
1.1700887880381012 0.6242284335187933 = 1.0 @ 80840.0 258.262939453125 1
2.110099694928611 0.6264972027036708 = 0.9627635695162362 @ 61499.0 324.368896484375 1
2.1932800536325625 0.3330184356020105 = 1.0 @ 31974.0 245.990478515625 1
0.6242284330387663 0.6242284332748651 = 1.0 @ 22049.0 246.32666015625 1
