5.482864205495111 -0.8003211015356133 4.858056880811747 = 2709.0935055728282 @ 396308.0 423.810302734375 1
-7.083506408054501 4.858056879633347 5.482864205511495 = 2709.0935055728282 @ 395104.0 570.19970703125 1
5.482864205308358 4.8580568790834935 -7.083506407608012 = 2709.0935055728282 @ 392859.0 848.173828125 1
4.858056878348139 -7.083506406386181 -0.8003210983539255 = 2709.093505572828 @ 391678.0 998.2548828125 1
-7.083506405780771 -7.708313738396447 -7.0835064048172285 = 2709.093505572828 @ 389349.0 1285.090576171875 1
-0.800321100768978 4.858056877146817 -0.8003210998608888 = 2709.0935055728282 @ 388112.0 1434.62939453125 1
-0.8003211009216692 -0.8003210999288849 -7.708313733706424 = 2709.0935055728282 @ 382045.0 2173.9765625 1
-0.8003211021239945 5.482864206142163 -7.7083137344889945 = 2709.0935055728287 @ 378456.0 2606.34228515625 1
-0.8003211010917325 -7.083506406749999 -7.708313734923221 = 2709.0935055728282 @ 377149.0 2761.263916015625 1
4.858056878535779 5.482864206370496 -7.083506407476827 = 2709.0935055728282 @ 373532.0 3199.57763671875 1
-1.425128429834277 -0.8003210990603187 -7.083506408192614 = 2709.093505572828 @ 371049.0 3498.2685546875 1
-7.083506407278382 -7.08350640779223 -1.4251284284002574 = 2709.093505572828 @ 369854.0 3641.149658203125 1
5.482864206788647 -1.4251284284023404 5.482864207325384 = 2709.093505572828 @ 352279.0 5749.25927734375 1
5.482864206588022 -1.4251284285219563 -7.083506408466754 = 2709.093505572828 @ 350846.0 5924.59423828125 1
-7.708313734541923 5.482864206871238 -7.083506407071323 = 2709.0935055728282 @ 342217.0 6967.700927734375 1
5.482864206746306 4.858056878146543 -0.8003211001225301 = 2709.0935055728282 @ 339930.0 7246.242919921875 1
-7.70831373501135 -7.083506408681182 5.482864206582624 = 2709.0935055728287 @ 337451.0 132.011474609375 1
5.482864373402256 -7.083506325320219 -7.708313639185651 = 2709.0935055714053 @ 336788.0 211.012939453125 1
-0.8003211002035067 -1.4251284295462319 5.482864205385663 = 2709.093505572828 @ 334529.0 485.371826171875 1
-0.8003214208919673 -7.708314274243587 5.482864275004308 = 2709.0935055595723 @ 327706.0 1308.98681640625 1
5.482864206682391 -7.083506407367531 4.858056879152274 = 2709.0935055728287 @ 320547.0 2181.978271484375 1
5.482864209290396 -0.800321100657222 -1.4251284282007446 = 2709.093505572828 @ 319044.0 2364.4453125 1
-7.708313734994681 5.482864205864916 -0.8003211006965121 = 2709.0935055728282 @ 317905.0 2500.380126953125 1
5.482864206745382 -7.7083137373847475 5.482864207536167 = 2709.0935055728282 @ 312048.0 3210.085693359375 1
-1.4251284282267374 -7.083506406353419 5.4828642084023285 = 2709.093505572828 @ 309705.0 3494.1826171875 1
-7.083506453701806 5.482864201236751 -7.708313889315163 = 2709.0935055719588 @ 305318.0 4020.6650390625 1
-7.708314380778045 -7.083506881365267 -7.0835063886842855 = 2709.093505551541 @ 300175.0 4652.98046875 1
5.482864134326802 5.482864126916963 4.858056061243702 = 2709.0935055498517 @ 291938.0 5655.93017578125 1
-0.8003211014197928 -7.708313734065902 -0.800321101072483 = 2709.0935055728282 @ 288689.0 369.535888671875 1
4.8580568806847655 -0.8003211000641858 -7.083506406038542 = 2709.0935055728282 @ 285632.0 745.569580078125 1
-1.4251284287376658 -0.800321100196337 -0.8003210992105255 = 2709.093505572828 @ 278557.0 1613.552734375 1
-7.708313581588118 -0.800321375248963 -7.083506546069285 = 2709.093505568992 @ 277768.0 1709.063232421875 1
-0.8003210996308215 5.482864206205214 -1.4251284285188017 = 2709.093505572828 @ 276741.0 1836.277587890625 1
-0.8003211007290271 4.858056876604822 -7.083506407345862 = 2709.0935055728282 @ 266824.0 3050.850830078125 1
5.4828642082137256 5.482864207653469 -1.4251284293269908 = 2709.093505572828 @ 261009.0 3768.092041015625 1
4.85805744726904 5.482863988858535 5.482864480838904 = 2709.0935055579707 @ 260220.0 3862.984619140625 1
-0.8003211020943489 -1.4251284282740388 -0.8003211001941954 = 2709.093505572828 @ 250303.0 5078.281982421875 1
-7.083506407641098 -1.4251284278660825 -0.8003210994821858 = 2709.093505572828 @ 236372.0 519.004150390625 1
-7.083506407476443 -1.4251284287952415 5.482864207195653 = 2709.093505572828 @ 235303.0 650.525390625 1
-1.4251284281226382 -7.083506407452754 -7.083506409172018 = 2709.093505572828 @ 230510.0 1238.38818359375 1
4.8580568777567965 -0.8003211007420253 5.482864207112108 = 2709.0935055728282 @ 213901.0 3264.875244140625 1
-0.8003214240047243 -1.4251283400034296 -7.083506248369953 = 2709.0935055683935 @ 211642.0 3542.10009765625 1
-7.083506405333653 5.4828642088182455 4.858056879087629 = 2709.0935055728282 @ 193731.0 5730.4208984375 1
-7.083506408836425 -1.4251284278506318 -7.083506407968719 = 2709.093505572828 @ 189082.0 135.770263671875 1
-7.083506631867916 -0.8003209829622269 -1.4251284576662524 = 2709.093505570743 @ 175861.0 1753.192138671875 1
-7.7083139712392965 -7.083505687387568 -0.8003211396440394 = 2709.0935055542654 @ 173490.0 2050.373046875 1
-7.083506408090031 4.858056879591816 -0.8003210990990552 = 2709.0935055728282 @ 168781.0 2622.601806640625 1
4.858056877635358 -7.0835064082065715 -7.083506407560877 = 2709.0935055728287 @ 167264.0 2811.321044921875 1
-7.083505914206943 -7.708312511342535 5.482863586327412 = 2709.0935055020095 @ 152923.0 4572.4013671875 1
-1.4251284260583612 5.482864206515549 -0.8003211007508921 = 2709.093505572828 @ 149030.0 137.916259765625 1
-1.4251284271150553 5.482864206883605 -7.0835064053022565 = 2709.093505572828 @ 147961.0 267.51953125 1
-1.4251284276168756 5.4828642055266945 5.482864206194623 = 2709.093505572828 @ 138198.0 1456.4716796875 1
-0.8003210989085829 -0.8003211011118038 -1.4251284297470839 = 2709.093505572828 @ 97079.0 146.76123046875 1
-0.8003211020200012 -7.083506407490756 -1.4251284283301828 = 2709.093505572828 @ 93616.0 569.50341796875 1
5.482864206011064 -1.425128428813721 -0.8003210987888134 = 2709.093505572828 @ 87787.0 1276.98974609375 1
-7.083506408057819 -7.083506409238867 4.858056879243671 = 2709.0935055728287 @ 85388.0 1570.69140625 1
4.858056877242392 -7.083506408079721 5.482864207948827 = 2709.0935055728282 @ 80455.0 2173.323486328125 1
4.8580568781117766 -0.8003210995434925 -0.800321099252392 = 2709.0935055728282 @ 71518.0 3261.64501953125 1
-7.7083137361284795 -0.8003211000342425 5.482864205035689 = 2709.0935055728282 @ 65129.0 4045.52099609375 1
-7.708313735168472 5.482864206794477 5.482864205389829 = 2709.0935055728282 @ 31332.0 2674.904052734375 1
-7.0835065022881745 5.48286417209811 -1.4251286264756584 = 2709.0935055711734 @ 25433.0 3412.977783203125 1
-0.8003211000987119 4.858056878331796 5.482864209240898 = 2709.0935055728282 @ 19856.0 4106.0078125 1
-0.8003210985175662 -0.8003211025729863 4.858056877506046 = 2709.0935055728282 @ 8081.0 289.270263671875 1
