-7.083506408344278 -7.7083137340665555 -0.8003211013889255 = 2709.0935055728282 @ 398716.0 135.9833984375 1
-7.708313736615763 -0.8003210996080208 5.482864204342923 = 2709.0935055728282 @ 397596.0 270.480224609375 1
-1.4251284282112306 5.482864204954394 -7.083506408971724 = 2709.0935055728282 @ 396499.0 399.81982421875 1
5.482864206669218 5.482864205184532 4.858056877683688 = 2709.0935055728282 @ 394254.0 666.4765625 1
-7.08350640897385 -1.4251284262770285 5.482864206015608 = 2709.093505572828 @ 389601.0 1225.162109375 1
-7.083506407947528 -0.800321101429118 -7.70831373594096 = 2709.0935055728282 @ 388364.0 1377.483642578125 1
4.858056878020884 5.482864208534106 5.482864207100371 = 2709.0935055728282 @ 387155.0 1520.470458984375 1
-7.083506406664016 -7.083506407639036 4.858056880839287 = 2709.0935055728282 @ 384686.0 1812.889404296875 1
4.858056879263808 -7.083506406107941 -0.8003210993700673 = 2709.0935055728282 @ 382175.0 2115.149658203125 1
-7.083506409127072 4.85805687855615 -7.083506408091165 = 2709.0935055728282 @ 376276.0 2820.352783203125 1
-0.8003211007250016 -7.0835064081934735 4.858056880184991 = 2709.0935055728282 @ 373751.0 3119.333984375 1
-0.8003211012144176 -0.8003211012973678 -7.708313735790055 = 2709.0935055728282 @ 366508.0 3997.355224609375 1
-0.8003210994551773 5.482864206278071 -1.4251284285912726 = 2709.093505572828 @ 363003.0 4418.060791015625 1
5.482864206147324 -0.8003210986984414 4.858056878557777 = 2709.0935055728287 @ 359386.0 4863.808837890625 1
-0.8003211006970921 4.858056879600889 -7.083506405983461 = 2709.0935055728282 @ 357029.0 5151.154052734375 1
5.48286420474465 5.482864207315642 -1.4251284300402687 = 2709.093505572828 @ 352054.0 5753.234375 1
5.482864206997531 5.482864208317646 -7.708313738404753 = 2709.0935055728282 @ 344923.0 6618.239990234375 1
-7.083506407534019 5.482864206801625 -1.4251284272893796 = 2709.093505572828 @ 341184.0 151.500244140625 1
-0.8003211003166288 -7.70831373734381 -7.083506407326988 = 2709.0935055728282 @ 340031.0 292.53466796875 1
-7.083506406767492 -7.08350640615975 -7.708313737240888 = 2709.0935055728282 @ 322498.0 2422.104736328125 1
-7.708313735047929 5.482864206192572 -0.8003211000938582 = 2709.0935055728282 @ 317705.0 3004.8359375 1
-7.708313708550402 5.4828641824772015 5.482864204039314 = 2709.093505572783 @ 315754.0 3236.790771484375 1
4.858056877469538 -0.8003211014651922 -0.8003211003336802 = 2709.0935055728282 @ 310219.0 3914.612548828125 1
-7.708313023466948 -0.8003209158266205 -0.800321447617004 = 2709.093505550728 @ 307918.0 4193.990478515625 1
5.482864206163091 -1.4251284278039331 -0.8003210997246328 = 2709.093505572828 @ 305295.0 4509.380859375 1
5.482864206579718 -1.4251284303298029 -7.0835064063269115 = 2709.093505572828 @ 304142.0 4646.678466796875 1
-1.4251284282286445 -0.8003210999015757 5.48286420775528 = 2709.093505572828 @ 297911.0 146.71923828125 1
4.858056879314761 -7.083506406709725 -7.083506407101748 = 2709.0935055728282 @ 295778.0 406.741943359375 1
-0.8003211011353427 4.858056878773278 5.48286420657721 = 2709.0935055728282 @ 292847.0 764.2509765625 1
5.48286420712609 -7.083506406727325 -7.7083137353571285 = 2709.0935055728282 @ 290868.0 1003.473876953125 1
-0.8003210998512361 -7.708313737332949 5.482864206095421 = 2709.0935055728282 @ 285053.0 1712.2216796875 1
5.482864206267877 -1.42512842988787 5.482864208136659 = 2709.093505572828 @ 280708.0 2247.449462890625 1
-0.8003211020517637 -0.8003211029253798 4.858056877560168 = 2709.0935055728282 @ 276979.0 2698.085693359375 1
4.858056879623456 5.482864207627549 -0.8003211005434779 = 2709.0935055728282 @ 267608.0 3838.301513671875 1
4.858056880622103 5.482864203899211 -7.0835064113867094 = 2709.0935055728282 @ 262983.0 4399.55810546875 1
5.482861932743791 -7.083506973097835 4.858057629308981 = 2709.093505377754 @ 251316.0 5826.395751953125 1
-0.8003211006630936 -7.083506407021372 -7.708313736159033 = 2709.0935055728282 @ 247815.0 398.651123046875 1
-7.708313735800323 5.482864209229858 -7.083506407184354 = 2709.0935055728282 @ 241664.0 1149.616943359375 1
-7.0835064079279295 5.482864205869445 4.858056878430029 = 2709.0935055728287 @ 240511.0 1289.9423828125 1
-0.8003211003655795 -1.4251284269368312 -0.8003211021831078 = 2709.093505572828 @ 238238.0 1562.237548828125 1
-7.083506409621063 -0.8003211011401611 4.85805687971545 = 2709.0935055728287 @ 228629.0 2731.312255859375 1
4.858056457269866 -7.083506376684155 5.482864385723512 = 2709.0935055657574 @ 210886.0 4904.256591796875 1
-7.08350591953101 4.858056892996127 5.482864406676676 = 2709.093505563899 @ 199139.0 530.2470703125 1
5.482864208490232 -0.8003210997322854 -1.4251284278181273 = 2709.0935055728282 @ 191182.0 1514.8955078125 1
-1.425128429421679 5.48286420724593 -0.8003211000031479 = 2709.093505572828 @ 177961.0 3128.978271484375 1
5.482864382376216 4.858057064743936 5.482864555930602 = 2709.093505566759 @ 176220.0 3341.710205078125 1
-7.083506407922692 -1.4251284275964973 -7.083506405778836 = 2709.0935055728282 @ 152265.0 712.450439453125 1
-7.083506408267514 -0.8003210998796787 -1.4251284290366888 = 2709.093505572828 @ 149894.0 1000.748779296875 1
-1.4251284289262443 -7.083506407631277 5.482864207369557 = 2709.093505572828 @ 145577.0 1525.259521484375 1
4.858056879824952 -0.8003211010918985 5.4828642085602715 = 2709.0935055728282 @ 131880.0 3203.564453125 1
5.482864203483625 4.858056877792523 -7.083506408153749 = 2709.0935055728282 @ 128921.0 3561.060791015625 1
-0.8003210993745485 5.482864207877827 -7.708313734172257 = 2709.093505572828 @ 122574.0 4337.216552734375 1
5.482864207690822 -7.708313735549174 -0.8003210996361901 = 2709.0935055728282 @ 105003.0 861.002685546875 1
-7.083506407869189 5.482864205413736 -7.708313735490803 = 2709.0935055728287 @ 97018.0 1827.743408203125 1
-0.8003211046695328 5.482864202369043 4.858056879824533 = 2709.0935055728273 @ 83405.0 3493.5302734375 1
-1.4251284274437341 -7.083506407563363 -0.8003210995993443 = 2709.093505572828 @ 75756.0 4422.78564453125 1
5.482864235994534 -7.708313244398118 -7.083506683059888 = 2709.0935055622135 @ 75177.0 4496.204345703125 1
-1.4251284282015564 5.482864207124605 5.482864208678232 = 2709.093505572828 @ 3122.0 2820.8115234375 1
