4.111207136638793 1.170088787131408 4.111207142333837 = 1.0 @ 398814.0 111.041015625 1
7.706277253549368 2.19328005143419 4.111207145124552 = 1.0 @ 397974.0 204.870849609375 1
2.193280049124041 7.706277256576074 1.1700887882622237 = 1.0 @ 396975.0 314.766845703125 1
1.1700887888148273 2.1932800482471553 2.1932800537277646 = 1.0 @ 396046.0 419.0126953125 1
7.706277258407053 4.1112071450398 7.706277260466237 = 1.0 @ 395159.0 517.345703125 1
7.706277251891059 7.706277261666288 2.1932800532167236 = 1.0 @ 394258.0 621.642333984375 1
7.706277258634626 7.706277269970697 1.1700887871314445 = 1.0 @ 392545.0 812.066162109375 1
7.706277262692453 7.706277250223514 7.706277253607426 = 1.0 @ 391742.0 900.54052734375 1
7.7062772470665015 4.111207141602323 4.1112071406026125 = 1.0 @ 390799.0 1009.560302734375 1
0.6242284342567908 4.111207142643286 4.111207141677828 = 1.0 @ 389758.0 1127.15380859375 1
0.6253932033041694 7.7895019178732685 2.197891272016351 = 0.9979473499529774 @ 382711.0 1917.114990234375 1
7.706277258410189 2.193280051672059 7.706277265785446 = 1.0 @ 381796.0 2019.9482421875 1
4.111207140201818 7.706277249078761 1.1700887861288027 = 1.0 @ 380881.0 2121.3515625 1
0.6236571916700311 4.111550281851842 7.759141356467644 = 0.9992072656775222 @ 376410.0 2623.089111328125 1
7.706277255117968 7.706277250099173 4.1112071445441885 = 1.0 @ 375551.0 2718.25341796875 1
2.1932800507271892 2.193280049480076 7.706277254546384 = 1.0 @ 371136.0 3214.46923828125 1
2.1932800502245713 4.111207144692791 7.706277249657409 = 1.0 @ 370109.0 3331.7490234375 1
4.111207139661244 2.193280050474101 4.111207142954018 = 1.0 @ 366814.0 3701.85498046875 1
4.11120714381331 0.6242284337219569 2.1932800508685433 = 1.0 @ 365745.0 3819.982666015625 1
4.111207148935594 4.11120714107143 2.193280047019161 = 1.0 @ 363962.0 4017.61181640625 1
4.111207148628043 1.1700887868248684 1.170088789256448 = 1.0 @ 361661.0 4278.478515625 1
7.706277251894373 4.11120714237405 1.1700887881681006 = 1.0 @ 358996.0 4579.839111328125 1
4.111207143435326 7.706277249837294 7.706277248732531 = 1.0 @ 357199.0 4780.531494140625 1
2.1932800506981747 1.1700887881859336 2.193280052810558 = 1.0 @ 355122.0 5010.78369140625 1
7.706277250047169 1.17008878768269 7.706277260680119 = 1.0 @ 354179.0 5114.497802734375 1
0.6242284329961687 4.111207141709986 1.1700887865522807 = 1.0 @ 351280.0 115.619140625 1
2.1932800526561134 7.7062772581194245 4.111207139860233 = 1.0 @ 350267.0 228.912841796875 1
7.706277249643228 1.1700887876603965 2.1932800500328504 = 1.0 @ 349016.0 372.83056640625 1
4.111207146044961 7.706277245801921 2.1932800535431407 = 1.0 @ 348129.0 472.493408203125 1
0.6030749137260347 2.351780593334742 2.1734251618509948 = 0.9011068470538164 @ 344498.0 878.16748046875 1
1.170088786992266 7.706277258074501 7.706277267123399 = 1.0 @ 343555.0 981.890869140625 1
1.166953643939181 4.136323950790322 7.850630900863284 = 0.9935379843610899 @ 341562.0 1210.03564453125 1
2.193280053045115 7.70627724942579 7.7062772569157 = 1.0 @ 339863.0 1399.4130859375 1
4.111207142298268 7.706277266555589 4.111207140239972 = 1.0 @ 337982.0 1616.382080078125 1
7.70627726850411 2.193280050684714 0.6242284336481221 = 1.0 @ 337067.0 1718.32666015625 1
7.876803255959587 4.071539056855398 0.6282057768882714 = 0.9898102313817746 @ 336922.0 1734.753173828125 1
0.6243470077889259 7.714784375989824 7.700337049033868 = 0.9999692001674676 @ 334047.0 2056.214111328125 1
7.7062772551058485 2.193280050995597 2.193280052437447 = 1.0 @ 330878.0 2420.99169921875 1
7.676962172389546 7.703425760844759 0.6205589887879018 = 0.9991764892537298 @ 328927.0 2638.760986328125 1
0.6244354588220907 7.766389144701394 1.169360839968454 = 0.9989859742956174 @ 325086.0 3075.31689453125 1
0.6242284333092212 7.706277251060466 4.111207147837818 = 1.0 @ 323177.0 3295.137451171875 1
3.918407672770658 1.182566624077407 2.2085034995514383 = 0.9596127353271697 @ 321744.0 3463.59521484375 1
4.0741085670796915 7.479187999579769 0.6236405539048707 = 0.9838163661541257 @ 321571.0 3482.6962890625 1
2.192821383695697 7.704367132669008 2.193215402582794 = 0.9999982322758436 @ 321272.0 3515.5029296875 1
7.7062772506700306 4.1112071395406 2.1932800518695545 = 1.0 @ 320385.0 3618.874755859375 1
1.17008878861148 2.19328005149592 7.7062772670321005 = 1.0 @ 319036.0 3769.9306640625 1
1.1962800658055168 7.653240049279129 1.2019044834869228 = 0.979147454491992 @ 318727.0 13.2275390625 1
4.111207144834065 4.111207150137224 1.1700887872980807 = 1.0 @ 314984.0 445.8798828125 1
2.193280046880367 1.170088789103809 4.111207146740693 = 1.0 @ 313761.0 584.41650390625 1
4.111207136421014 4.11120714645812 7.706277256297461 = 1.0 @ 312440.0 734.250732421875 1
4.111277231386623 2.1935574152783976 7.707297790334092 = 0.9999994363981939 @ 312127.0 769.48486328125 1
7.7062861713449005 1.1701286902494272 4.111311405851615 = 0.9999999698764208 @ 310386.0 971.465576171875 1
1.139358325432963 7.666422749122621 2.2274999892897447 = 0.9838293400909783 @ 308869.0 1143.70751953125 1
2.19144718320746 2.1964379471743594 4.12004428472111 = 0.9998770113011275 @ 305070.0 1571.29638671875 1
7.494175091162449 0.3214362244261789 4.308331607769368 = 0.9305409662773687 @ 304883.0 1593.0859375 1
1.1700887881752247 1.1700887855152542 4.111207146687012 = 1.0 @ 302946.0 1809.66357421875 1
0.3225341284718527 7.567414848213736 4.2299943464549274 = 0.9641634014814009 @ 300939.0 2037.909423828125 1
1.10773119960831 7.419291265525363 4.021253433583215 = 0.919406299193898 @ 300939.0 2037.909423828125 1
1.1700887882811175 4.111207141644804 2.1932800484028347 = 1.0 @ 295329.0 2678.205322265625 1
2.1932800496811318 4.111207141745897 2.193280051053258 = 1.0 @ 294358.0 2786.719970703125 1
4.111178464701988 2.1933461934432286 1.1700736837262748 = 0.9999999812549998 @ 293933.0 2834.5595703125 1
2.2511411516325746 0.596416589975284 7.630222635299872 = 0.953099110268056 @ 293102.0 2932.245361328125 1
2.1932800496741054 4.111207136748133 1.1700887884577897 = 1.0 @ 289457.0 3351.25146484375 1
4.017160705604155 2.2160135956046947 0.6450339677100654 = 0.9715876762986912 @ 289340.0 3364.816650390625 1
4.111207141062048 4.111207139804075 4.1112071462893685 = 1.0 @ 288481.0 3461.59619140625 1
0.6482034509883868 2.0921803801508463 4.140728030096769 = 0.9393192699205146 @ 286128.0 43.333984375 1
4.114951838336018 0.3330422674332188 7.714502712223242 = 0.9999671322677897 @ 277527.0 1013.516357421875 1
7.716837089296207 2.1939673324019857 1.1700430249613663 = 0.9999670868824977 @ 270746.0 1785.170654296875 1
2.1932800520184803 0.6242284330426714 4.111207147991212 = 1.0 @ 236529.0 1635.559814453125 1
2.20094845248145 7.736613614503655 0.6242682485308866 = 0.9995396944666057 @ 229846.0 2390.00634765625 1
2.1932800520056372 4.111207147609576 4.111207147451141 = 1.0 @ 221917.0 3303.6162109375 1
4.111207139266048 1.1700887882587427 7.706277256449358 = 1.0 @ 209806.0 899.529052734375 1
4.111219409088603 2.1933278685781143 2.193291262969075 = 0.9999999914941513 @ 200043.0 2021.0654296875 1
0.624228432575245 4.111207138656782 2.193280048285677 = 1.0 @ 195740.0 2518.68212890625 1
7.957607601513436 0.6033306993022516 4.0994323740409015 = 0.9637051231449878 @ 195189.0 2582.319580078125 1
1.170088788564486 4.111207145538722 4.111207143392944 = 1.0 @ 188664.0 321.998291015625 1
7.716139297835793 4.254832227121712 0.33742790136199274 = 0.9776330782142376 @ 184571.0 795.142578125 1
7.682298703197041 1.1709036414412313 1.1712690687209415 = 0.9998131276577003 @ 175956.0 1785.017578125 1
0.6234267378279772 7.576429049806163 0.632275178160168 = 0.9924407249773464 @ 155991.0 309.5908203125 1
7.73920117167214 0.6243399876725956 7.751200150290797 = 0.9991336715008219 @ 142840.0 1820.803955078125 1
1.17008878817378 1.17008878790645 1.1700887885548796 = 1.0 @ 141925.0 1927.326416015625 1
2.193813517038199 1.1724978967389486 7.778044257102317 = 0.9984974125895683 @ 138224.0 2348.544921875 1
4.111768329603354 4.1112964389334685 0.6242280902120179 = 0.9999996816296239 @ 125717.0 3780.060791015625 1
4.111207139055402 0.6242284340783465 7.7062772515246465 = 1.0 @ 124256.0 3949.5498046875 1
7.73031354179932 7.35593926126321 0.34888125326286695 = 0.9289616342564193 @ 123667.0 45.867431640625 1
2.1932800493405105 2.1932800512901904 1.1700887873362196 = 1.0 @ 120498.0 409.180419921875 1
0.6562512811044805 1.1246277363241977 2.2042516195036006 = 0.9329038425598828 @ 111701.0 1411.772216796875 1
2.193304201197131 0.624212427157909 1.1701033554086646 = 0.9999999844369749 @ 104290.0 2266.819580078125 1
1.1630342235990714 0.6107044773571119 2.211542466810861 = 0.9902814408301137 @ 66167.0 3608.796875 1
0.33267932651643894 7.82045343324203 7.792329513029789 = 0.9943310085117272 @ 65854.0 3644.763427734375 1
0.6242284339577345 0.33301843531777614 2.1932800501946237 = 1.0 @ 44195.0 1652.113525390625 1
2.1932931569094927 2.1933760496229926 2.1933106572352137 = 0.9999999642312086 @ 40998.0 2022.58203125 1
1.170088788578741 1.1700887889729064 7.706277251721173 = 1.0 @ 29205.0 3380.961669921875 1
2.1932800491247146 1.1700887888400429 0.6242284336238674 = 1.0 @ 25214.0 361.546142578125 1
8.021963760797865 0.3428769216860374 7.691456418683291 = 0.9593479935274 @ 1437.0 3095.66015625 1
