5.482864206757763 -0.8003211000507121 -1.425128428511315 = 2709.093505572828 @ 398730.0 133.46630859375 1
-0.8003211003142745 -1.4251284292714668 5.482864208112107 = 2709.093505572828 @ 396490.0 414.55419921875 1
-7.083506409346101 -0.8003211005104452 -7.708313735248479 = 2709.0935055728287 @ 394259.0 688.216796875 1
-0.8003210997666711 -0.8003211023158602 -1.425128428347613 = 2709.093505572828 @ 393190.0 818.30224609375 1
-0.8003211010245581 4.858056879477298 -0.8003210995868875 = 2709.0935055728282 @ 391981.0 964.6787109375 1
-0.8003210995666508 -7.083506407805546 4.858056880516068 = 2709.0935055728287 @ 390856.0 1105.659423828125 1
-0.8003210993374356 -1.4251284296691817 -7.083506408781725 = 2709.093505572828 @ 386175.0 1693.0234375 1
-0.8003211004072257 5.482864207383805 4.858056879295988 = 2709.0935055728282 @ 384966.0 1844.101806640625 1
-7.0835064079293 -7.0835064086709725 -1.4251284286010684 = 2709.093505572828 @ 380243.0 2432.333251953125 1
-7.083506408564748 -0.8003211009019598 -1.4251284295636562 = 2709.093505572828 @ 379188.0 2560.767578125 1
-7.083506406039399 4.858056877675645 5.4828642075082845 = 2709.0935055728282 @ 376775.0 2861.992919921875 1
-1.4251284288529842 -0.8003211009898771 -7.083506408971958 = 2709.093505572828 @ 370918.0 3581.224365234375 1
-7.083506406937902 -7.083506406010826 -7.708313734726451 = 2709.0935055728282 @ 369849.0 3712.11767578125 1
-7.083506404899961 -7.0835064099155165 4.858056878768275 = 2709.0935055728282 @ 367660.0 3985.88623046875 1
-0.800321099327165 4.858056877521223 -7.083506406867778 = 2709.0935055728282 @ 366479.0 4129.652099609375 1
-7.083506407427941 -1.4251284282679726 -7.083506408403418 = 2709.093505572828 @ 365382.0 4263.981201171875 1
-7.70831373650825 -0.8003210999541985 -7.083506407344742 = 2709.0935055728282 @ 361891.0 4692.256591796875 1
-7.083506405095872 4.858056878369739 -0.8003211013691629 = 2709.0935055728282 @ 358372.0 5124.1181640625 1
-0.8003210998732977 -0.8003210989729338 4.858056880249572 = 2709.0935055728282 @ 352459.0 5848.14501953125 1
-1.425128428026722 -0.800321099700836 -0.8003211020078771 = 2709.093505572828 @ 349934.0 6157.293212890625 1
-7.083506407916026 4.858056877249696 -7.0835064092145865 = 2709.0935055728282 @ 348781.0 6305.79150390625 1
5.482864206206148 -7.08350640868471 -1.425128429987843 = 2709.093505572828 @ 345010.0 6766.846923828125 1
5.4828642045215465 -7.083506406931151 -7.7083137353811635 = 2709.093505572828 @ 342489.0 139.299560546875 1
-7.708313735325687 -0.80032110079835 5.482864208828288 = 2709.0935055728282 @ 341350.0 280.3017578125 1
-7.083506685748269 -7.708313511402831 -0.8003210512490236 = 2709.0935055685723 @ 340449.0 391.010986328125 1
-0.8003216489664924 5.482863308470308 -1.4251286387241588 = 2709.0935055358173 @ 325870.0 2213.953125 1
-1.4251280919621196 -7.083506437448632 5.482864209590321 = 2709.0935055689724 @ 323121.0 2556.189208984375 1
-0.8003210994091896 -7.708313733432006 -0.800321101966522 = 2709.093505572828 @ 321562.0 2750.52392578125 1
5.482864208789785 -0.8003210991467423 4.858056880548164 = 2709.0935055728282 @ 320339.0 2903.8505859375 1
4.858056878955795 5.482864206991805 -7.083506407166128 = 2709.0935055728282 @ 310576.0 4119.781494140625 1
-7.708342135767671 5.482820391729678 -7.083453447805317 = 2709.093326831998 @ 299385.0 5524.19921875 1
-0.8003211014168096 -7.708313735088771 -7.083506406729898 = 2709.0935055728282 @ 297868.0 5715.410400390625 1
-0.8003216301660432 -7.0835045582907705 -1.425127469055489 = 2709.0935054230663 @ 296971.0 86.08740234375 1
-7.708313737723293 -7.0835064076060315 5.482864205101646 = 2709.0935055728282 @ 292514.0 641.523193359375 1
5.482864207876045 5.482864209426545 4.858056879195688 = 2709.0935055728282 @ 285509.0 1507.202880859375 1
-7.083506408549598 5.482864207120488 -1.4251284301132698 = 2709.093505572828 @ 281192.0 2050.819091796875 1
5.482863564870749 -1.425129847558018 5.482863690369289 = 2709.093505482963 @ 279409.0 2273.791748046875 1
5.4828642064222946 -0.8003210985603263 -7.708313735307078 = 2709.0935055728282 @ 262954.0 4331.058837890625 1
4.85805687878741 5.482864208115493 5.482864205317629 = 2709.0935055728282 @ 261773.0 4480.648681640625 1
-0.8003209550032263 4.858056271596651 5.482864379468551 = 2709.0935055587215 @ 257880.0 95.1494140625 1
5.482864207023635 -7.083506406839684 4.8580568794179175 = 2709.0935055728287 @ 256671.0 248.87158203125 1
-1.4251284290215895 -7.083506408421386 -7.083506408408299 = 2709.093505572828 @ 247650.0 1374.3271484375 1
-0.8003210990662809 -7.083506408056835 -7.708313735276368 = 2709.0935055728282 @ 246511.0 1518.291259765625 1
5.482864205973146 5.482864206283528 -7.708313734261564 = 2709.0935055728287 @ 245190.0 1680.96875 1
-7.708313734067721 -7.08350640720369 -0.8003211005661283 = 2709.0935055728282 @ 230681.0 3485.7861328125 1
4.858056879300635 -7.08350640888638 -7.083506408178964 = 2709.0935055728287 @ 229444.0 3639.2724609375 1
-7.708313735029789 -0.8003210997145717 -0.8003211010504581 = 2709.0935055728282 @ 217389.0 134.56982421875 1
5.482864205689121 4.858056876824827 -0.8003210988831587 = 2709.0935055728282 @ 216236.0 276.2421875 1
-1.4251284286609927 5.4828642091336075 -7.083506406491161 = 2709.093505572828 @ 204443.0 1750.544677734375 1
-0.800321100815731 5.482864205229048 -7.708313734586005 = 2709.0935055728287 @ 188002.0 3811.1162109375 1
-7.0835064086665875 -1.4251284285249877 -0.8003211005690538 = 2709.093505572828 @ 178505.0 5007.866455078125 1
5.482864206942987 -1.4251284286205725 -0.800321100156731 = 2709.093505572828 @ 171612.0 5867.91748046875 1
-7.083506408179469 -7.708313735413666 5.482864208972755 = 2709.0935055728282 @ 170473.0 6011.774658203125 1
4.858056878184671 -7.083506407629381 -0.800321099704783 = 2709.0935055728282 @ 169054.0 6188.061279296875 1
5.482864203958452 4.858056873352929 -7.083506403949579 = 2709.0935055728264 @ 166435.0 300.939453125 1
-7.083506407618903 -0.8003210989983824 4.858056879206041 = 2709.0935055728287 @ 163000.0 723.873046875 1
-1.4251284297480888 -0.8003211005850308 5.482864206895384 = 2709.0935055728273 @ 161231.0 947.499267578125 1
-7.083506408092953 5.482864207586927 -7.70831373598522 = 2709.0935055728287 @ 100344.0 1536.47509765625 1
4.858056781256536 -0.8003208752697352 5.482864555966241 = 2709.093505566968 @ 88397.0 3017.7451171875 1
-7.708313311432113 -7.083506784634422 -7.0835068257202405 = 2709.093505556586 @ 72516.0 4996.701171875 1
-7.7083137352370255 5.482864206017715 5.482864206755501 = 2709.0935055728282 @ 68325.0 5533.97119140625 1
4.858056878772162 -0.8003210999531336 -7.083506409177227 = 2709.0935055728282 @ 60400.0 150.494873046875 1
4.858056879741776 5.482864205206094 -0.8003211000738288 = 2709.0935055728282 @ 59317.0 284.392333984375 1
-0.800321099702713 -1.4251284270145947 -0.8003211007443547 = 2709.093505572828 @ 55336.0 785.50830078125 1
5.482864207013374 -7.708313735204248 5.482864205910173 = 2709.0935055728282 @ 46469.0 1892.929443359375 1
-7.083507343249823 5.482864285451479 4.8580572333293475 = 2709.093505540315 @ 36468.0 3144.5703125 1
-0.8003211004472166 -7.708313736059258 5.482864207357542 = 2709.0935055728287 @ 11711.0 6244.986328125 1
-7.08350640710866 -7.708313735309195 -7.083506407009526 = 2709.0935055728282 @ 3688.0 902.00390625 1
