5.482864206286183 4.8580568774116575 5.4828642068840505 = 2709.0935055728287 @ 398702.0 137.884521484375 1
-7.083506407571754 5.482864206948007 -1.4251284292228534 = 2709.093505572828 @ 397596.0 273.461181640625 1
4.858056879690652 -0.8003210968466581 -7.0835064077985175 = 2709.093505572828 @ 395281.0 554.537353515625 1
-7.708313737848568 -7.08350640765761 5.482864208013782 = 2709.093505572828 @ 394100.0 698.071044921875 1
5.482864206887736 -0.8003210999969989 -7.708313737199772 = 2709.0935055728282 @ 392821.0 853.072509765625 1
5.482864206527822 -7.083506408826349 4.8580568787785 = 2709.0935055728287 @ 391696.0 988.73095703125 1
-1.425128427514423 -7.0835064101775815 5.482864207960684 = 2709.093505572828 @ 390515.0 1133.29248046875 1
5.4828642068620645 5.482864205252304 -7.70831373709172 = 2709.0935055728287 @ 383272.0 2012.25390625 1
5.482864206889219 -1.4251284281287968 5.482864207034736 = 2709.093505572828 @ 382133.0 2150.152587890625 1
-0.8003211028581299 4.858056878354285 -0.8003211003040919 = 2709.0935055728282 @ 376164.0 2878.201904296875 1
5.482864206943701 -1.4251284288987676 -0.8003211016316787 = 2709.093505572828 @ 371539.0 3439.06689453125 1
-7.0835064074428695 -7.708313736429686 -0.8003211022707145 = 2709.0935055728282 @ 370456.0 3570.415283203125 1
-7.083506407575214 -1.4251284270565063 5.482864206008413 = 2709.093505572828 @ 365691.0 4144.89208984375 1
-7.7083137363985355 -7.0835064090621245 -7.083506407607186 = 2709.0935055728282 @ 361864.0 4612.467041015625 1
4.8580568781297035 -0.8003210995814062 5.482864205015421 = 2709.0935055728282 @ 359451.0 4905.53125 1
-7.708313734729982 -0.8003211025577279 -7.083506408018722 = 2709.0935055728282 @ 355680.0 5359.814697265625 1
5.4828642074363385 -0.8003210995644189 -1.4251284282310415 = 2709.093505572828 @ 354471.0 5505.51025390625 1
-1.4251284279791203 -7.083506407663885 -7.083506408337521 = 2709.093505572828 @ 353248.0 5652.3984375 1
4.858056878832223 5.482864204024377 -7.083506408509277 = 2709.093505572828 @ 349659.0 6084.1015625 1
-0.8003211011344876 -0.8003211002891576 -1.4251284285734582 = 2709.093505572828 @ 348464.0 6227.80517578125 1
5.482864204935825 -7.708313735387888 5.482864207906486 = 2709.0935055728282 @ 342929.0 6895.516357421875 1
-7.083506404372067 4.858056881030793 -7.083506408585521 = 2709.093505572828 @ 341640.0 131.490966796875 1
5.482864206237475 -7.708313736003012 -7.083506406818703 = 2709.0935055728282 @ 340571.0 259.986572265625 1
-0.8003211008224211 -1.4251284305327352 5.482864206164432 = 2709.093505572828 @ 334140.0 1036.951416015625 1
-0.8003211359277389 5.482864315066852 -1.4251285689027955 = 2709.093505571742 @ 332273.0 1262.097900390625 1
-0.8003211140414046 -7.083506836972396 4.858056790301914 = 2709.0935055666455 @ 327774.0 1809.84228515625 1
-7.0835064063821 -0.8003210997785126 -1.425128429598869 = 2709.093505572828 @ 325515.0 2084.15087890625 1
-0.8003211010005918 -1.4251284290059139 -7.083506405833051 = 2709.093505572828 @ 324362.0 2222.780517578125 1
-0.800321100617839 -7.708313737210316 -0.8003211018456883 = 2709.0935055728282 @ 310231.0 3942.808837890625 1
-7.083506767995932 4.858056413795896 5.48286373681448 = 2709.093505554271 @ 309302.0 4055.4130859375 1
-0.8003211002374467 -7.083506406395005 -1.4251284283874959 = 2709.093505572828 @ 308205.0 4189.19775390625 1
-7.083505632630187 -7.083506489328824 4.858056673723298 = 2709.0935055519335 @ 304196.0 4676.20654296875 1
-1.425128427909001 5.4828642077249 -7.083506407436194 = 2709.093505572828 @ 301475.0 5007.369384765625 1
-7.083506409655489 -7.708313736564312 -7.083506409012658 = 2709.0935055728282 @ 298870.0 137.03271484375 1
5.482864208329491 4.858056879355951 -7.083506408275437 = 2709.0935055728282 @ 297787.0 267.861572265625 1
5.482858668246373 -7.083514928683413 -7.7083285697913775 = 2709.093494820711 @ 293092.0 838.02734375 1
5.482864205113007 -7.708313737392627 -0.8003211018394769 = 2709.0935055728282 @ 286535.0 1638.638427734375 1
5.482864207078272 -1.4251284275223433 -7.083506407624945 = 2709.093505572828 @ 270934.0 3545.701171875 1
-7.083506344230998 5.482864292452292 -7.708313674929266 = 2709.093505572337 @ 270117.0 3644.228271484375 1
-7.083506406057457 -7.08350640852622 -7.708313733857983 = 2709.0935055728282 @ 266584.0 4084.166015625 1
4.858056879974088 5.4828642079184045 -0.8003211010401458 = 2709.0935055728282 @ 265123.0 4265.612548828125 1
-1.4251284275638199 5.482864204522516 -0.8003211007215695 = 2709.093505572828 @ 255168.0 152.164794921875 1
4.858062502364417 -0.8003213438076302 -0.8003335314198531 = 2709.093499547395 @ 254561.0 226.67138671875 1
-0.800321099867058 -7.708313735096402 -7.0835064094423075 = 2709.0935055728282 @ 243958.0 1525.81787109375 1
-0.8003211005745321 4.858056878026725 -7.083506409574743 = 2709.0935055728282 @ 242763.0 1672.334228515625 1
-0.800321102278443 -0.800321099764693 4.858056878269474 = 2709.0935055728282 @ 238964.0 2140.042724609375 1
4.858056880691657 -7.083506410021911 5.482864208724755 = 2709.093505572828 @ 229229.0 3322.60302734375 1
-1.425128127482856 -7.083506680125801 -0.8003212468477143 = 2709.0935055666996 @ 221832.0 4227.70263671875 1
4.858029200014079 -7.083513805929179 -7.083464728158078 = 2709.0934222190835 @ 205521.0 273.848388671875 1
-7.083506405115509 5.482864207867159 4.858056879360207 = 2709.0935055728282 @ 202954.0 590.513671875 1
5.482864207197464 5.482864207064097 -1.425128428222187 = 2709.093505572828 @ 196005.0 1447.2958984375 1
-0.8003214276455058 -7.708313980948413 5.482863995946431 = 2709.093505565933 @ 187502.0 2489.1572265625 1
-1.4251284295483777 -0.8003211006127094 -0.8003211000228119 = 2709.093505572828 @ 181561.0 3224.866943359375 1
-7.708313734330927 5.482864207267492 -7.083506408129012 = 2709.0935055728282 @ 167192.0 5006.81591796875 1
-0.8003211002272612 4.858056878828529 5.482864206916542 = 2709.0935055728282 @ 160163.0 842.28564453125 1
5.482864208061136 5.482864207854909 4.858056880929856 = 2709.0935055728282 @ 150680.0 2019.696533203125 1
-0.8003211006574343 5.48286420686983 4.858056877725575 = 2709.0935055728287 @ 125461.0 5122.515869140625 1
-7.708313984590311 -0.8003194041174003 -0.8003192003149595 = 2709.0935053627163 @ 103592.0 2517.515869140625 1
-1.4251284285947317 -0.8003211015947626 -7.083506408516126 = 2709.093505572828 @ 97553.0 3257.769287109375 1
-1.425128097006311 5.482863029144861 5.4828639485810085 = 2709.0935055225227 @ 76398.0 214.87109375 1
-0.800321100558852 5.482864208001412 -7.708313734284557 = 2709.0935055728282 @ 70723.0 907.2568359375 1
-7.708314128673796 -7.083506946731393 -0.8003210596811573 = 2709.093505558228 @ 57292.0 2554.424072265625 1
4.858056879237191 5.482864206193361 5.482864208285462 = 2709.0935055728282 @ 34159.0 5397.389892578125 1
-7.083506407647471 -0.8003211020611191 -7.708313735485353 = 2709.0935055728287 @ 26682.0 276.18896484375 1
