-7.083506408083157 -1.4251284306691434 = 186.73090883102387 @ 199272.0 68.113037109375 1
-7.7083137363008 5.482864208158584 = 186.73090883102392 @ 198024.0 211.294921875 1
-0.8003211008871168 4.858056880664771 = 186.73090883102392 @ 197371.0 285.031005859375 1
-7.083506408901308 4.858056880454734 = 186.7309088310239 @ 196658.0 365.615478515625 1
-7.708313734350282 -7.08350640625472 = 186.7309088310239 @ 195909.0 454.75830078125 1
-7.083506407901422 -7.708313737114819 = 186.73090883102392 @ 195208.0 538.738037109375 1
-1.4251284289276647 5.4828642091798425 = 186.73090883102387 @ 193175.0 774.292236328125 1
-0.8003211009257828 -7.708313736609702 = 186.73090883102392 @ 192414.0 861.286376953125 1
4.858056876938429 -0.8003211009963765 = 186.73090883102392 @ 188833.0 1277.010986328125 1
-7.708313734851179 -0.8003211007621756 = 186.73090883102392 @ 187928.0 1379.18505859375 1
4.858056880260991 5.4828642065013495 = 186.73090883102392 @ 185787.0 1623.19921875 1
5.482864204499505 -7.708313735588424 = 186.73090883102392 @ 185122.0 1698.603759765625 1
5.4828642069355515 -1.425128428054088 = 186.7309088310239 @ 184433.0 1781.51708984375 1
-1.425127806493529 -0.8003208842473518 = 186.73090883001933 @ 176968.0 38.059814453125 1
5.482864204547773 4.858056880831095 = 186.73090883102392 @ 176363.0 108.663818359375 1
4.858056878071702 -7.083506407617183 = 186.73090883102392 @ 175650.0 190.451416015625 1
-0.800320530180345 -1.425129046817791 = 186.73090882941352 @ 159425.0 162.84033203125 1
-1.4251284297305822 -7.083506407590332 = 186.73090883102387 @ 157260.0 411.49169921875 1
