4.858056880811775 -7.083506407540549 = 186.73090883102392 @ 199236.0 73.22119140625 1
-7.083506407917209 4.858056878075169 = 186.73090883102392 @ 198600.0 147.638671875 1
-0.800321098840765 -7.708313735675295 = 186.7309088310239 @ 197899.0 232.631103515625 1
-7.083506405263488 -7.708313736395061 = 186.73090883102392 @ 195734.0 485.866943359375 1
-1.4251284285151706 5.482864206740234 = 186.7309088310239 @ 195045.0 566.0390625 1
5.482864205347331 -7.708313733381571 = 186.73090883102392 @ 193636.0 727.828369140625 1
-7.708313736210206 -0.8003211006963842 = 186.73090883102392 @ 190763.0 1066.830322265625 1
-7.708313735764213 -7.083506409271618 = 186.73090883102392 @ 185838.0 1642.9931640625 1
-0.8003211013357147 -1.4251284285027448 = 186.7309088310239 @ 179449.0 2389.65576171875 1
-7.708313737346634 5.482864206650232 = 186.73090883102392 @ 177440.0 2628.12548828125 1
-0.8003210062539503 4.858056856106111 = 186.73090883100298 @ 176899.0 47.70849609375 1
5.4828639382975926 4.858057488120609 = 186.7309088299995 @ 176390.0 108.30224609375 1
5.482864555869559 -1.4251278414306436 = 186.7309088299517 @ 176037.0 150.051025390625 1
-1.4251284266713022 -0.800320949224637 = 186.73090883097325 @ 175504.0 213.0869140625 1
-1.425128122669275 -7.0835049077269066 = 186.73090882583452 @ 175127.0 257.5361328125 1
-7.079092043825352 -1.4219000566757933 = 186.6635673380065 @ 162814.0 90.347900390625 1
4.8580569592764276 5.482864252524776 = 186.73090883100406 @ 160553.0 359.66064453125 1
4.858047899440904 -0.8003352200881659 = 186.73090820254177 @ 155304.0 986.775390625 1
