5.482864207399252 -7.708313736794038 -0.8003211012086126 = 2709.0935055728282 @ 396462.0 411.223876953125 1
5.482864206922285 4.858056877127426 -0.800321102555543 = 2709.0935055728282 @ 395342.0 546.5166015625 1
5.482864207848269 -7.083506406195562 -7.708313736254864 = 2709.0935055728287 @ 393181.0 806.20166015625 1
-7.083506406929603 -1.4251284291871273 -7.083506407083727 = 2709.093505572828 @ 390488.0 1138.080078125 1
-7.083506405456352 -7.708313737010618 5.482864207809509 = 2709.0935055728282 @ 386997.0 1565.0205078125 1
5.482864208138059 -7.083506407790665 -1.4251284283560248 = 2709.093505572828 @ 385816.0 1707.033447265625 1
4.858056876590711 -0.8003211002071648 -7.083506407481992 = 2709.0935055728282 @ 384663.0 1846.229736328125 1
-7.7083137370198695 -7.083506405475086 -7.0835064066567535 = 2709.0935055728282 @ 377448.0 2728.494873046875 1
-7.083506405104939 4.858056877915255 -0.8003211000923846 = 2709.0935055728282 @ 376281.0 2869.694580078125 1
-1.4251284276911007 -7.0835064097644365 5.482864206614686 = 2709.093505572828 @ 374092.0 3136.37060546875 1
-7.708313734665834 -0.8003211023847046 -7.0835064077680565 = 2709.0935055728282 @ 369089.0 3746.47705078125 1
5.482864207383024 -7.708313734942292 -7.083506409090739 = 2709.0935055728282 @ 367964.0 3886.26953125 1
5.482864206801707 -7.708313735221806 5.482864207512985 = 2709.0935055728282 @ 358145.0 5097.29248046875 1
5.482864206307177 -1.4251284289078727 -7.083506406900555 = 2709.093505572828 @ 355984.0 5359.7041015625 1
-0.8003210997093737 -7.083506409698718 -7.7083137347884385 = 2709.0935055728282 @ 354761.0 5507.17431640625 1
4.858056877688329 -0.8003210983158885 5.482864206396761 = 2709.0935055728282 @ 353580.0 5648.82275390625 1
-0.8003211018411449 -7.083506408988136 -1.4251284275471856 = 2709.093505572828 @ 351125.0 5953.185791015625 1
4.858056878329771 5.482864206990076 -7.083506408472803 = 2709.0935055728282 @ 349062.0 6207.321533203125 1
-0.8003211013675395 4.85805687712933 -0.8003210996828316 = 2709.0935055728282 @ 345263.0 6668.082275390625 1
-7.083506337692653 4.858057073929191 5.48286414118942 = 2709.093505571245 @ 337814.0 611.4169921875 1
5.482864218708898 -1.4251284481709814 -0.8003210627402736 = 2709.0935055727628 @ 336913.0 722.6748046875 1
-0.8003211006031364 -1.4251284273887967 -0.800321100117861 = 2709.093505572828 @ 334542.0 1014.444580078125 1
-1.4251284284036028 5.482864206768088 5.4828642061256785 = 2709.093505572828 @ 333179.0 1189.876953125 1
-0.8003211021918315 4.8580568800887125 -7.083506407291762 = 2709.0935055728282 @ 331620.0 1381.764404296875 1
5.482864420544971 4.858057092046444 -7.083506929902626 = 2709.09350556108 @ 325077.0 2189.321533203125 1
-7.7083137349656194 -0.8003210990076441 -0.8003211007763111 = 2709.0935055728282 @ 323910.0 2331.379638671875 1
-0.8003211002038647 -0.8003211003780267 -1.4251284290371404 = 2709.093505572828 @ 308981.0 4159.724853515625 1
-0.8003211014425318 -1.425128429161855 5.482864209229674 = 2709.093505572828 @ 307730.0 4310.96533203125 1
5.482864679941984 5.482865549584582 -1.4251286753814072 = 2709.093505505768 @ 288787.0 1377.285400390625 1
5.4828646504237994 -1.4251285980066912 5.482864983765794 = 2709.093505546182 @ 281726.0 2241.520751953125 1
5.482864206243759 -0.8003211402033614 -1.4251284294154207 = 2709.093505572776 @ 277591.0 2750.888427734375 1
-0.8003208424988136 5.482864063914488 -7.708313609689589 = 2709.093505569504 @ 276732.0 2856.71142578125 1
-7.708313733991856 -7.083506406310755 5.482864205982639 = 2709.0935055728282 @ 274501.0 3131.561767578125 1
-7.083506406856604 5.4828642080938055 -7.7083137357313145 = 2709.0935055728282 @ 270268.0 3651.405517578125 1
-0.8003209436373153 -1.4251285977203922 -7.083505806087381 = 2709.0935055594664 @ 268233.0 3898.834716796875 1
-7.083506407321022 -0.8003210994716994 4.858056881559131 = 2709.0935055728282 @ 266226.0 4153.5390625 1
-0.8003210999032352 -7.708313737294281 -7.083506406316767 = 2709.0935055728282 @ 259053.0 5045.054443359375 1
-7.083506405687908 -7.083506406369136 -7.708313732856288 = 2709.0935055728282 @ 257610.0 149.664306640625 1
-1.425128320300715 -0.8003208565258473 -7.083506107417949 = 2709.093505567635 @ 249401.0 1165.117431640625 1
4.858057214104845 5.482864262116727 -0.8003209339104178 = 2709.093505568038 @ 225134.0 4163.350830078125 1
-1.4251284280483594 -7.083506407843169 -7.083506407286871 = 2709.093505572828 @ 213261.0 297.060546875 1
5.482864206619715 -7.0835064069910505 4.8580568781718245 = 2709.0935055728287 @ 184668.0 3841.903564453125 1
-0.8003211014471661 4.858056878552164 5.4828642033570985 = 2709.0935055728282 @ 169011.0 5799.426513671875 1
-7.083472928886924 -1.4251271915494261 5.482878565529374 = 2709.0934629773465 @ 144958.0 2848.921875 1
4.858056616480156 -7.083506701644219 -0.8003216997837249 = 2709.0935055562136 @ 139353.0 3540.385009765625 1
-7.7083137360875025 5.482864206141449 5.482864204405969 = 2709.0935055728282 @ 137752.0 3739.93994140625 1
5.483332300663342 5.48251064682402 4.857524288990296 = 2709.0728837205943 @ 113797.0 1228.067138671875 1
-7.083506303291695 -7.083507131126295 -1.4251281381189447 = 2709.0935055528485 @ 101612.0 2751.781494140625 1
-7.708313735722539 5.482864206189922 -7.083506408088762 = 2709.0935055728282 @ 99857.0 2971.84423828125 1
-0.8003210993308043 -7.708313737194741 5.482864204895239 = 2709.0935055728282 @ 94014.0 3705.759033203125 1
-7.0835054492580545 -0.8003216083442299 -1.4251271467918134 = 2709.0935054795764 @ 88409.0 4412.1083984375 1
5.4828642067492295 4.858056878975967 5.482864205959654 = 2709.0935055728282 @ 83490.0 5018.370849609375 1
-7.083505304457168 5.482863142166959 4.8580552340453105 = 2709.093505405996 @ 80255.0 70.45751953125 1
-1.4251284286371186 -0.8003211003972064 -0.8003211000804049 = 2709.093505572828 @ 77926.0 363.823486328125 1
4.858056879080282 -7.083506405742388 -7.083506409412899 = 2709.0935055728282 @ 74043.0 844.98486328125 1
-7.083506406267773 5.4828642052669405 -1.4251284291978312 = 2709.093505572828 @ 69558.0 1404.954345703125 1
-7.083506433252075 -0.8003212314068049 -7.708313760720724 = 2709.0935055722343 @ 66529.0 1777.98779296875 1
-0.8003211014268107 -7.708313735287737 -0.8003210992170815 = 2709.0935055728282 @ 54666.0 3242.85888671875 1
-7.083506407840141 -1.4251284302493619 -0.8003211001552626 = 2709.093505572828 @ 28247.0 562.72119140625 1
-7.083506408265167 -7.708313735537699 -7.083506410354888 = 2709.0935055728287 @ 20402.0 1529.3828125 1
-7.708313733428168 -7.083506405471242 -0.8003211000141144 = 2709.093505572828 @ 839.0 3953.081787109375 1
4.858056888658087 5.482864208643338 5.48286419919955 = 2709.0935055728214 @ -6.0 4056.98193359375 1
