7.70627725369011 7.706277269469462 7.706277252174169 = 1.0 @ 399052.0 88.0361328125 1
2.1932800514976383 1.170088787885268 7.706277263818267 = 1.0 @ 398016.0 206.933349609375 1
7.706277250222722 7.706277256694124 4.111207142286811 = 1.0 @ 397213.0 299.49267578125 1
4.111207145960859 7.706277256448466 7.706277254095988 = 1.0 @ 396410.0 390.83056640625 1
7.706277267474905 4.111207142839087 4.111207140629483 = 1.0 @ 395383.0 506.36474609375 1
7.706277253327368 7.7062772457149125 2.1932800512172435 = 1.0 @ 394566.0 601.07861328125 1
0.3330184357627215 7.7062772617502775 2.1932800523964464 = 1.0 @ 393483.0 724.713134765625 1
4.111207147363 2.193280053706859 2.193280048114058 = 1.0 @ 392554.0 830.457275390625 1
7.706277256174576 1.1700887873006496 7.706277251643783 = 1.0 @ 391541.0 943.77392578125 1
2.193280052029722 7.706277259112108 0.6242284333380728 = 1.0 @ 389730.0 1157.644287109375 1
4.111207142912786 7.706277252032672 4.111207138602756 = 1.0 @ 388871.0 1256.97119140625 1
4.11120714074645 2.1932800485677766 7.7062772578853345 = 1.0 @ 387564.0 1404.95751953125 1
2.1932800504101517 2.193280048793189 4.111207143005979 = 1.0 @ 386705.0 1501.391845703125 1
4.111207146654832 7.706277261480988 2.1932800529389196 = 1.0 @ 385846.0 1601.5556640625 1
1.1700748949002076 7.706199012023795 1.1701019887974253 = 0.9999999938107932 @ 384609.0 1740.296630859375 1
7.7062772528255135 1.1700887857358524 1.170088786667925 = 1.0 @ 383568.0 1857.970458984375 1
4.10779313787635 7.757757896070503 1.1699076635064605 = 0.9992495244665691 @ 379531.0 2315.08349609375 1
2.1932800473079546 7.706277262429348 2.19328005030599 = 1.0 @ 374192.0 2913.851318359375 1
7.706277267128026 7.706277256355956 1.170088786893238 = 1.0 @ 373305.0 3012.070068359375 1
4.111207142462877 1.170088787687277 4.111207143070387 = 1.0 @ 370598.0 3316.5556640625 1
7.7062772511477275 4.111207148812252 7.706277265459726 = 1.0 @ 369655.0 3422.58447265625 1
1.1724444915610723 2.1877992263630563 7.747937274831579 = 0.9993439117494516 @ 367326.0 3683.047607421875 1
1.1700887878960835 4.111207147701321 4.111207141341069 = 1.0 @ 358123.0 4717.805908203125 1
2.1932591664067584 0.6242252157317754 7.706162297036926 = 0.9999999943369726 @ 357026.0 4839.814697265625 1
2.1932800502973446 7.7062772527835826 7.706277261780851 = 1.0 @ 355299.0 5035.919921875 1
2.193280048277397 4.111207148796944 4.11120714238677 = 1.0 @ 353558.0 5231.6552734375 1
0.6148026547016411 0.34604777924352403 7.547916355215944 = 0.9647401334634211 @ 352199.0 11.645263671875 1
0.6242284342220779 7.706277260731262 7.706277257052493 = 1.0 @ 350990.0 148.84423828125 1
2.1246888024848714 2.1994220297315468 8.021819391056242 = 0.9567034964189312 @ 349459.0 321.485595703125 1
7.706277256608169 4.111207145358839 0.6242284332340261 = 1.0 @ 348334.0 446.780517578125 1
1.1700887854417925 4.111207146719264 7.706277254370814 = 1.0 @ 347139.0 579.46826171875 1
1.1701174131688075 7.706057573561584 7.706557419663573 = 0.9999999544529408 @ 346700.0 628.74462890625 1
4.111207149210169 2.193280050217152 4.111207141963423 = 1.0 @ 345421.0 774.231689453125 1
7.706277251528409 2.1932800499779 4.111207145713456 = 1.0 @ 344534.0 873.381591796875 1
4.111207150322818 4.111207144749568 7.7062772492924685 = 1.0 @ 342457.0 1107.02587890625 1
4.111207144158976 4.1112071399980685 0.6242284335886266 = 1.0 @ 341136.0 1258.284912109375 1
7.570384361402753 4.216050125236057 1.1686418160326424 = 0.9841996682304122 @ 340977.0 1276.32958984375 1
4.111207138467443 4.111207145803521 1.1700887856687352 = 1.0 @ 338788.0 1522.38232421875 1
2.1932800505766386 1.1700887876611583 2.193280049813539 = 1.0 @ 336739.0 1757.84228515625 1
4.1111616470206584 1.170084594755136 7.7062041078287224 = 0.99999999624326 @ 336328.0 1804.326171875 1
2.1932800498695855 4.111207138566532 7.706277249535269 = 1.0 @ 329015.0 2641.23876953125 1
1.1700887871050054 2.1932800482397763 4.11120714246414 = 1.0 @ 327680.0 2793.964599609375 1
4.111207145343371 1.170088786570769 1.1700887871687609 = 1.0 @ 326653.0 2908.96630859375 1
4.111207140421049 4.111207142539675 2.1932800494008755 = 1.0 @ 325794.0 3004.369873046875 1
4.11120714226235 1.1700887876183599 2.1932800522167235 = 1.0 @ 323021.0 251.393310546875 1
1.170088786449534 0.6242284335909916 4.1112071448030205 = 1.0 @ 320314.0 557.948486328125 1
0.6242284339780938 2.193280047974998 4.111207139185959 = 1.0 @ 318265.0 789.6630859375 1
2.1932800527323173 4.111207142235978 0.6242284347120538 = 1.0 @ 317154.0 914.461181640625 1
2.1932800530170082 7.706277264842887 4.1112071483263435 = 1.0 @ 315595.0 1093.158935546875 1
7.697152903174274 2.1681253837421313 2.154319851552679 = 0.9924217230073012 @ 315394.0 1117.30078125 1
2.1932800493029423 7.706277247956952 1.1700887858134688 = 1.0 @ 314451.0 1222.8115234375 1
1.170088787298795 7.706277265336024 4.111207145275784 = 1.0 @ 310904.0 1625.5927734375 1
4.111207139621039 4.111207138218766 4.111207143923114 = 1.0 @ 309359.0 1801.576904296875 1
2.1932800520598086 2.1932800512473607 1.1700887883025726 = 1.0 @ 308346.0 1914.89990234375 1
7.706378862419461 2.193287299803792 1.1700682964703906 = 0.9999999918091629 @ 307865.0 1968.353515625 1
0.6241865445588086 7.724082380517478 4.113952289445333 = 0.9999037368932913 @ 302596.0 2567.57080078125 1
7.706277250027442 0.6242284336202963 4.111207146965419 = 1.0 @ 301527.0 2687.99072265625 1
7.706328820921895 0.6242304059997196 7.706189810237777 = 0.9999999969413256 @ 299310.0 2938.145751953125 1
0.6242284340871082 4.111207140788875 2.1932800488889006 = 1.0 @ 295301.0 3393.224853515625 1
4.112011171219135 2.1934044620613804 1.1700809962946235 = 0.9999993083026066 @ 288170.0 4196.539794921875 1
1.1700887867079177 4.1112071415056635 2.1932800515982698 = 1.0 @ 287129.0 4313.731689453125 1
0.6242284339538257 1.1700887858222464 4.111207141427341 = 1.0 @ 257784.0 3316.411376953125 1
7.706277254387984 4.1112071380333886 2.1932800483512427 = 1.0 @ 256757.0 3431.001708984375 1
7.706277259893491 2.19328005246787 7.706277249422953 = 1.0 @ 254064.0 3740.0771484375 1
0.6242284337123634 4.1112071376018475 0.33301843539907033 = 1.0 @ 252313.0 175.703125 1
0.6242161553006875 4.1110017986107446 7.706209669888769 = 0.9999999506884558 @ 250096.0 432.771484375 1
0.6242284329120703 7.706277254419336 1.1700887894573073 = 1.0 @ 242587.0 1289.043701171875 1
0.6242284329531999 7.70627725118936 2.1932800491382 = 1.0 @ 240748.0 1502.282958984375 1
7.706277246969102 1.1700887867529375 4.111207141016017 = 1.0 @ 235633.0 2082.245361328125 1
7.727236925870128 7.698492044483542 0.6232828515085567 = 0.9998217240066849 @ 235418.0 2107.6728515625 1
4.126543392784418 0.3335653325236057 4.149279499580264 = 0.9983088960698419 @ 232599.0 2427.92626953125 1
1.170088788695118 7.706277257858749 2.193280052023418 = 1.0 @ 227512.0 3006.547607421875 1
1.1700887872693577 1.1700887878056385 7.70627725905543 = 1.0 @ 213763.0 1187.85888671875 1
7.70627725481328 2.193280051452533 0.6242284346297111 = 1.0 @ 205498.0 2133.97705078125 1
2.1932800503041667 2.193280051366009 0.6242284325677651 = 1.0 @ 193229.0 3564.41845703125 1
4.111207144750006 0.6242284331192232 2.1932800482747403 = 1.0 @ 185724.0 795.0400390625 1
2.1930912590041323 2.1934625319069037 2.19343033956244 = 0.9999996828895048 @ 182933.0 1120.8447265625 1
0.6242284327291676 1.1700887893003826 0.6242284343340176 = 1.0 @ 171056.0 2491.629150390625 1
1.17008878803254 2.193280053216262 2.193280051602925 = 1.0 @ 169231.0 2695.08642578125 1
2.19328005174438 4.111207136976703 2.1932800522288503 = 1.0 @ 160098.0 3735.822265625 1
4.111207148221276 0.6242284333927826 4.111207139089409 = 1.0 @ 157045.0 321.287353515625 1
0.335411049532353 0.6264003564984357 7.383468500373589 = 0.9688891688477177 @ 144580.0 1736.0146484375 1
1.1700887869069057 4.111207139015861 1.1700887883421516 = 1.0 @ 137169.0 2584.446044921875 1
4.111207144953539 0.6242284334483857 7.706277266980287 = 1.0 @ 132264.0 3142.65380859375 1
4.111207144399611 0.6242284341219008 1.1700887873196641 = 1.0 @ 127415.0 3693.62841796875 1
1.1694914754492178 0.6249279581090874 7.745199978056784 = 0.9995518021079572 @ 123266.0 4161.4990234375 1
0.6242284342188843 4.111207150365509 0.6242284346632848 = 1.0 @ 92203.0 209.627685546875 1
7.70598979914403 0.6242319929183047 1.1700693508174964 = 0.9999999716680257 @ 89188.0 554.0009765625 1
0.6242284276490396 2.1932799782655454 7.7062774063605834 = 0.9999999999999738 @ 74791.0 2208.253173828125 1
0.6242284334032501 4.111207136296272 4.111207136470635 = 1.0 @ 68252.0 217.8896484375 1
1.1700887880484752 1.1700887876938164 0.624228434640694 = 1.0 @ 61835.0 945.747802734375 1
4.1108774281109906 2.193266102342658 0.6242533325858473 = 0.9999998656034126 @ 57588.0 1422.678466796875 1
7.706277265195639 0.3330184354636088 4.1112071393950895 = 1.0 @ 56435.0 1553.2236328125 1
2.19539932154999 4.110304851402286 1.1702465815795469 = 0.9999833482543061 @ 44236.0 2930.60302734375 1
7.729996722883428 0.6244735711220986 2.1916732854465657 = 0.9998310811872781 @ 22241.0 888.753662109375 1
