4.141256932124664 2.4770118157203713 = 0.0 @ 199284.0 169.0537109375 1
-3.3951130136758625 -3.317307198061795 = 0.0 @ 198672.0 340.292724609375 1
-1.5615446958866073 4.4000206717697505 = -5.027742680122205e-20 @ 197407.0 691.947998046875 1
1.7577435911248172 1.595737254774186 = -5.6986132051682135e-21 @ 196814.0 858.04248046875 1
-0.4996950653825617 -4.012597084801948 = 0.0 @ 175729.0 1447.790771484375 1
-0.49969563769382314 -4.012597144214585 = -0.07484889612741429 @ 161640.0 2140.595703125 1
-0.4996949197461941 -4.012597510147305 = -0.08714846589937619 @ 161640.0 2140.595703125 1
-0.4996945384058699 -4.012597193298338 = -0.09105134268744323 @ 161640.0 2140.595703125 1
-2.1849843511337528 1.6870539388189643 = 0.0 @ 137339.0 1863.16943359375 1
-2.184984530431703 1.6870539988809345 = -0.04172616851609116 @ 112202.0 2425.22900390625 1
-0.49969506538258884 -4.01259652730383 = -0.05202499778705085 @ 83647.0 4110.606201171875 1
-0.49969551203175616 -4.012597125061115 = -0.07498065159560556 @ 37868.0 2553.50390625 1
