0.16287607224741069 3.7815099725575196 = -7.0437938202016385e-22 @ 198324.0 502.949951171875 1
-0.4996950653825665 -4.012597084801951 = 0.0 @ 196752.0 1012.44091796875 1
-3.395113022936956 -3.3173071969772283 = 0.0 @ 195415.0 1459.3583984375 1
-1.4814715358796275 3.6740226851086693 = -1.53363221214109e-20 @ 194198.0 1858.059326171875 1
-2.18498435113375 1.6870539388189623 = 0.0 @ 192585.0 2385.34716796875 1
4.1412569320670265 2.477011809681477 = 0.0 @ 169928.0 1800.235595703125 1
1.7577435918479911 1.5957372562308232 = 0.0 @ 161103.0 4816.144775390625 1
-0.49969485568888317 -4.012595775739899 = -0.08471745186314666 @ 133410.0 3572.30615234375 1
-0.49969528624103876 -4.012597035509078 = -0.02630553716250552 @ 119025.0 1569.51220703125 1
-0.49969514504921836 -4.012596863135133 = -0.02757802995696803 @ 119025.0 1569.51220703125 1
-0.49969545352524836 -4.012597048375112 = -0.041626120423955304 @ 119025.0 1569.51220703125 1
-2.1849843469625947 1.6870535312004278 = -0.03690114310228992 @ 68161.0 3802.708251953125 1
-2.184984380829595 1.6870525451211578 = -0.0630501278061652 @ 68161.0 3802.708251953125 1
-2.1849849765913825 1.6870534209656025 = -0.07079503920604455 @ 68161.0 3802.708251953125 1
-2.1849846177444805 1.6870530778528874 = -0.08210341175527913 @ 68161.0 3802.708251953125 1
-2.1849841394128506 1.6870527820216603 = -0.08588534870702702 @ 68161.0 3802.708251953125 1
-0.499695505788572 -4.012596665745387 = -0.06770349939053671 @ 51056.0 4221.43994140625 1
-0.4996953893768709 -4.012596936533261 = -0.05042683971342151 @ 27291.0 2604.013671875 1
-0.4996953255392765 -4.012596591643009 = -0.05714987621463653 @ 27291.0 2604.013671875 1
-0.4996937225111677 -4.0125970723339845 = -0.06777031993526249 @ 27291.0 2604.013671875 1
-0.49969427574319886 -4.012596871373761 = -0.06953700662040412 @ 27291.0 2604.013671875 1
-0.4996950653848855 -4.012597239668891 = -0.014121081600370409 @ 25837.0 3147.29052734375 1
-0.49969485366141314 -4.012597491606469 = -0.05315767580853338 @ 14223.0 2195.8583984375 1
-0.4996955178993582 -4.012597609670006 = -0.06739322560843511 @ 14223.0 2195.8583984375 1
-0.4996964502192277 -4.012597251687229 = -0.07654208678376866 @ 14223.0 2195.8583984375 1
-0.4996955699071102 -4.012598457747101 = -0.09782623186318612 @ 14223.0 2195.8583984375 1
-0.4996962607222049 -4.01259661790302 = -0.09965903945475808 @ 14223.0 2195.8583984375 1
