4.111207141823521 4.111207147158708 = 1.0 @ 199332.0 59.42578125 1
7.706277245646291 4.111207146345357 = 1.0 @ 198840.0 113.900146484375 1
4.111207141483013 2.193280049565465 = 1.0 @ 198247.0 183.7353515625 1
4.111207140711936 7.706277254736538 = 1.0 @ 197678.0 246.960693359375 1
4.111207139644119 1.1700887869767584 = 1.0 @ 197109.0 309.982421875 1
7.706277256221265 2.193280049570223 = 1.0 @ 196048.0 427.4951171875 1
7.706277263466319 7.706277253467879 = 1.0 @ 195047.0 538.067626953125 1
7.706277260606624 1.1700887865156278 = 1.0 @ 192906.0 774.397216796875 1
2.1932800507133163 7.706277257693553 = 1.0 @ 192277.0 843.0869140625 1
7.706277256892078 0.6242284332417302 = 1.0 @ 184580.0 1709.33984375 1
2.193280050037346 2.1932800495690667 = 1.0 @ 180679.0 182.681884765625 1
0.6242284337589383 2.1932800531863865 = 1.0 @ 177422.0 557.8125 1
2.1932800463334563 4.111207137514731 = 0.9999999999999998 @ 176841.0 625.564453125 1
1.170088785404312 1.1700887885507318 = 1.0 @ 175096.0 823.788818359375 1
2.193280051649264 1.1700887870568526 = 1.0 @ 174107.0 934.765869140625 1
0.6242284332553675 4.11120714180761 = 1.0 @ 172114.0 104.172119140625 1
4.111207146133339 0.6242284335327922 = 1.0 @ 171005.0 227.46240234375 1
0.6242284339491068 7.7062772497177345 = 1.0 @ 169692.0 378.127197265625 1
1.1700919455036392 7.706254039346903 = 0.9999999995909779 @ 168307.0 535.293212890625 1
4.111207144055558 0.3330184353607937 = 1.0 @ 165194.0 892.04833984375 1
0.3281712106757202 0.6364971824267768 = 0.985194034654675 @ 164793.0 937.16357421875 1
1.1700887870998962 0.6242284327765317 = 1.0 @ 151164.0 213.91357421875 1
1.1700887883449969 2.1932800529596963 = 1.0 @ 145171.0 894.710693359375 1
1.1716367206301903 4.110312956001188 = 0.9999551226443908 @ 134994.0 370.88671875 1
0.6242284337651193 0.33301843571742024 = 1.0 @ 117381.0 131.407958984375 1
0.333018435102179 4.111207147676116 = 0.9999999999999999 @ 116776.0 198.513671875 1
0.332386789102403 7.725635891924278 = 0.9997525345475908 @ 100515.0 814.14013671875 1
0.629620177618383 0.6259041481938425 = 0.9979723184373326 @ 79146.0 815.2314453125 1
2.1927058306721463 0.6240856040922678 = 0.9999969768091654 @ 78865.0 844.75146484375 1
7.7062772619450435 0.33301843526965463 = 1.0 @ 72192.0 524.068359375 1
2.1748473766566665 0.3310818610080051 = 0.9973702343745001 @ 70435.0 716.977783203125 1
