-7.083506405998382 5.482864205583474 4.858056880009771 = 2709.0935055728282 @ 398744.0 126.817138671875 1
-7.083506407852739 -7.7083137350597095 5.482864205159094 = 2709.0935055728282 @ 396476.0 401.531005859375 1
-7.0835064074668495 -7.083506406900342 -1.425128427301973 = 2709.093505572828 @ 395309.0 540.030029296875 1
-7.0835064083901305 5.482864206414532 -1.4251284298635443 = 2709.093505572828 @ 391874.0 946.25732421875 1
4.858056878457022 -0.8003210999942081 -0.800321101562839 = 2709.0935055728282 @ 389307.0 1255.459228515625 1
5.482864206827418 -1.4251284290009627 -0.8003210995986382 = 2709.093505572828 @ 388098.0 1399.2275390625 1
-7.083506410483708 4.858056876839905 5.4828642084970625 = 2709.0935055728282 @ 385727.0 1685.78759765625 1
-0.8003211013416641 -7.708313735073281 -7.083506404457116 = 2709.0935055728282 @ 384546.0 1825.5029296875 1
-0.8003211002736491 5.482864206209547 -1.425128429393908 = 2709.093505572828 @ 383323.0 1970.06494140625 1
-7.083506406815205 4.858056877885483 -7.083506407260019 = 2709.0935055728282 @ 377326.0 2694.927001953125 1
-7.08350640818256 -0.800321100408875 4.858056878299516 = 2709.0935055728282 @ 376215.0 2829.29248046875 1
-7.083506407724588 -1.425128428316383 -7.08350640718591 = 2709.093505572828 @ 370316.0 3536.57958984375 1
5.4828642062893875 4.8580568777982425 5.48286420720414 = 2709.0935055728282 @ 365495.0 4119.478759765625 1
5.4828642077067595 5.4828642077895315 4.858056879840037 = 2709.0935055728282 @ 361822.0 4559.458984375 1
-7.0840582754429775 -7.709207158441769 -7.082675297765297 = 2709.034615515599 @ 358583.0 4953.86865234375 1
-1.4251284273127849 -7.083506408675484 -7.083506410783305 = 2709.093505572828 @ 351788.0 5770.7705078125 1
5.4828642052451055 -7.7083137347289234 -0.8003211000668754 = 2709.0935055728282 @ 349445.0 6054.413330078125 1
5.482864205184381 4.858056878789357 -7.0835064063546485 = 2709.0935055728282 @ 335164.0 293.72705078125 1
-1.4251284271584619 5.482864205071418 5.4828642075687934 = 2709.0935055728282 @ 333871.0 448.10009765625 1
-7.083506407408409 -7.0835064055227 4.858056878678754 = 2709.0935055728287 @ 331710.0 710.58984375 1
-0.8003215024383112 -7.083506182620963 4.858056497615159 = 2709.0935055611085 @ 331019.0 796.533203125 1
4.858056877330542 -7.083506407802429 5.482864206722447 = 2709.0935055728282 @ 321508.0 1940.2119140625 1
5.482864207890537 -0.8003210994951833 -7.708313736021031 = 2709.0935055728287 @ 311003.0 3220.779296875 1
5.482864207019388 -7.7083137361910925 5.482864207132214 = 2709.0935055728287 @ 309906.0 3352.61669921875 1
-7.083506663270122 -7.083505475649761 -7.70831375986109 = 2709.0935055428645 @ 299233.0 4634.336669921875 1
-1.425128428081767 5.482864208420516 -7.083506407944469 = 2709.093505572828 @ 287766.0 153.8212890625 1
-0.8003210997197736 4.858056878669111 -7.083506406233278 = 2709.0935055728282 @ 280887.0 976.450927734375 1
-0.80032109974488 -1.4251284280063223 -7.083506405921627 = 2709.093505572828 @ 275534.0 1625.04833984375 1
-7.708313733781384 5.482864207424705 -7.083506407800102 = 2709.0935055728282 @ 269397.0 2366.196533203125 1
-0.8003211006549483 -7.7083137346392245 -0.8003211005533822 = 2709.0935055728282 @ 254636.0 4151.307861328125 1
-7.7083137360566365 -0.8003211015297982 -0.8003210996079296 = 2709.0935055728282 @ 244677.0 5350.91796875 1
4.858055879597694 5.482864642004002 5.482867254642789 = 2709.0935052351538 @ 236598.0 953.235595703125 1
-7.083506122611976 -1.4251283884190378 -0.8003217071935645 = 2709.0935055583673 @ 226051.0 2226.904052734375 1
-7.083506605410212 4.858057628506044 -0.8003208063539974 = 2709.0935055497966 @ 222896.0 2605.810546875 1
-1.425128428087447 -0.8003211011154706 -0.8003211021816338 = 2709.093505572828 @ 216647.0 3364.0546875 1
4.858056878807881 -0.8003210998421545 5.482864206883103 = 2709.0935055728282 @ 215004.0 3560.338623046875 1
-7.708313735289115 5.4828642060242805 5.482864205753501 = 2709.0935055728282 @ 209133.0 4265.473876953125 1
-7.083506682454217 -1.4251300056078 5.482864968111019 = 2709.0935054676966 @ 202534.0 5058.71923828125 1
-0.8003211001335102 5.482864206362839 -7.708313734526405 = 2709.0935055728287 @ 194973.0 276.59814453125 1
-7.7083137325791125 -0.8003211020478631 -7.083506408293468 = 2709.0935055728282 @ 193806.0 415.53759765625 1
-0.8003210998741237 5.482864207691484 4.858056877653228 = 2709.0935055728282 @ 177085.0 2438.10205078125 1
-7.708313736782776 -7.083506409175453 -7.083506408954962 = 2709.0935055728282 @ 169226.0 3393.03515625 1
5.482861638135479 -1.4251300204747308 -7.083503018868824 = 2709.0935049074174 @ 153485.0 5314.240478515625 1
-0.8003211001342192 -7.083506410295408 -7.70831373702377 = 2709.0935055728287 @ 149662.0 195.513427734375 1
5.482864207205387 -7.0835064083747845 -7.708313738544204 = 2709.093505572828 @ 148383.0 350.437255859375 1
-0.8003222954858658 -1.425128419490383 -0.8003212679204047 = 2709.093505526141 @ 131956.0 2357.924072265625 1
-7.708313734671625 -0.8003211006520464 5.482864207988567 = 2709.0935055728282 @ 128283.0 2810.262451171875 1
4.858057040085997 5.482864280566344 -0.8003210757967397 = 2709.0935055717537 @ 117652.0 4113.5244140625 1
5.482864206159269 -1.4251284274880258 5.48286420307508 = 2709.093505572828 @ 105051.0 889.09765625 1
-7.08350640652849 -7.708313735719633 -0.8003210988046878 = 2709.0935055728282 @ 103884.0 1032.83251953125 1
-1.4251284297154934 -7.083506407566761 5.482864205450434 = 2709.093505572828 @ 95227.0 2089.571044921875 1
-0.800321471144978 4.858057182703441 5.482864511453765 = 2709.093505562323 @ 83854.0 3473.0537109375 1
4.8580568809292135 -7.083506408704605 -0.8003211026285253 = 2709.0935055728282 @ 68131.0 390.687744140625 1
5.482864207934767 -7.08350640758564 -1.4251284284131105 = 2709.093505572828 @ 42184.0 3552.909423828125 1
-1.425128427916572 -0.8003211002332596 5.482864206327774 = 2709.0935055728287 @ 13287.0 1257.59521484375 1
-7.083506406888596 5.482864205954027 -7.708313736879203 = 2709.0935055728282 @ 9768.0 1689.307373046875 1
-0.800321099468695 -0.8003211006443335 4.858056878905225 = 2709.0935055728287 @ 3925.0 2409.3134765625 1
