0.8333333334576407 0.8750000003680235 = -2.0 @ 199224.0 70.301025390625 1
0.5000000002155893 0.3749999999352265 = -2.0 @ 198564.0 142.783203125 1
0.8333333334552344 0.6250000002435371 = -2.0 @ 197875.0 218.736572265625 1
0.8333333332703245 0.3750000001104294 = -2.0 @ 196466.0 375.020263671875 1
0.5000000000874164 0.8750000000031132 = -2.0 @ 195165.0 517.9111328125 1
0.16666666685522835 0.3749999999632686 = -2.0 @ 193828.0 662.077880859375 1
0.16666666640730096 0.6250000001277378 = -2.0 @ 193139.0 736.40234375 1
0.8333333334901182 0.12500000001102543 = -2.0 @ 191814.0 880.3544921875 1
0.50000000006229 0.6249999996999331 = -2.0 @ 190465.0 1027.974609375 1
0.16666666692285848 0.8750000000381363 = -2.0 @ 187772.0 1332.814453125 1
0.1666684636076939 0.1249991899105557 = -2.000000007028106 @ 176923.0 143.4189453125 1
0.49840099933286586 0.1303744156972929 = -2.0860651385633684 @ 156662.0 229.79443359375 1
