7.706277262739384 7.706277254165215 4.111207138263615 = 1.0 @ 398954.0 97.022705078125 1
4.111207145827307 1.170088786823981 7.7062772504062265 = 1.0 @ 398100.0 193.289794921875 1
2.193280049542326 4.11120713962579 4.111207145184094 = 1.0 @ 397227.0 290.897216796875 1
4.111207143310864 7.706277258104892 7.706277261774982 = 1.0 @ 396340.0 389.5712890625 1
4.1112071448336085 7.706277263196651 4.111207143691949 = 1.0 @ 395495.0 483.106201171875 1
4.111207144867302 2.1932800484653425 4.11120713873748 = 1.0 @ 394580.0 583.973388671875 1
4.111207146791919 0.6242284334976588 7.706277260812291 = 1.0 @ 393679.0 683.57958984375 1
7.706277259957406 7.706277256703998 1.1700887875532955 = 1.0 @ 392596.0 802.877685546875 1
7.706277249859376 7.706277259552963 7.706277258790275 = 1.0 @ 390911.0 988.203125 1
7.706277247647712 7.706277262905556 0.333018435223491 = 1.0 @ 389828.0 1108.31005859375 1
4.1182659993557795 4.100181077138125 0.33297713201998774 = 0.9998304990897725 @ 384881.0 1661.05517578125 1
7.836043601280858 0.6256573718568069 4.1284138607626835 = 0.9949854483700566 @ 382482.0 1925.419189453125 1
4.1112071417780065 2.1932800475832193 7.706277258462084 = 1.0 @ 381455.0 2038.20849609375 1
7.706277252794717 1.17008878718904 4.111207141176367 = 1.0 @ 378706.0 2342.458740234375 1
7.7062772571607505 4.111207145963156 7.7062772565847135 = 1.0 @ 377875.0 2434.447021484375 1
2.1932800506899612 7.70627725503468 4.111207144016896 = 1.0 @ 376932.0 2538.197998046875 1
1.1700887769581512 7.706277025876775 1.1700887685303922 = 0.9999999999999793 @ 375961.0 2645.43701171875 1
1.170088786218525 2.1932800495696507 7.706277262253453 = 1.0 @ 375130.0 2738.170654296875 1
2.193280048196233 2.19328005059062 7.7062772523641785 = 1.0 @ 373949.0 2868.879638671875 1
2.193280050162949 7.706277245514987 7.706277256184237 = 1.0 @ 373062.0 2965.947021484375 1
7.706277261307501 0.624228432699313 7.706277263223545 = 1.0 @ 371293.0 3161.94287109375 1
4.111207143085595 7.7062772566745315 2.1932800541471797 = 1.0 @ 370210.0 3280.822509765625 1
1.1700887861999927 7.706277258784906 4.111207136628344 = 1.0 @ 369267.0 3383.329833984375 1
7.706277253882035 4.1112071395468055 4.111207140414419 = 1.0 @ 367470.0 3579.59912109375 1
7.70619318119825 4.1113075099466325 0.6242295603641177 = 0.9999999880288637 @ 366345.0 3703.62255859375 1
1.1700887874890638 1.1700887864985765 7.706277255964473 = 1.0 @ 365458.0 3801.643310546875 1
7.706277258020744 1.17008878800845 7.706277247195945 = 1.0 @ 359657.0 4439.204833984375 1
7.706277256501135 2.1932800526744494 7.7062772595146525 = 1.0 @ 355354.0 4912.093994140625 1
7.706277252974834 2.193280047953487 2.193280049857075 = 1.0 @ 354243.0 5033.359130859375 1
7.706277261785316 2.1932800487715878 1.170088787350641 = 1.0 @ 348778.0 5633.199951171875 1
7.70643176592422 7.706178446917376 2.193315007241031 = 0.9999999863265334 @ 348147.0 47.853515625 1
0.6237300090511371 7.705344693112712 7.758223487870678 = 0.9992371786498843 @ 345370.0 352.672119140625 1
2.1932800489000543 7.706277247697994 2.1932800484146573 = 1.0 @ 344539.0 443.9345703125 1
2.1932800469139093 2.1932800501416994 2.1932800526481735 = 1.0 @ 343638.0 543.404541015625 1
1.1700887864704643 0.6242284338195252 4.1112071359503375 = 1.0 @ 342527.0 664.9677734375 1
2.1932800520708096 4.111207142030449 7.706277249384242 = 1.0 @ 341640.0 762.4609375 1
2.1932800532186834 7.706277255592954 0.6242284340630981 = 1.0 @ 340641.0 872.626220703125 1
0.6242284339001927 7.706277264114212 2.1932800500525222 = 1.0 @ 339614.0 986.853759765625 1
1.1699766283935054 7.696362789366513 7.7200144139107625 = 0.9999193601007803 @ 338615.0 1097.95068359375 1
2.193280051453397 4.111207142572545 2.193280051632005 = 1.0 @ 337742.0 1195.375732421875 1
2.1932800496184446 2.1932800498581266 0.6242284332681899 = 1.0 @ 335931.0 1397.878173828125 1
7.70627725660877 4.111207144431118 2.1932800518009823 = 1.0 @ 334988.0 1501.51806640625 1
0.33301843562566946 4.111207143333829 7.7062772440469525 = 1.0 @ 333975.0 1614.4931640625 1
4.1109084430462275 0.6242240687889561 0.333029230300467 = 0.999999893687757 @ 332360.0 1792.447998046875 1
2.193280051298357 2.19328004800964 4.111207136469103 = 1.0 @ 331501.0 1887.81884765625 1
1.1700887883909792 1.1700887854302702 4.111207137512085 = 1.0 @ 330516.0 1997.284423828125 1
4.1112065687090125 4.111207620405906 2.193280513648011 = 0.9999999999987077 @ 328789.0 2192.843505859375 1
1.1700887873757426 2.19328004927145 4.111207142654229 = 1.0 @ 327230.0 2368.2958984375 1
2.1932800490857036 7.706277246419999 1.1700887868448342 = 1.0 @ 326203.0 2481.852783203125 1
1.1700887865144587 7.706277258509069 2.1932800510013446 = 1.0 @ 324448.0 2677.284423828125 1
2.1932800515751194 4.111207141146455 1.1700887884896858 = 1.0 @ 322287.0 2920.676513671875 1
4.111207142038749 2.193280050642019 2.1932800519292486 = 1.0 @ 321330.0 3025.965087890625 1
0.333018435755005 2.193280052126602 2.193280048735195 = 1.0 @ 319239.0 3256.2548828125 1
7.706277266687452 2.1932800495687164 0.6242284335867238 = 1.0 @ 311464.0 4122.125732421875 1
4.11120714248986 4.1112071459010915 7.706277257434347 = 1.0 @ 309013.0 252.42724609375 1
2.1932800512720703 1.170088788104788 7.706277260926955 = 1.0 @ 303744.0 838.918212890625 1
7.7062643971031894 2.1932305523939273 4.111274927662116 = 0.9999999869339669 @ 297957.0 1483.84033203125 1
4.098853961663308 7.785534152158981 1.1732159671202347 = 0.9979869194207305 @ 294438.0 1871.904296875 1
7.706277250804676 0.3330184354509553 4.111207147718304 = 1.0 @ 288539.0 2532.08251953125 1
4.111207141695238 4.111207141742566 4.111207140054172 = 1.0 @ 285762.0 2842.190673828125 1
4.112537777499681 1.1701291639048637 2.193510606413456 = 0.999998050640269 @ 272307.0 673.84521484375 1
0.33333629399907994 7.667886447477316 1.1698607049319623 = 0.9995685818521112 @ 269866.0 943.423828125 1
4.111207145570588 1.170088787260727 4.111207143431175 = 1.0 @ 263897.0 1608.581298828125 1
7.706272531786978 4.111192350255148 1.1700891197339762 = 0.9999999997766162 @ 262100.0 1809.187744140625 1
1.1700922608859041 4.111277424862807 4.111265086286329 = 0.9999999916718054 @ 261661.0 1858.62841796875 1
7.706277252791235 0.6242284330783634 2.193280051928465 = 1.0 @ 260662.0 1968.49755859375 1
7.706277256405775 1.1700887856666407 1.1700887884209303 = 1.0 @ 259327.0 2117.9287109375 1
0.6088604988075894 2.1837585077186246 4.121818620377829 = 0.9892712525106362 @ 254212.0 2691.40087890625 1
7.706277257216765 1.170088786628753 2.193280051928936 = 1.0 @ 251295.0 3016.245849609375 1
4.111207148115259 0.6242284333305185 2.1932800536141923 = 1.0 @ 244990.0 3719.0302734375 1
0.6242284341971127 4.111207144527529 7.70627725567971 = 1.0 @ 241237.0 141.30126953125 1
4.106064468451375 7.582791322299431 0.6274320092878943 = 0.9951975972678333 @ 233588.0 996.705078125 1
1.1700887876509332 4.111207143532443 7.706277257597625 = 1.0 @ 227381.0 1700.43603515625 1
1.170088784998058 2.1932800558705665 0.6242284351247281 = 0.9999999999999998 @ 211056.0 242.063720703125 1
0.33278921835390146 7.725084698725731 4.109469141984475 = 0.9998900951858001 @ 207901.0 594.641357421875 1
4.111207142661017 2.1932800492895765 0.6242284345125746 = 1.0 @ 202828.0 1165.116455078125 1
0.6242284341452031 4.111207144928894 1.1700887875423291 = 1.0 @ 198469.0 1655.14599609375 1
2.193280051970138 4.111207145926329 0.6242284333565437 = 1.0 @ 196630.0 1863.15087890625 1
0.6242284334116854 1.170088787214539 1.1700887869252792 = 1.0 @ 195197.0 2026.80712890625 1
0.6242284341505951 7.70627726629269 4.111207146122599 = 1.0 @ 179316.0 3798.548583984375 1
7.653480175845405 7.726190543753857 0.6244932161321174 = 0.9990986141315028 @ 158693.0 2226.5625 1
2.193280048420399 1.1700887868643417 4.111207143223469 = 1.0 @ 137006.0 1411.102294921875 1
7.722622575307752 0.33321581762733177 7.73563353103233 = 0.9996784184917717 @ 133095.0 1851.25927734375 1
7.713935037955207 0.6241991186483933 1.1700625813457373 = 0.9999835137950035 @ 120910.0 3222.6865234375 1
4.1112071450895415 2.19328005049369 1.170088788015329 = 1.0 @ 118833.0 3456.974365234375 1
2.193280049638946 0.6242284329809257 4.11120714807546 = 1.0 @ 116546.0 3715.330078125 1
4.111207140395588 1.170088786606661 1.1700887875832826 = 1.0 @ 106503.0 4852.34130859375 1
1.1740042656924001 0.6246801073640027 7.792968720934196 = 0.9977217768068176 @ 96016.0 1058.802734375 1
0.6242284334566349 0.6242284333377167 1.1700887876513284 = 1.0 @ 91111.0 1616.345458984375 1
0.6242284331045129 2.1932800530682246 7.706277258000746 = 1.0 @ 73032.0 3684.696044921875 1
4.110658123485754 1.170058525445866 0.624208825402993 = 0.9999996751410125 @ 54873.0 1455.10205078125 1
4.111207138657989 4.1112071431649575 1.1700887865316376 = 1.0 @ 53888.0 1568.001708984375 1
4.11350272377183 0.6245375286523998 4.110548454937585 = 0.99999029429079 @ 53477.0 1614.7587890625 1
1.1700887862852087 2.193280053683265 2.193280050678635 = 1.0 @ 52590.0 1715.4404296875 1
1.1700887891080374 2.1932800469444613 1.1700887865044483 = 1.0 @ 51549.0 1833.180419921875 1
0.33301843566811423 4.111207145934905 2.193280054445794 = 1.0 @ 43424.0 2749.00341796875 1
0.6242284336967405 2.1932800536405193 1.1700887863535123 = 1.0 @ 32499.0 3989.0126953125 1
1.1698247236535726 4.109345179019096 0.3329859785009647 = 0.9999955724534715 @ 29792.0 4294.11572265625 1
0.6243132846987521 0.6241287153139481 4.108616556491401 = 0.9999926448739758 @ 23267.0 414.0712890625 1
2.179285635781796 0.624751889550051 7.6384867853925495 = 0.9980053213080249 @ 20462.0 729.127685546875 1
