0.16287607224592934 3.78150997256164 = -1.1871150512259671e-21 @ 199224.0 208.301025390625 1
-2.1849843511337523 1.6870539388189756 = 0.0 @ 195912.0 1266.5 1
4.141256931933897 2.4770118109535515 = 0.0 @ 194959.0 1571.054443359375 1
-1.4814715359607757 3.674022685190968 = -3.870808148567569e-19 @ 192662.0 2300.906494140625 1
-0.4996950653825743 -4.012597084801942 = 0.0 @ 184017.0 5084.44287109375 1
-3.3951130221938586 -3.3173071978136335 = 0.0 @ 174788.0 187.384765625 1
1.75774359036718 1.595737255089985 = 0.0 @ 170739.0 1585.8642578125 1
-2.1849843639527826 1.6870537840601911 = -0.01869653620839646 @ 136782.0 3574.266845703125 1
-2.1849841962099528 1.6870540169636048 = -0.02257830878306822 @ 136782.0 3574.266845703125 1
-2.1849842176637244 1.6870537098949123 = -0.0349295916944139 @ 136782.0 3574.266845703125 1
-2.1849847867409387 1.687053471510996 = -0.06270909210393852 @ 136782.0 3574.266845703125 1
-0.49969508555904013 -4.012596936041675 = -0.020107224728348732 @ 120197.0 4236.07861328125 1
-0.49969516773860523 -4.012596999643409 = -0.025669013820073232 @ 120197.0 4236.07861328125 1
-0.4996949241020184 -4.012597042542465 = -0.026597687829787157 @ 120197.0 4236.07861328125 1
-0.4996953030867702 -4.012597024095115 = -0.027104689087324788 @ 120197.0 4236.07861328125 1
-0.4996949127164519 -4.012596880123714 = -0.0332550494348136 @ 116722.0 924.809814453125 1
-0.49969508829656734 -4.012598302416716 = -0.07478905288418124 @ 116722.0 924.809814453125 1
-0.4996965539254253 -4.01259697444567 = -0.08669694729811929 @ 116722.0 924.809814453125 1
-0.4996955107974693 -4.012597024702579 = -0.04069167830701909 @ 103592.0 557.82373046875 1
-0.49969367154672734 -4.0125970848003725 = -0.05648435254939662 @ 92201.0 4453.986083984375 1
-0.4996950225469756 -4.01259730990331 = -0.025792255331984676 @ 80827.0 2264.932861328125 1
-0.4996952025167632 -4.0125975488445675 = -0.04541407849714538 @ 80827.0 2264.932861328125 1
-0.4996941345837836 -4.012597030451101 = -0.066044770817357 @ 80827.0 2264.932861328125 1
-0.4996946203093572 -4.012597814224649 = -0.07347302097836601 @ 80827.0 2264.932861328125 1
-0.49969292005551214 -4.012596918745661 = -0.09199267241753373 @ 80827.0 2264.932861328125 1
-0.49969522641649095 -4.012597269757135 = -0.03525233301883567 @ 46779.0 3041.5068359375 1
-0.49969514304528384 -4.012597459284737 = -0.04553078683244848 @ 46779.0 3041.5068359375 1
-0.4996945459796105 -4.012596931275499 = -0.05004386623868885 @ 46779.0 3041.5068359375 1
-2.1849843334064105 1.6870536428214444 = -0.03388190344171981 @ 1506.0 2452.58349609375 1
-2.184983956461414 1.6870538806772142 = -0.04302980545779052 @ 1506.0 2452.58349609375 1
-2.184984692433667 1.6870532406083347 = -0.07038082595137672 @ 1506.0 2452.58349609375 1
-2.184984517124365 1.6870554061093295 = -0.08269814285759972 @ 1506.0 2452.58349609375 1
-2.184984178347823 1.687054899129557 = -0.0839351802887601 @ 1506.0 2452.58349609375 1
-2.1849840558759523 1.6870548121804338 = -0.08803929669143407 @ 1506.0 2452.58349609375 1
