-2.184984351133756 1.6870539388189674 = 0.0 @ 198888.0 311.989990234375 1
-3.395113021447584 -3.3173071976740136 = 0.0 @ 197232.0 842.996337890625 1
0.1628760722501747 3.781509972564641 = -4.314707432333095e-21 @ 196567.0 1052.941650390625 1
-0.49969506538256714 -4.012597084801952 = 0.0 @ 194234.0 1802.099853515625 1
-1.4814715359162467 3.674022685096028 = -2.7772184414350114e-20 @ 190965.0 2847.515869140625 1
1.757743591341648 1.5957372552844933 = 0.0 @ 179584.0 6509.926513671875 1
4.141256933403864 2.4770118105005214 = 0.0 @ 177251.0 7273.197509765625 1
-0.499696460800615 -4.012597181643912 = -0.07156592515058863 @ 151490.0 2506.393798828125 1
-0.499697148490452 -4.012597341325209 = -0.0887531217478598 @ 151490.0 2506.393798828125 1
-0.4996946270563622 -4.01259727039837 = -0.05134524829423678 @ 150764.0 2766.64990234375 1
-0.4996949551583321 -4.012597450589765 = -0.055007961904180384 @ 150764.0 2766.64990234375 1
-0.49969443221268584 -4.012597798210881 = -0.0745849951518207 @ 150764.0 2766.64990234375 1
-0.4996946229436527 -4.012597935117888 = -0.08701021994467291 @ 150764.0 2766.64990234375 1
-0.49969482209909777 -4.012598076812776 = -0.0913429367376294 @ 17428.0 356.18115234375 1
-0.4996950394029074 -4.012596937149576 = -0.020274959041944398 @ 6731.0 4126.9609375 1
-0.4996951234653279 -4.012597262243763 = -0.02635800048507983 @ 6731.0 4126.9609375 1
-0.4996949128082317 -4.0125969911749 = -0.028801524680560776 @ 6731.0 4126.9609375 1
-0.4996949113490309 -4.012596874601323 = -0.03296336113436549 @ 6731.0 4126.9609375 1
-0.4996948013531551 -4.012597303622851 = -0.044556708627832974 @ 6731.0 4126.9609375 1
-0.49969498109614313 -4.01259671156137 = -0.04822714702899439 @ 6731.0 4126.9609375 1
