0.8333333330939335 0.8749999999153937 = -2.0 @ 199104.0 81.25830078125 1
0.8333333326373434 0.6250000001318168 = -2.0000000000000018 @ 197784.0 225.589599609375 1
0.16666666666021737 0.8750000000355055 = -2.0 @ 197131.0 295.3759765625 1
0.16666666629408872 0.3750000003982589 = -2.0 @ 196490.0 363.83154296875 1
0.8333333331794781 0.3749999999993823 = -2.0 @ 195669.0 450.096435546875 1
0.5000000003974697 0.37500000027228836 = -2.0 @ 195004.0 520.411376953125 1
0.4999999997389355 0.625000000066529 = -2.0 @ 191687.0 880.326416015625 1
0.4999999998745712 0.12499999974458417 = -2.0 @ 189594.0 1103.6806640625 1
0.16666666583722062 0.12500000013835413 = -2.0000000000000018 @ 186961.0 1386.783203125 1
0.5000000002371788 0.8749999999855793 = -2.0 @ 184244.0 1675.263427734375 1
0.8333333335696217 0.12500000034736644 = -2.0 @ 181623.0 1960.040283203125 1
0.1666672948583649 0.6249994947895344 = -2.0000000013564545 @ 176138.0 210.3818359375 1
