-7.083506407894086 5.482864204937431 4.858056880279055 = 2709.0935055728282 @ 398674.0 142.8857421875 1
-0.8003210988417859 -0.800321101935772 -7.70831373421896 = 2709.0935055728282 @ 397442.0 297.26416015625 1
-0.8003211007440371 4.858056879879088 5.482864205189091 = 2709.0935055728282 @ 395155.0 581.5859375 1
-0.8003211012075075 -1.4251284299760516 5.4828642072578 = 2709.093505572828 @ 387954.0 1480.075439453125 1
-0.8003210990604102 -7.70831373603677 -0.8003211001213049 = 2709.0935055728282 @ 386647.0 1645.5751953125 1
4.858056878369043 5.482864207822341 5.482864207496152 = 2709.0935055728282 @ 383534.0 2030.860595703125 1
-7.0835064075419005 4.858056879518928 -7.0835064084656985 = 2709.0935055728282 @ 377481.0 2776.970458984375 1
-7.70831373637103 -0.8003210989779692 -7.083506408566395 = 2709.0935055728287 @ 375026.0 3081.86669921875 1
5.482864205510977 -7.708313736080916 -7.0835064082909485 = 2709.0935055728282 @ 372767.0 3362.105712890625 1
4.858056880984628 5.48286420805637 -0.8003210980058844 = 2709.093505572828 @ 371642.0 3501.468994140625 1
-7.083506408566793 -0.8003210976131189 -1.425128428862183 = 2709.093505572828 @ 358575.0 5134.503173828125 1
-7.0835064084962704 4.858056878530904 5.482864206345194 = 2709.0935055728282 @ 356316.0 5415.9248046875 1
-0.8003211007237282 -7.7083137348277315 -7.08350640749596 = 2709.0935055728282 @ 351621.0 6001.774169921875 1
-0.8003210990901239 -7.708313734165321 5.482864208473589 = 2709.0935055728282 @ 349236.0 6300.797607421875 1
5.4828642074143 5.482864205768694 4.858056879045593 = 2709.093505572828 @ 346725.0 6614.078125 1
-7.708313736134889 -0.8003211017507592 5.482864205053749 = 2709.0935055728287 @ 343024.0 7079.7998046875 1
4.858056877294652 -0.8003210996843798 5.482864205814023 = 2709.0935055728282 @ 340461.0 140.130126953125 1
-1.4251284272695992 5.482864206552786 -0.8003210998027879 = 2709.093505572828 @ 339308.0 287.504150390625 1
4.858056598983793 -7.0835064436163515 -0.8003212174229264 = 2709.0935055696973 @ 338561.0 381.255859375 1
4.858056350251337 -7.083506562159032 -7.083506955685278 = 2709.093505552983 @ 337926.0 461.060791015625 1
5.482864205452887 -0.800321101506897 4.858056878118072 = 2709.0935055728282 @ 335331.0 788.777587890625 1
-1.4251284261543335 -0.8003211007883907 -0.8003211000222868 = 2709.093505572828 @ 332806.0 1102.51220703125 1
5.4828642090536155 5.482864206125465 -7.708313734662502 = 2709.0935055728282 @ 330337.0 1414.365478515625 1
-0.8003208466108065 -7.083506506742255 -1.4251284156065196 = 2709.0935055704404 @ 320504.0 2644.256103515625 1
5.4828642077225345 -0.8003211017273957 -1.4251284300895681 = 2709.093505572828 @ 313989.0 3458.035400390625 1
-7.083507302586803 5.482865598544355 -1.4251285673969303 = 2709.0935054843876 @ 302224.0 4917.702392578125 1
-0.8003207069271985 4.8580151905251565 -0.800290108122358 = 2709.0934160089087 @ 297575.0 387.98974609375 1
-0.8003208799692947 5.482864446506356 -1.4251274630872615 = 2709.093505537921 @ 294574.0 757.01220703125 1
-0.8003210986306443 5.482864205011032 -7.70831373653221 = 2709.0935055728282 @ 288633.0 1507.35205078125 1
-7.083506408320297 -1.4251284265333068 -7.0835064065982545 = 2709.093505572828 @ 282692.0 2256.73828125 1
-7.083506406576331 5.482864207742111 -7.708313734758532 = 2709.0935055728287 @ 280279.0 2559.9326171875 1
-0.8003210977260009 -0.8003211022265685 4.858056879466639 = 2709.0935055728282 @ 276606.0 3023.37744140625 1
-0.8003211001861863 -7.083506405838799 4.858056877942674 = 2709.0935055728282 @ 272149.0 3584.55859375 1
-7.083506410466073 4.858056877566122 -0.800321100499732 = 2709.0935055728282 @ 253528.0 608.614501953125 1
-7.083506407336666 -7.083506409114727 -7.708313736086891 = 2709.0935055728282 @ 247279.0 1387.30712890625 1
-7.083506408082532 -0.8003211002697018 4.858056877825371 = 2709.0935055728287 @ 246112.0 1530.237548828125 1
5.484157127736671 5.483505242233224 -1.4248591107751276 = 2709.0242969284614 @ 240199.0 2265.866943359375 1
-7.70831373551796 5.4828642070411 -0.8003211011899228 = 2709.0935055728282 @ 229554.0 3588.03076171875 1
5.482864863215432 4.858056727861817 5.48286390037274 = 2709.0935055552295 @ 229017.0 3653.909423828125 1
5.482864207727288 -1.4251284287413308 5.482864206359165 = 2709.093505572828 @ 225484.0 4090.26123046875 1
-1.425128371284669 -7.083506720025915 5.482863917723476 = 2709.0935055669106 @ 213285.0 5613.221923828125 1
-7.708313736915313 -0.8003211016185982 -0.800321100694187 = 2709.0935055728282 @ 207292.0 283.3046875 1
-7.08350643957778 -7.708313608125687 -7.0835060416149584 = 2709.0935055679483 @ 200861.0 1100.015380859375 1
5.482864207291569 -1.4251284284532035 -7.083506407176959 = 2709.093505572828 @ 191518.0 2259.90234375 1
5.482864208166433 -1.4251284274329865 -0.8003211006425832 = 2709.093505572828 @ 182903.0 3320.846923828125 1
-7.083506407945238 -7.083506408575566 -1.4251284258121102 = 2709.093505572828 @ 174918.0 4303.050537109375 1
-1.4251284272546019 -7.083506407427238 -7.083506407550191 = 2709.0935055728282 @ 162369.0 5854.943359375 1
-7.083506433431114 -1.4251283074551313 5.482863601804282 = 2709.093505560581 @ 144014.0 2220.80078125 1
-7.708314079298862 -7.083506405852211 -7.083505400533854 = 2709.0935055363116 @ 136337.0 3158.74560546875 1
5.482864206012009 4.858056878922847 -7.083506407750884 = 2709.0935055728287 @ 133980.0 3450.565185546875 1
4.858056879393979 5.48286420734718 -7.083506409230106 = 2709.0935055728282 @ 130447.0 3874.849365234375 1
-7.083506408033026 -7.083506407576693 4.858056878768865 = 2709.0935055728287 @ 121342.0 4992.952880859375 1
5.482864205203906 -0.8003211033138499 -7.708313734670133 = 2709.0935055728282 @ 93733.0 2743.091796875 1
5.482864668563783 -7.083506597298507 -7.708313236987607 = 2709.093505556432 @ 93028.0 2827.936767578125 1
-7.708313737086952 5.482864208618855 -7.083506407442978 = 2709.0935055728282 @ 90587.0 3124.87353515625 1
-1.4251284277931022 -0.8003211015438624 -7.083506409498036 = 2709.093505572828 @ 79382.0 4496.914794921875 1
5.482864206225001 -7.083506407828695 -1.4251284289459611 = 2709.0935055728282 @ 65255.0 409.333740234375 1
-0.8003211004137434 -7.083506409153125 -7.708313735530501 = 2709.0935055728287 @ 49304.0 2346.33935546875 1
-7.7083137360362795 5.482864204891452 5.482864204873841 = 2709.0935055728282 @ 41025.0 3358.6279296875 1
5.482864206363664 -7.708313734409314 5.482864205053787 = 2709.0935055728282 @ 36834.0 3876.468017578125 1
-0.8003211022604931 5.482864206949258 4.8580568783867495 = 2709.0935055728282 @ 16043.0 885.866943359375 1
-7.083506409459574 -7.708313734555004 5.482864207855502 = 2709.0935055728282 @ 5216.0 2228.310791015625 1
