-1.4251284279889027 5.482864206093381 = 186.7309088310239 @ 199188.0 85.0302734375 1
-0.8003211009573171 4.8580568770578285 = 186.73090883102392 @ 198480.0 170.461181640625 1
-7.7083137352822515 -0.800321099708601 = 186.73090883102392 @ 197839.0 245.3388671875 1
-7.708313736041573 5.482864205504272 = 186.73090883102392 @ 197174.0 323.562255859375 1
5.482864207852592 4.858056877818479 = 186.73090883102392 @ 196533.0 398.198974609375 1
-7.083506410309619 4.858056877479777 = 186.73090883102392 @ 195220.0 557.642333984375 1
4.858056876912089 -0.8003211022481573 = 186.7309088310239 @ 194015.0 698.064453125 1
4.85805687799917 -7.083506408492994 = 186.73090883102392 @ 191250.0 1022.5419921875 1
4.858056879969938 5.482864206909031 = 186.73090883102392 @ 189121.0 1279.369873046875 1
-1.4251284296053848 -7.083506406680223 = 186.73090883102387 @ 180752.0 2277.34619140625 1
-7.083506409986222 -1.425128428667859 = 186.73090883102387 @ 178635.0 2534.6708984375 1
5.482864206530364 -7.708313734595853 = 186.73090883102392 @ 177922.0 2619.436279296875 1
-7.708313734530213 -7.083506407427757 = 186.73090883102392 @ 177057.0 87.940185546875 1
-7.0835064045625815 -7.708313736814949 = 186.73090883102392 @ 175252.0 306.19921875 1
-0.8003221272534039 -1.4251291465316422 = 186.73090882749182 @ 174875.0 351.17626953125 1
-1.4251282938445504 -0.8003213553852552 = 186.7309088308381 @ 165390.0 1500.63232421875 1
5.482864206955571 -1.425128429312474 = 186.7309088310239 @ 161885.0 170.564208984375 1
-0.800321100135502 -7.708313737257852 = 186.73090883102392 @ 152064.0 1338.24951171875 1
