4.1412569294663735 2.47701180150631 = 0.0 @ 199272.0 167.202880859375 1
-3.395113021844647 -3.3173072058769937 = 0.0 @ 196848.0 854.48828125 1
-1.5615446958462116 4.400020671581815 = -1.2431112392316822e-18 @ 196267.0 1015.944580078125 1
1.7577435911235268 1.5957372547878939 = -1.5368273005584116e-22 @ 193682.0 1749.38232421875 1
-2.184984351133756 1.687053938818971 = 0.0 @ 183573.0 4653.6669921875 1
-0.4996950653825696 -4.01259708480195 = 0.0 @ 181216.0 5330.168701171875 1
-0.49969508822209263 -4.012597636989261 = -0.06362382372003964 @ 96915.0 617.27197265625 1
-0.49969516251584734 -4.012597450225991 = -0.07871540578621931 @ 96915.0 617.27197265625 1
-0.49969518936390694 -4.012597071148934 = -0.02860269693626395 @ 84697.0 1016.232177734375 1
-0.4996952450404938 -4.012596959444328 = -0.05246100475783533 @ 84697.0 1016.232177734375 1
-0.49969507489791787 -4.012596693362505 = -0.05870976564935156 @ 84697.0 1016.232177734375 1
-0.49969536298271616 -4.012597045499189 = -0.07265438443848361 @ 84697.0 1016.232177734375 1
-0.4996953710217171 -4.012596945169777 = -0.08477194925002973 @ 84697.0 1016.232177734375 1
-0.49969494178108087 -4.012597082386084 = -0.02477423505467771 @ 43041.0 2806.070068359375 1
-0.49969502425960727 -4.0125972183643865 = -0.040460893103013186 @ 43041.0 2806.070068359375 1
-0.49969468151081137 -4.012597042464293 = -0.0649785367354151 @ 43041.0 2806.070068359375 1
