4.858056878543879 -0.8003210999896739 5.482864207163851 = 2709.0935055728282 @ 398674.0 135.412353515625 1
-0.8003211005775432 5.482864208959013 4.858056877790959 = 2709.0935055728282 @ 397582.0 278.2587890625 1
-1.4251284262148345 -7.083506409742727 -7.083506407932818 = 2709.0935055728282 @ 394091.0 694.81005859375 1
-7.083506408208732 5.482864204550962 -1.425128430739766 = 2709.093505572828 @ 391678.0 979.986328125 1
-7.70831373717813 -0.8003211009047838 5.482864206619039 = 2709.0935055728282 @ 390455.0 1125.62255859375 1
-1.4251284280693977 5.482864207221688 -7.083506407914271 = 2709.093505572828 @ 382540.0 2073.160400390625 1
-7.083506408310244 -1.4251284285678834 -7.0835064079424415 = 2709.093505572828 @ 381247.0 2225.06787109375 1
-7.083506406566273 -0.8003211001710266 -1.4251284276320282 = 2709.093505572828 @ 378834.0 2509.1201171875 1
-7.708313737027991 5.482864207773807 5.4828642084624 = 2709.0935055728282 @ 375301.0 2933.64111328125 1
-0.800321101483902 5.482864208023751 -7.708313733761662 = 2709.0935055728282 @ 372930.0 3219.512451171875 1
-0.8003211006394642 5.4828642090636945 -1.4251284288428852 = 2709.093505572828 @ 367185.0 3904.759521484375 1
-7.083506406981862 -7.708313734933133 -0.8003210994060374 = 2709.0935055728282 @ 365976.0 4049.0771484375 1
5.4828642071671165 5.482864209334934 -7.708313736194524 = 2709.0935055728287 @ 364781.0 4195.494873046875 1
5.482864206390168 -7.0835064077627 4.858056877742415 = 2709.0935055728287 @ 363670.0 4329.82470703125 1
-0.8003211009987293 4.8580568799657815 -7.083506406681446 = 2709.0935055728282 @ 357981.0 5013.0419921875 1
4.8580568792428185 5.4828642077733445 -0.8003211004973212 = 2709.0935055728282 @ 354322.0 5450.890869140625 1
-0.8003211005732417 -0.8003211016581591 -1.4251284281293601 = 2709.093505572828 @ 349585.0 6013.734130859375 1
5.4828642058279184 -7.708313734234269 -7.083506407482618 = 2709.0935055728282 @ 342542.0 138.927490234375 1
-7.08350630165574 5.482864074264278 -7.708313833487737 = 2709.0935055715795 @ 338071.0 672.919921875 1
-7.083505562783837 -1.4251278639015192 5.48286527078729 = 2709.093505502869 @ 337394.0 756.629150390625 1
-7.708313735702016 -7.083506406194215 5.4828642073352025 = 2709.0935055728282 @ 335093.0 1031.56591796875 1
-7.7083123112822065 5.482865478257799 -7.083505420951703 = 2709.0935054211905 @ 314284.0 3542.56201171875 1
5.482864209196782 -7.083506407368176 -7.70831373696589 = 2709.0935055728287 @ 313047.0 3691.735107421875 1
5.4828642050592284 -0.8003210994777313 -7.708313736158464 = 2709.0935055728282 @ 311236.0 3907.970458984375 1
-7.083505112287434 -0.8003207102677068 4.858056627912999 = 2709.0935055120185 @ 310265.0 4023.339111328125 1
-7.08350640638124 -7.0835064064827336 -7.708313735470609 = 2709.0935055728287 @ 308972.0 4179.762451171875 1
4.858056881450581 -7.083506406834438 -7.083506409973845 = 2709.093505572828 @ 306713.0 4455.08349609375 1
-7.083504919792466 -7.0835064112395685 -1.425127590273783 = 2709.0935054781053 @ 304972.0 4669.761962890625 1
-7.083507206423372 -7.7083137605251535 5.482863466246296 = 2709.0935055347727 @ 304295.0 4753.483642578125 1
-1.4251284279791168 -7.08350640724239 5.48286420484214 = 2709.093505572828 @ 301998.0 127.376220703125 1
-0.8003211004324033 -7.7083137354872076 -7.083506406138127 = 2709.0935055728282 @ 300887.0 260.548828125 1
5.482864207844662 -0.8003211001830774 4.85805687963636 = 2709.0935055728287 @ 282584.0 2469.15087890625 1
-7.7083137383648195 -0.8003206100141256 -7.083506444296306 = 2709.0935055650707 @ 281991.0 2539.13330078125 1
4.858056878636349 -7.083506407583238 -0.8003210987858707 = 2709.0935055728282 @ 265186.0 4581.193115234375 1
-7.708313734560269 5.482864207328254 -0.8003211011502108 = 2709.0935055728282 @ 262633.0 4885.96142578125 1
-7.083506492740754 4.858056954168687 -7.083505752402253 = 2709.0935055586374 @ 256220.0 73.853271484375 1
4.858056878053029 5.482864205257854 -7.083506407050968 = 2709.0935055728282 @ 253863.0 361.442626953125 1
5.482864205929577 4.858056879797414 5.482864206932275 = 2709.0935055728282 @ 250106.0 811.1337890625 1
5.482864205938097 5.482864207512099 4.858056875772187 = 2709.0935055728282 @ 239503.0 2086.79931640625 1
-7.083506407472521 -7.0835064086663975 4.858056879203646 = 2709.0935055728282 @ 233660.0 2790.914794921875 1
-0.8003211017136886 -7.083506406062471 4.858056879137558 = 2709.093505572828 @ 208613.0 127.692626953125 1
-1.425128427958581 -0.8003210995699007 5.482864208298976 = 2709.093505572828 @ 182330.0 3278.5361328125 1
-7.0835063313895565 -1.4251282862882897 -0.800320941061237 = 2709.0935055711434 @ 163565.0 5545.9443359375 1
5.482864208607519 -7.708313736845922 5.482864206420599 = 2709.0935055728282 @ 157680.0 6254.91259765625 1
-0.8003211009396518 4.858056878322701 -0.8003211022491277 = 2709.0935055728282 @ 148061.0 1000.048583984375 1
-7.083506406597825 -0.80032110101529 -7.708313736493279 = 2709.0935055728282 @ 137878.0 2222.73095703125 1
-0.8003212003229727 -1.4251281819095454 5.482864136476685 = 2709.0935055702957 @ 113051.0 5229.454833984375 1
-1.425128428358638 -7.083506408630048 -0.8003211000922479 = 2709.093505572828 @ 104524.0 438.342041015625 1
5.4828642082909615 -7.083506408191136 -1.4251284276252663 = 2709.093505572828 @ 84569.0 2878.34228515625 1
5.4828642073691 -7.708313735367218 -0.800321102373187 = 2709.0935055728282 @ 81470.0 3251.0576171875 1
-0.8003211006165397 -1.4251284288366326 -7.083506408164095 = 2709.093505572828 @ 66135.0 5107.857177734375 1
-7.708313734954713 -0.8003211011201612 -0.8003211009428877 = 2709.0935055728282 @ 63502.0 153.6455078125 1
-1.4251284301400646 5.482864207499196 5.482864206307023 = 2709.093505572828 @ 61229.0 430.90380859375 1
5.4828642053655 5.48286420523339 -1.4251284271989781 = 2709.093505572828 @ 57052.0 945.3349609375 1
5.482864267171996 4.858062734904867 -7.083506038400678 = 2709.0935044087587 @ 47807.0 2071.2138671875 1
4.858588456426602 -0.7999237319606748 -0.7999904767529727 = 2709.0753827586454 @ 47270.0 2140.394287109375 1
-1.4251284383078338 -0.8003206846937596 -0.8003215021579168 = 2709.093505562108 @ 36373.0 3460.087890625 1
-0.8003211003504813 -7.08350640638852 -7.708313736823753 = 2709.0935055728287 @ 11858.0 1643.726806640625 1
-1.4251284286057773 5.482864206502915 -0.8003211009960604 = 2709.093505572828 @ 10621.0 1793.35498046875 1
-7.083506407035569 -7.708313736543906 -7.083506406258623 = 2709.0935055728282 @ 6234.0 2325.59716796875 1
-0.8003211017574559 -7.083506407499544 -1.425128430366154 = 2709.093505572828 @ 5053.0 2465.80517578125 1
4.858056878618102 -0.800321101537188 -7.083506407257071 = 2709.0935055728282 @ 2682.0 2752.43603515625 1
