4.111207135843023 4.11120714691164 7.706277258634138 = 1.0 @ 399038.0 88.139892578125 1
4.111207147245966 4.111207144336999 1.1700887868819643 = 1.0 @ 398198.0 187.868408203125 1
7.706277260657136 4.111207138524067 7.706277266982374 = 1.0 @ 397381.0 282.91796875 1
7.706277253704419 7.706277262500827 0.6242284336344797 = 1.0 @ 395010.0 552.10498046875 1
7.706277261225925 2.1932800475952514 2.1932800481740062 = 1.0 @ 394151.0 650.701171875 1
4.111207143183667 7.706277259995185 1.1700887885006424 = 1.0 @ 393068.0 772.915283203125 1
7.706277260885058 7.706277242852669 4.111207138731792 = 1.0 @ 392293.0 861.35546875 1
2.193280053193397 4.111207147006887 7.706277263189793 = 1.0 @ 391434.0 962.278564453125 1
4.11120714619262 7.706277265272092 2.193280048130699 = 1.0 @ 390561.0 1063.78955078125 1
1.1698318887770949 4.110405760957706 2.19303962092792 = 0.9999983627227185 @ 389254.0 1214.420166015625 1
7.70627726584295 2.1932800477420615 4.1112071395173375 = 1.0 @ 388283.0 1325.149169921875 1
2.1932800513795323 4.111207135994813 2.1932800476178973 = 1.0 @ 386458.0 1538.595703125 1
7.706277254243882 7.706277260910197 7.706277244347173 = 1.0 @ 385585.0 1638.640380859375 1
2.1932800498525373 7.706277267213623 7.706277256894232 = 1.0 @ 384670.0 1742.4541015625 1
0.6242284326750825 4.111207137651282 4.111207145464122 = 1.0 @ 383713.0 1852.294189453125 1
4.111207138627795 4.111207140247717 0.6242284336074504 = 1.0 @ 381860.0 2063.33740234375 1
7.706277253595449 2.193280047964178 7.706277260018371 = 1.0 @ 381001.0 2164.63671875 1
4.111207143168481 7.706277247807536 7.706277251596437 = 1.0 @ 380086.0 2270.0830078125 1
4.111207137817328 2.1932800511316777 7.706277251951589 = 1.0 @ 377505.0 2569.819091796875 1
4.111207140259589 7.706277254673883 4.111207145715475 = 1.0 @ 375666.0 2780.135009765625 1
4.111207146338677 1.1700887881608222 7.706277269573659 = 1.0 @ 374793.0 2878.867919921875 1
0.6242300562374229 7.706205312199634 7.706336366623269 = 0.9999999974541839 @ 369216.0 3516.597900390625 1
2.1932800526182494 0.6242284335189229 7.70627725599746 = 1.0 @ 366369.0 3846.73291015625 1
7.706277261719953 7.70627724855824 2.1932800494789473 = 1.0 @ 363676.0 4152.567138671875 1
0.6242284336655348 7.706277250684319 1.170088787771381 = 1.0 @ 362677.0 4264.90380859375 1
2.1932800492107716 4.111207146725309 4.111207140945141 = 1.0 @ 361790.0 4364.269775390625 1
2.1932913073918394 2.1932856567853647 7.706259335382141 = 0.9999999993619688 @ 358957.0 4692.39208984375 1
2.1932800491500637 7.706277250001899 2.193280052291846 = 1.0 @ 355522.0 5088.882568359375 1
1.1700887867042025 7.706277262250749 7.70627725477529 = 1.0 @ 354551.0 5199.662353515625 1
1.1700887867830263 4.11120714774572 1.170088787370057 = 1.0 @ 353304.0 118.99072265625 1
7.706277244592667 2.1932800523782228 0.6242284338378443 = 1.0 @ 352291.0 233.380615234375 1
1.1582345749928877 4.092482426142197 8.023611740039982 = 0.9711524123848077 @ 352202.0 243.498046875 1
2.193280051945262 1.170088787189214 1.1700887882062037 = 1.0 @ 351217.0 354.703857421875 1
0.6242284338579055 4.111207145843981 7.70627725848372 = 1.0 @ 350204.0 473.687255859375 1
7.649984101299764 1.1657167290716322 7.673892005487451 = 0.998575435796544 @ 349933.0 504.94580078125 1
4.111207139862512 2.1932800516860436 4.1112071402446935 = 1.0 @ 348990.0 612.840087890625 1
1.1700887866201743 7.7062772493003235 4.111207145850591 = 1.0 @ 347963.0 728.357177734375 1
1.1700887881111253 4.111207141327066 4.11120714359235 = 1.0 @ 346404.0 911.96630859375 1
4.111207145475001 2.1932800508094643 2.193280051359572 = 1.0 @ 344607.0 1116.60205078125 1
7.706277251721471 4.111207140488765 1.17008878656752 = 1.0 @ 341634.0 1458.4931640625 1
4.111207141127273 4.111207142033668 4.111207146557006 = 1.0 @ 336379.0 2068.7783203125 1
4.1112071433751165 1.1700887865183898 4.111207140056743 = 1.0 @ 331642.0 2625.818359375 1
4.111207143054667 4.111207142599347 2.193280048391123 = 1.0 @ 329663.0 2851.692626953125 1
7.706309262889874 4.111180143192414 4.111227540493279 = 0.999999998583397 @ 328958.0 2936.973388671875 1
2.1932800508067634 1.1700887864824627 2.1932800528417107 = 1.0 @ 327441.0 3112.512939453125 1
4.111207149366452 0.6242284334043379 4.111207144424638 = 1.0 @ 325014.0 3394.63671875 1
1.170088788368455 2.1932800506105368 4.11120714349651 = 1.0 @ 322867.0 3640.713623046875 1
2.193280053460572 2.1932800512375867 2.1932800479228742 = 1.0 @ 321546.0 3790.754638671875 1
1.1700887875981743 7.706277260267042 0.6242284340167236 = 1.0 @ 316155.0 602.588134765625 1
7.70627726573152 7.706277268197723 1.170088787334245 = 1.0 @ 313084.0 959.61865234375 1
2.193279754590006 7.706238413467808 1.1700878937947352 = 0.9999999995665412 @ 312057.0 1075.9814453125 1
7.70627725760043 1.1700887888676954 2.193280048058814 = 1.0 @ 298332.0 2665.18359375 1
7.869109877918094 0.33239107720708644 7.6491364134668665 = 0.9917575606341216 @ 296549.0 2868.596923828125 1
1.1701091027704005 7.708092989349472 1.170087095142703 = 0.9999990699001775 @ 291532.0 3446.486328125 1
7.743312023902017 0.6204928805813701 7.722244825615195 = 0.9989453139775479 @ 288307.0 3817.8564453125 1
7.705949401885515 1.1700577748694057 4.111135831931148 = 0.9999999531094628 @ 284414.0 171.91845703125 1
2.1932800474553518 2.1932800483864088 4.111207146058786 = 1.0 @ 278473.0 856.72509765625 1
2.1932900289848853 7.706290182281802 4.111199919332998 = 0.9999999995566975 @ 275654.0 1188.279052734375 1
7.706277260082604 4.1112071436344415 2.193280048195572 = 1.0 @ 273955.0 1389.4091796875 1
0.6239163718537696 1.1702355993223081 4.10903440242147 = 0.9999909127944036 @ 271766.0 1637.48828125 1
1.170088788336849 2.1932800519742304 7.706277252629776 = 1.0 @ 268667.0 1991.98779296875 1
4.111207145190115 2.193280049173457 1.1700887861971059 = 1.0 @ 262880.0 2671.689208984375 1
2.1931991535327504 1.1700836707612077 7.7063018284279 = 0.9999999768370287 @ 253859.0 3716.81884765625 1
2.193280051169416 4.111207144129945 1.1700887857984448 = 1.0 @ 252888.0 3829.99169921875 1
4.11120714372281 1.1700887874007242 2.193280050004204 = 1.0 @ 247021.0 376.001220703125 1
8.00832275393328 7.874588693774454 0.32340077780965837 = 0.9537055843348021 @ 242690.0 891.882080078125 1
7.706810017685058 0.6242467801506768 4.112138138974447 = 0.9999990514614086 @ 232241.0 2112.63916015625 1
4.111207149593876 0.6242284331819061 0.6242284337301593 = 1.0 @ 226832.0 2739.978515625 1
7.686170942801723 2.254864226366882 1.1435854707053523 = 0.978476824017235 @ 225987.0 2842.646484375 1
0.6242284340162265 1.1700887869141912 2.1932800526343486 = 1.0 @ 224082.0 203.1220703125 1
1.1700700130809156 7.706367324429828 2.19329721719999 = 0.9999999924114393 @ 213941.0 1389.69873046875 1
4.111345483165538 7.70663871220969 0.3330384762654526 = 0.9999998841088945 @ 209526.0 1899.452392578125 1
4.111207143627803 0.3330184353209544 2.19328005226309 = 1.0 @ 204285.0 2515.3828125 1
0.6242809651178607 7.7048466505602375 4.111275994669337 = 0.9999993028165652 @ 202432.0 2731.61962890625 1
1.1700887856715114 1.1700887888032003 4.1112071377406565 = 1.0 @ 187227.0 754.498779296875 1
0.6231403514973944 0.6234568166019249 7.523135691078148 = 0.990328368773555 @ 178864.0 1732.008056640625 1
1.1605963704776847 0.6240319693816885 8.168982836686801 = 0.9438145315906545 @ 167785.0 3037.348388671875 1
0.33294256786804405 4.110095941676045 7.699104027062652 = 0.9999834628120801 @ 150886.0 1662.381591796875 1
2.1932800489928175 2.193280049691286 0.6242284335283437 = 1.0 @ 146653.0 2160.237548828125 1
7.706277256377563 4.111207139324562 0.6242284330918629 = 1.0 @ 130916.0 1385.2490234375 1
7.706277259824058 7.706277258136878 0.3330184352898706 = 1.0 @ 126151.0 1939.8173828125 1
4.103109559507448 1.169909771928136 1.1702644604508223 = 0.9999344509204462 @ 110914.0 3711.572509765625 1
7.7060843811138255 0.6242316649268033 2.1932846954488983 = 0.9999999890381235 @ 62127.0 252.2177734375 1
2.1932800516867457 1.1700887865424765 0.6242284336850709 = 1.0 @ 39666.0 2873.69775390625 1
0.6242284337787626 2.1932800474101826 4.111207148465751 = 1.0 @ 36301.0 3261.649658203125 1
4.0977508664840725 0.6241441936396334 1.1685624957838177 = 0.99979218099465 @ 32390.0 3715.00341796875 1
4.111207141627635 0.6242284343379347 7.706277261661461 = 1.0 @ 24451.0 680.682373046875 1
0.625449876266676 1.1702734823592706 7.77928592999944 = 0.998455126389145 @ -12.0 3543.57763671875 1
