0.49999999971905856 0.12499999958081921 = -2.0 @ 199224.0 70.449951171875 1
0.5000000001567688 0.8750000002265926 = -2.0 @ 198540.0 145.636474609375 1
0.4999999995880636 0.3749999999196983 = -2.0 @ 196603.0 359.772705078125 1
0.8333333332815825 0.3749999999284853 = -2.0 @ 194570.0 587.7470703125 1
0.49999999983589777 0.6249999998359609 = -2.0 @ 191877.0 886.708740234375 1
0.16666666675533598 0.8750000000032748 = -2.0 @ 187960.0 1329.736083984375 1
0.166666666605778 0.6249999998517649 = -2.0 @ 185783.0 1569.050537109375 1
0.16666666667306307 0.12500000015221277 = -2.0 @ 185154.0 1637.227294921875 1
0.8333333334141152 0.625000000244216 = -2.0 @ 183841.0 1786.332763671875 1
0.16666666692144397 0.375000000130102 = -2.0 @ 181016.0 2108.317138671875 1
0.8333361866313245 0.1249986814271439 = -2.000000017958918 @ 172123.0 517.3623046875 1
0.8333303606192323 0.8750030488690496 = -2.000000040551562 @ 170810.0 663.21630859375 1
