7.70627725387107 1.1700887879240374 = 1.0 @ 199308.0 60.659423828125 1
7.7043423934886075 4.110519747430929 = 0.9999977246075726 @ 198240.0 172.988525390625 1
1.1700887985988273 4.111207192430588 = 0.9999999999999941 @ 197119.0 292.61669921875 1
4.111207140048575 2.193280050957048 = 1.0 @ 196058.0 408.503662109375 1
2.1932800480729404 4.111207143198384 = 1.0 @ 195465.0 472.26806640625 1
2.1932800477222156 7.706277248307245 = 1.0 @ 194872.0 535.31201171875 1
1.1700887873269568 7.706277254994509 = 1.0 @ 194291.0 597.11669921875 1
7.706277259449031 7.706277253432557 = 1.0 @ 193746.0 654.758056640625 1
4.111207139305045 7.7062772443390495 = 1.0 @ 193141.0 718.208740234375 1
1.1700887884086482 1.1700887869300312 = 1.0 @ 192020.0 837.501220703125 1
4.111207138986493 1.1700887893975387 = 1.0 @ 188127.0 1257.361083984375 1
0.6242114614483296 2.191199499594726 = 0.999977464156866 @ 185950.0 1488.47509765625 1
7.706277249728013 0.6242284337558813 = 1.0 @ 185273.0 1559.86181640625 1
4.111207145327302 4.1112071359848095 = 1.0 @ 183516.0 1751.404541015625 1
1.1700887461291114 0.3330184232157866 = 0.9999999999999349 @ 180499.0 2073.2685546875 1
7.70627724880489 2.1932800514124424 = 1.0 @ 178230.0 175.92236328125 1
7.851820215070911 0.3309851348475032 = 0.9903363446696325 @ 176449.0 376.56494140625 1
0.625105715261771 7.791817279519544 = 0.9969073565948423 @ 175148.0 517.62109375 1
4.110480885621407 0.3313571919664734 = 0.999374118256821 @ 172239.0 839.158447265625 1
2.1932800502532217 1.1700887868473446 = 1.0 @ 170426.0 65.658203125 1
2.1932800498693403 2.1932800525257674 = 1.0 @ 169269.0 188.50390625 1
0.6242284331379198 4.111207147585212 = 1.0 @ 167020.0 429.414306640625 1
4.1172324342351345 0.6282161471373436 = 0.9989329673294036 @ 165611.0 584.43798828125 1
1.1700887871649002 2.1932800498786964 = 1.0 @ 160590.0 1131.63232421875 1
0.33302134889251694 4.111213756111479 = 0.9999999980219103 @ 155801.0 232.078857421875 1
0.6242284337148322 1.1700887879149209 = 1.0 @ 115484.0 219.753662109375 1
0.6342708510637458 0.6253977814642886 = 0.9935581486514948 @ 107167.0 98.78759765625 1
0.33301843566655603 2.193280051966962 = 1.0 @ 75098.0 924.3046875 1
2.1932800506223566 0.6242284338440006 = 1.0 @ 67969.0 593.927734375 1
1.1700887868834393 0.6242284325578711 = 1.0 @ 61800.0 73.90234375 1
0.33358647645863543 7.5851470605403355 = 0.9936653088588941 @ 53335.0 994.337158203125 1
2.3017649855210505 0.3205453493046413 = 0.9068625083470998 @ 51722.0 1169.391357421875 1
8.161257638239817 0.6217168463154406 = 0.9195618414669462 @ 13605.0 1115.251953125 1
