7.706277254304857 7.7062772550916625 4.111207141440782 = 1.0 @ 398996.0 92.776123046875 1
7.70627726845865 4.1112071388315234 4.111207147412428 = 1.0 @ 398184.0 183.2392578125 1
2.193280047969469 4.111207141970714 7.706277266445999 = 1.0 @ 397269.0 282.714111328125 1
1.1700887883590272 7.706277247252066 7.706277256109267 = 1.0 @ 396270.0 392.0927734375 1
7.706277262186973 7.706277251195594 7.706277242679489 = 1.0 @ 395467.0 479.18798828125 1
2.1932800516429087 7.706277249890736 7.70627726525787 = 1.0 @ 394622.0 571.169921875 1
7.7062772534886745 7.706277256816547 2.193280051554431 = 1.0 @ 393637.0 679.093017578125 1
7.706277249796554 4.111207139650862 1.1700887873967574 = 1.0 @ 392764.0 773.9091796875 1
7.706277256722564 1.1700887879258477 4.111207136076434 = 1.0 @ 390785.0 996.339599609375 1
7.706048317800456 0.6242303169705732 7.706140492028925 = 0.999999979888945 @ 389352.0 1153.3974609375 1
4.111207139369712 7.70627725716066 1.1700887876202775 = 1.0 @ 388325.0 1269.962890625 1
7.70627725885987 2.1932800524759513 2.19328005423317 = 1.0 @ 386626.0 1459.034912109375 1
2.193280049136627 4.111207143586549 2.193280047854283 = 1.0 @ 385683.0 1561.319580078125 1
4.111207139218121 4.111207139517238 4.11120714235676 = 1.0 @ 383186.0 1835.11865234375 1
7.706277258975195 2.19328005199433 4.111207142240457 = 1.0 @ 382285.0 1932.397216796875 1
4.111207138214111 2.193280048530259 7.7062772519356155 = 1.0 @ 381342.0 2039.091796875 1
7.681134343757066 1.172819221205553 2.1869434168414865 = 0.999591970267513 @ 378299.0 2372.49072265625 1
4.11120714561883 7.706277252830269 7.706277257519622 = 1.0 @ 376698.0 2554.343994140625 1
1.1700887876494095 4.111207141882619 4.111207135637171 = 1.0 @ 373179.0 2941.386474609375 1
4.1112071483727 2.19328004845696 1.1700887877987982 = 1.0 @ 370500.0 3237.802734375 1
4.111207145458994 4.111207139978687 7.706277256522588 = 1.0 @ 368871.0 3419.548095703125 1
7.706277252090109 4.11120714305688 2.193280048194004 = 1.0 @ 367998.0 3514.594482421875 1
4.111194880782562 4.111330133097021 2.1932978988475504 = 0.9999999838325475 @ 366691.0 3661.1728515625 1
2.193280052486864 7.70627725076898 4.1112071419136 = 1.0 @ 364978.0 3852.38720703125 1
0.6242284330533062 4.111207146191129 7.706277263771052 = 1.0 @ 358113.0 4609.741455078125 1
4.111207149987406 7.706277244782451 4.111207139495953 = 1.0 @ 354608.0 5000.7294921875 1
4.111207145135932 7.706277244273945 2.1932800474818963 = 1.0 @ 353609.0 5111.555419921875 1
4.111207143238914 1.1700887871261079 7.7062772607043195 = 1.0 @ 352432.0 108.5234375 1
7.706277256646929 2.193280046797335 7.706277260932355 = 1.0 @ 351587.0 203.23974609375 1
1.17008878909847 1.1700887862741407 4.1112071361379705 = 1.0 @ 349860.0 394.8701171875 1
4.111207144198896 2.1932800477002887 4.111207144164601 = 1.0 @ 349029.0 490.87158203125 1
7.7063545529902155 7.705735764753867 1.1701082368685796 = 0.9999999114233886 @ 347946.0 611.67919921875 1
7.743803382845587 1.169175872318614 7.78159357922141 = 0.9980213136755858 @ 347199.0 696.676025390625 1
4.0476745586399 0.33249217768384476 7.636965846287303 = 0.9945643567270099 @ 344394.0 1009.266845703125 1
7.706277256779606 4.111207142775217 7.706277247929767 = 1.0 @ 341827.0 1297.3095703125 1
1.170088788010374 2.1932800509640122 4.1112071427064265 = 1.0 @ 339442.0 1562.621826171875 1
1.1700887869477583 1.170088787526171 1.1700887879702253 = 1.0 @ 337323.0 1803.16552734375 1
2.1932800499893457 2.1932800508253383 2.1932800519448317 = 1.0 @ 335526.0 2002.358642578125 1
2.193280049694064 2.1932800540073942 4.111207138300863 = 1.0 @ 333547.0 2232.923583984375 1
0.6462029370059736 7.545865073563926 4.08173391622897 = 0.9720386506849032 @ 326724.0 2998.822021484375 1
0.3469880995007568 7.5341907278596505 4.202881118488878 = 0.9557127909997676 @ 326724.0 2998.822021484375 1
4.111218098795881 7.706378497773069 0.624230050548615 = 0.9999999968932762 @ 326183.0 3058.760009765625 1
4.111178156050086 2.1932780358535795 2.193265314344717 = 0.999999998404997 @ 323168.0 3400.92431640625 1
2.1932800477696626 7.706277255732334 1.1700887887597524 = 1.0 @ 322281.0 3499.380126953125 1
1.1700887886933014 7.7062772485412285 2.1932800516322737 = 1.0 @ 320722.0 3675.923095703125 1
1.1700887875805672 0.6242284334866249 4.111207143819392 = 1.0 @ 319653.0 3793.286865234375 1
2.1937472848194917 1.1700592476455034 7.709280744101727 = 0.9999967024722127 @ 317174.0 182.42333984375 1
1.1700887874534627 2.1932800523638663 7.7062772537138615 = 1.0 @ 316189.0 291.818603515625 1
0.6242429123194988 0.6242897538230076 7.710984486613472 = 0.9999936154668247 @ 314728.0 453.400390625 1
1.1691410682503045 0.6240988529577784 7.727909154230913 = 0.9998573899324175 @ 312791.0 672.91064453125 1
0.6364109491132176 7.59249700659705 2.1665493617365 = 0.9876092946929301 @ 312240.0 735.811767578125 1
0.6357442805857444 1.2186299202483573 4.15122264741411 = 0.9657236486811562 @ 312151.0 745.53466796875 1
1.1700887868970404 4.111207138015964 7.706277265664271 = 1.0 @ 307470.0 1272.32470703125 1
2.190494865059499 2.1934027112749606 7.726043188334986 = 0.9998636780327996 @ 304693.0 1585.76904296875 1
0.33307212518725426 0.3330672747269017 7.785034620349033 = 0.9982775461662237 @ 299242.0 2207.009521484375 1
7.6509510494103985 0.6252769271987166 1.1682423796360737 = 0.9990466026725715 @ 296633.0 2499.33740234375 1
2.1932800493167752 0.624228433872102 7.706277250858918 = 1.0 @ 295592.0 2616.5537109375 1
0.6272718838566544 7.6531012229316095 1.1323488503156462 = 0.9810520953369892 @ 290463.0 3202.667236328125 1
7.7094059602542995 7.631051193932186 0.624945817851357 = 0.998372742795572 @ 286174.0 3686.82373046875 1
1.1700887870223275 4.111207146054824 2.1932800512051487 = 1.0 @ 278151.0 218.392333984375 1
1.170088786586525 1.1700887887435034 2.1932800506614085 = 1.0 @ 274030.0 684.29248046875 1
4.111207144430527 1.1700887863817468 4.111207141674375 = 1.0 @ 266479.0 1532.97900390625 1
4.111207143010872 1.1700887867133416 2.1932800497383256 = 1.0 @ 264962.0 1705.9658203125 1
1.171680480899019 8.21330877582361 0.6035405578164463 = 0.9158030295750487 @ 261821.0 2055.958740234375 1
4.098510474802315 1.1707378398603165 0.624831819995508 = 0.9998198772287639 @ 259562.0 2308.2080078125 1
4.0816465273631914 4.173638962958911 1.1786467537481806 = 0.9944690519266468 @ 257639.0 2520.087158203125 1
7.706277256592288 0.6242284329956828 4.111207139207016 = 1.0 @ 251278.0 3229.07373046875 1
0.6171426214637393 1.169271717988149 7.801766147401335 = 0.9952976285070101 @ 243685.0 4081.4609375 1
7.87572985854053 1.1655854241016435 0.6253524081615226 = 0.991844461500277 @ 232988.0 968.86474609375 1
4.118243322248827 0.3330264051048812 4.13646029879964 = 0.9993264512335422 @ 228083.0 1514.738525390625 1
1.1700866454350496 7.706785403692562 4.111485341866731 = 0.9999998511703574 @ 219174.0 2506.17529296875 1
2.19330912519509 7.706216237121962 2.1932785330806537 = 0.9999999960183481 @ 217419.0 2704.94140625 1
0.6159239813990054 7.813393889113243 7.350173113864762 = 0.9572287293722914 @ 207376.0 3829.77783203125 1
2.193280049308489 1.1700887876159578 4.11120714202791 = 1.0 @ 203637.0 97.71484375 1
4.111207149465604 0.62422843374321 2.193280049968878 = 1.0 @ 202414.0 232.491455078125 1
0.3307132760821176 7.81062776114638 7.681159529695218 = 0.9960080146928312 @ 200827.0 414.85693359375 1
4.111207149072593 4.1112071481899966 0.624228433722268 = 1.0 @ 199226.0 594.164306640625 1
1.1700887861787246 1.1700887879396442 7.7062772491768 = 1.0 @ 190821.0 1538.234375 1
0.6242284330782769 2.193280051429096 7.7062772472193375 = 1.0 @ 186490.0 2030.236572265625 1
7.664265453746983 0.3464438922051233 4.089475608318355 = 0.9733366661038676 @ 186373.0 2043.69775390625 1
7.707019073816978 2.193162160310857 0.6242045048234549 = 0.9999997729302856 @ 177926.0 2994.54296875 1
1.1699210467328598 7.718176074518642 0.33304281478763226 = 0.9999598957214157 @ 167593.0 1122.0908203125 1
2.1932817151223998 7.70629754841882 0.6242279315329373 = 0.9999999998640572 @ 166566.0 1236.99658203125 1
7.706843446063811 7.730680801204344 0.3330478715304158 = 0.9998331872459869 @ 137539.0 4484.60888671875 1
2.1932800494372575 4.111207144472331 1.1700887887314881 = 1.0 @ 134234.0 146.509765625 1
0.6242284333641333 2.1932800501135477 4.111207146546824 = 1.0 @ 127425.0 904.701416015625 1
2.1932800511151584 4.1112071437507 4.111207142497462 = 1.0 @ 116752.0 2102.62255859375 1
1.170088787466981 2.1932800512669943 0.33301843520966423 = 1.0 @ 107199.0 3179.820068359375 1
1.1714762500566267 4.08961167140223 1.170609915217297 = 0.9995110983338247 @ 101874.0 3778.1806640625 1
2.19328005368762 1.1700887895073726 2.193280053340067 = 1.0 @ 100767.0 99.80712890625 1
4.111207140198723 0.6242284326790812 7.706277266817102 = 1.0 @ 99656.0 223.535888671875 1
4.111207143600949 1.1700887862956952 1.1700887868663192 = 1.0 @ 94275.0 828.06494140625 1
2.1932800489618876 0.3330184357751978 4.111207145202374 = 1.0 @ 90364.0 1276.3359375 1
7.742924604050955 0.6245802833176374 0.33299747377577305 = 0.9996195808327764 @ 85627.0 1800.6337890625 1
7.706458955446782 2.19332047569129 1.1701215646056005 = 0.9999999719950665 @ 78580.0 2601.050537109375 1
0.6242284338632353 2.1932800530183654 2.1932800497017584 = 1.0 @ 76517.0 2834.200439453125 1
0.624228434225822 7.706277265595586 7.706277252907887 = 1.0 @ 52268.0 2486.10791015625 1
2.193280050989131 2.193280051165936 1.1700887883354039 = 1.0 @ 34991.0 155.980712890625 1
1.1700887875532258 2.193280049971572 2.1932800507470738 = 1.0 @ 33082.0 366.021484375 1
2.1932797703300513 4.111207343749691 0.6242284388431573 = 0.9999999999996867 @ 28681.0 862.185791015625 1
4.1112071375636825 0.6242284339141988 1.170088788380193 = 1.0 @ 23594.0 1429.050537109375 1
1.1700887882251445 0.6242284341566229 1.1700887874325794 = 1.0 @ 2659.0 3776.44873046875 1
