2.1932800526701666 7.706277258411037 4.111207139197498 = 1.0 @ 398940.0 96.556640625 1
7.705124798755977 2.1932274240453538 7.712693838813974 = 0.9999880723630317 @ 397316.0 275.554931640625 1
4.111207137939465 7.706277264284412 2.193280049880072 = 1.0 @ 396429.0 377.991455078125 1
1.1700887868589254 4.111207145733657 4.111207141805748 = 1.0 @ 395318.0 501.61767578125 1
7.706081069452126 1.1700838829690257 7.705623852619378 = 0.999999869076708 @ 394319.0 611.487060546875 1
7.706277253860105 7.7062772546556255 1.1700887875924566 = 1.0 @ 392536.0 806.63720703125 1
4.111207142554812 4.111207144973856 4.111207144076182 = 1.0 @ 391607.0 909.493896484375 1
7.706277248363059 7.706277263170366 7.706277262794923 = 1.0 @ 390776.0 999.71826171875 1
1.1700887876017134 7.706277260657738 7.7062772625932485 = 1.0 @ 389777.0 1110.117919921875 1
1.1698609893818606 7.877084301250842 4.088179354915379 = 0.9914956911324757 @ 386790.0 1446.905517578125 1
0.33308464896295026 1.1702468974848383 7.818492224070684 = 0.996521925355731 @ 383943.0 1767.648681640625 1
2.1932800531495658 7.706277261104328 7.706277254143694 = 1.0 @ 382986.0 1873.809326171875 1
2.193280053974806 4.11120714376475 7.706277262689119 = 1.0 @ 381259.0 2062.8212890625 1
4.111207141614846 7.706277258411402 7.7062772655782235 = 1.0 @ 380358.0 2162.106689453125 1
1.1700887861678546 4.11120714025526 7.706277261292161 = 1.0 @ 379457.0 2261.998046875 1
1.170088788621199 2.1932800505819303 4.111207149024368 = 1.0 @ 378598.0 2361.38525390625 1
0.3334687005556137 2.190787642934417 7.740760508563452 = 0.9996158534234063 @ 376507.0 2590.602294921875 1
7.706277250055596 7.706277246415772 2.193280050332589 = 1.0 @ 373296.0 2947.374755859375 1
2.193280050433093 7.706277249152619 1.1700887884689168 = 1.0 @ 370435.0 3262.197265625 1
4.111207144062534 4.111207146252597 7.706277265600465 = 1.0 @ 369394.0 3375.58349609375 1
4.111207144073955 2.1932800515700963 2.1932800501907255 = 1.0 @ 368451.0 3478.92578125 1
7.706277264277625 7.706277251903389 4.1112071462419 = 1.0 @ 367578.0 3578.428466796875 1
7.7309690970468585 7.679593080494453 0.6242001711030305 = 0.9996289135610226 @ 363555.0 4026.116455078125 1
2.1932800530466507 1.1700887858300448 1.1700887887845146 = 1.0 @ 362528.0 4140.21826171875 1
7.7062772642928286 4.111207140190385 7.70627725175576 = 1.0 @ 361683.0 4232.682861328125 1
4.111207146468027 0.6242284339253393 7.706277258489109 = 1.0 @ 359802.0 4439.031982421875 1
7.706277251601824 4.111207143296256 4.111207144907246 = 1.0 @ 358131.0 4621.483642578125 1
7.680993717135409 0.33317629431501744 4.108718583965961 = 0.9998101669583426 @ 351014.0 5411.761962890625 1
4.110940013661875 2.1932737069717883 7.708133513148288 = 0.999998962704598 @ 345395.0 6033.85546875 1
7.706277225868818 2.193280050088133 2.1932800476649827 = 0.9999999999999998 @ 344176.0 113.48828125 1
4.111207144943927 7.706277259543899 4.111207140620022 = 1.0 @ 342183.0 342.111328125 1
7.707858338752256 0.6241828488658251 4.111690300407196 = 0.9999989795287312 @ 340764.0 497.88720703125 1
0.6149076552792143 7.735584009074002 4.027565009370777 = 0.9889779873445905 @ 339205.0 672.128662109375 1
0.32028497464593186 7.696543877982604 3.888342825098485 = 0.9245155750701648 @ 339205.0 672.128662109375 1
2.1932800485605326 7.706277256546259 2.193280051826172 = 1.0 @ 337669.0 842.4951171875 1
2.1935657271641356 1.1700802811705535 2.1935176644799137 = 0.9999995208071382 @ 335102.0 1135.743896484375 1
4.248175482829608 0.3136628825742461 4.166033569395488 = 0.9213438066393207 @ 334607.0 1192.048095703125 1
7.706153388413864 4.111079604336676 2.1934012736583623 = 0.9999999287434794 @ 333622.0 1301.19970703125 1
2.193280049559124 4.111207135701254 2.193280050603106 = 1.0 @ 332637.0 1413.673583984375 1
2.19324979645158 4.110966705091413 1.1701283486505138 = 0.9999999207682841 @ 331302.0 1566.129150390625 1
7.70627725907031 1.1700887857237303 1.1700887889460656 = 1.0 @ 329505.0 1764.085205078125 1
2.1932799661753 2.193262099262734 7.706335878023975 = 0.9999999979190248 @ 328604.0 1864.101806640625 1
0.6242996985129686 7.723325420163492 2.1910258768741477 = 0.9999007762198584 @ 326093.0 2141.07568359375 1
3.9983843801521597 0.6355262271743864 2.110021724888411 = 0.9571786839802966 @ 325962.0 2156.181884765625 1
7.7062772436098115 4.111207143060628 0.6242284333539736 = 1.0 @ 324837.0 2283.345947265625 1
7.706316834552768 1.170077334317527 2.1932450708951894 = 0.9999999937241366 @ 324006.0 2377.469482421875 1
1.1700887875401351 7.706277257587447 2.1932800505158356 = 1.0 @ 322769.0 2516.3642578125 1
7.706277256844317 1.1700887880724922 0.6242284338718898 = 1.0 @ 320370.0 2788.5 1
2.1932800500860243 1.1700887876818706 7.706277242663099 = 1.0 @ 319231.0 2914.0390625 1
4.146678661623865 1.1582610570822347 7.85473607061866 = 0.9910018060431631 @ 319114.0 2927.394775390625 1
4.110516965763146 1.1694631221327028 2.193703085965587 = 0.9999941424043206 @ 318311.0 3016.708984375 1
7.706277258057859 1.1700887888668352 4.111207145271337 = 1.0 @ 315790.0 261.539306640625 1
7.9728951858937736 1.165815280390789 0.3453398767553275 = 0.9589228710009314 @ 314259.0 442.02490234375 1
7.646334489909539 0.3389201327118665 1.2568186641821115 = 0.9122099339292598 @ 314259.0 442.02490234375 1
2.06548393016862 4.0246146850137965 0.6353987466054207 = 0.9289618415359644 @ 305737.0 1411.595703125 1
2.1932598911599 2.1932174029000517 4.11130023213824 = 0.9999999764488545 @ 303240.0 1698.00830078125 1
4.111260480307373 1.1700863374161157 4.11119915553249 = 0.999999997058785 @ 302227.0 1813.900634765625 1
4.104789070498427 7.689326049358507 1.1648766334091405 = 0.9995463701854126 @ 297116.0 555.03955078125 1
4.1112071420935115 4.111207148682979 2.1932800495715106 = 1.0 @ 293947.0 914.315673828125 1
2.193272646653614 1.1700959205067292 4.111260673324536 = 0.99999999636512 @ 291464.0 1191.906982421875 1
1.1700887883003595 2.1932800545882785 1.170088787349847 = 1.0 @ 290521.0 1301.088134765625 1
0.6242269257410977 2.193289714319567 7.706338875152206 = 0.999999998513627 @ 284286.0 2001.3916015625 1
4.111357568283172 2.1932033582417625 4.111233720712046 = 0.9999999566126281 @ 282769.0 2178.025390625 1
4.1112071399016346 4.111207143060584 0.624228433923751 = 1.0 @ 281154.0 2359.7255859375 1
1.1700887874868606 4.111207144485766 2.1932800484307724 = 1.0 @ 272455.0 3346.4306640625 1
1.1701087315912835 2.193322731037568 7.705949733508021 = 0.9999999587402353 @ 267960.0 385.968017578125 1
7.706277262269299 2.193280047552806 4.111207136752455 = 1.0 @ 264903.0 727.19970703125 1
7.342762041454797 0.6281982497428883 2.1504309867393565 = 0.954700960832557 @ 263750.0 854.772705078125 1
7.79381413308335 4.052436949334065 1.1722745836707915 = 0.9943686661536866 @ 256535.0 1671.5869140625 1
0.6242284343979578 7.706277254214951 7.706277247615985 = 1.0 @ 255396.0 1799.1259765625 1
7.706277262566441 0.6242284337693242 7.706277258065354 = 1.0 @ 251471.0 2245.415283203125 1
2.054858221819545 0.6193306376400224 4.0974008747040696 = 0.9304193354722016 @ 249058.0 2517.0419921875 1
1.203047250663087 1.209867100492262 7.432887048953514 = 0.9472579977189777 @ 242925.0 7.756103515625 1
2.1930442951106524 4.111034382852554 4.110697993198153 = 0.9999995223241354 @ 230250.0 1452.743896484375 1
4.111109757230575 7.706396999454011 0.6242161831941624 = 0.9999999802048047 @ 223889.0 2180.169189453125 1
1.1543419612499493 1.2053386749169697 3.971926261395487 = 0.9627671744943322 @ 223506.0 2225.354248046875 1
1.1700887869894157 4.1112071408060915 1.170088786173081 = 1.0 @ 222549.0 2331.380126953125 1
4.130905933010643 1.1702644765766594 0.3329404707149792 = 0.9996179695700103 @ 220430.0 2570.99267578125 1
4.111176394448014 4.111139931298954 1.1700538477122944 = 0.9999999797515619 @ 199513.0 1594.14111328125 1
1.1700887861783458 7.706277252198733 1.170088786443002 = 1.0 @ 190618.0 2589.665283203125 1
1.1700887866892296 0.6242284337997837 2.1932800493479054 = 1.0 @ 188181.0 105.0361328125 1
1.170088786651383 0.6242284339165384 7.706277254214195 = 1.0 @ 187084.0 231.20947265625 1
0.330997646331609 3.824458605614095 7.501200276568885 = 0.9039396577870908 @ 183677.0 613.880615234375 1
2.1932800526931002 2.193280053338668 1.1700887867411585 = 1.0 @ 181082.0 904.862060546875 1
0.6242284330024466 2.193280048947946 4.111207149778825 = 1.0 @ 180195.0 1006.14111328125 1
1.1700887865918541 2.1932800518371853 0.3330184356436185 = 1.0 @ 179196.0 1117.66455078125 1
2.1932800515360826 2.19328005119613 0.624228433806903 = 1.0 @ 177287.0 1332.377685546875 1
0.6242284336079177 4.111207144516919 1.1700887886216023 = 1.0 @ 168490.0 2330.249267578125 1
0.6242284334468131 1.1700887872231938 0.6242284335284219 = 1.0 @ 165153.0 2714.1572265625 1
1.1700881587301852 4.1112055951544395 0.6242288364674528 = 0.9999999999858848 @ 161788.0 3096.20654296875 1
2.193280052774988 0.6242284336195627 7.706277250282228 = 1.0 @ 160915.0 3194.1044921875 1
4.111207138025348 0.6242284336736678 0.6242284342951141 = 1.0 @ 157652.0 106.105712890625 1
4.111207141190791 2.1932800508716745 0.6242284330366755 = 1.0 @ 147329.0 1294.013427734375 1
7.706277257851746 2.1932800513243422 1.1700887864652956 = 1.0 @ 141752.0 1934.541015625 1
1.1700900204004305 0.6242465225623834 4.1108199087279935 = 0.9999998381102786 @ 132311.0 3007.989990234375 1
2.193280049784821 7.706277258760488 0.6242284332939115 = 1.0 @ 119948.0 109.714599609375 1
0.3329021066903589 7.768552551775705 1.1676198452193938 = 0.9988445136979698 @ 108141.0 1447.918701171875 1
2.1933593541386838 2.1932980084998888 2.193259022065133 = 0.9999999755620588 @ 94514.0 3016.0244140625 1
0.6242191004833628 2.1933022057176688 2.1932228153971063 = 0.999999983223437 @ 76929.0 500.700927734375 1
0.6242027468406116 1.1701112384723267 4.110993736728753 = 0.9999999207310393 @ 8724.0 980.130859375 1
0.6240656996293158 4.106158871766462 0.624407158392817 = 0.9999723403924093 @ 5891.0 1299.793701171875 1
0.6242284311660555 4.111206608638784 7.706276623752901 = 0.9999999999996061 @ 3016.0 1634.536376953125 1
