2.1932800481332277 7.70627725540184 4.111207141683741 = 1.0 @ 398954.0 95.486083984375 1
4.111207149054396 7.706277249024182 4.111207141786291 = 1.0 @ 397176.0 297.47216796875 1
7.706277268963699 1.170088788173648 4.111207143357551 = 1.0 @ 396051.0 424.670654296875 1
7.706277264488779 4.1112071493639935 7.706277250569666 = 1.0 @ 395178.0 521.800537109375 1
1.170088787301557 4.111207140435331 4.11120714976845 = 1.0 @ 394333.0 619.601806640625 1
1.1702057049803656 1.1703310394189441 0.6242168491458682 = 0.9999991136114064 @ 392942.0 779.8779296875 1
7.706277251336822 7.706277262810711 4.1112071424899925 = 1.0 @ 392083.0 879.60302734375 1
7.7062772536858395 7.706277256766529 2.193280050697779 = 1.0 @ 390356.0 1076.38330078125 1
4.217832050520231 2.1929013888161117 4.159600390884128 = 0.9868527014637921 @ 387789.0 1368.44677734375 1
4.111207139365048 7.7062772527096435 1.1700887859570563 = 1.0 @ 386874.0 1473.759765625 1
4.111207139712441 7.70627725861999 2.1932800484246564 = 1.0 @ 386001.0 1573.505615234375 1
4.1112071384515305 4.111207148793665 7.706277244726726 = 1.0 @ 383322.0 1877.6689453125 1
7.7062772602001415 1.170088788257138 7.706277256953234 = 1.0 @ 380755.0 2165.756103515625 1
2.1932800517588635 7.706277254318435 7.706277260033577 = 1.0 @ 379812.0 2273.25439453125 1
7.706277254557469 2.1932800514918753 7.706277259306722 = 1.0 @ 378813.0 2385.764892578125 1
4.1112071420352665 1.170088787751133 7.706277253137279 = 1.0 @ 377870.0 2492.0810546875 1
7.706277262801576 7.706277252432429 7.706277255940737 = 1.0 @ 377067.0 2582.014892578125 1
4.111207140432774 1.1700887863080458 2.193280050593313 = 1.0 @ 375354.0 2774.865234375 1
4.11120714719004 4.111207147701544 0.6242284342383483 = 1.0 @ 370477.0 3325.399658203125 1
1.1700887881210804 7.706277264812904 7.70627726217099 = 1.0 @ 368820.0 3511.447509765625 1
1.1700887879050563 4.111207146065614 2.1932800512212696 = 1.0 @ 367667.0 3643.3916015625 1
7.706277263291805 7.706277253311273 1.170088786522657 = 1.0 @ 364834.0 3962.7744140625 1
2.193280049775843 2.19328005021324 4.111207144552798 = 1.0 @ 362155.0 4265.570556640625 1
2.1932800494999056 0.6242284340649561 7.70627725747519 = 1.0 @ 360232.0 4481.34814453125 1
2.193280047232755 4.111207140608629 7.706277257944202 = 1.0 @ 355075.0 5066.386474609375 1
7.7062772573085905 2.193280051593442 4.111207139422387 = 1.0 @ 352918.0 124.10888671875 1
7.706277258971173 4.1112071479805214 2.1932800522251155 = 1.0 @ 351961.0 232.84619140625 1
1.1700887864859304 2.193280050359247 7.706277260077121 = 1.0 @ 350066.0 447.90234375 1
4.111207143698559 7.70627725968235 7.706277259666281 = 1.0 @ 349193.0 545.431640625 1
1.1700887872954144 7.706277257311016 4.111207142427473 = 1.0 @ 348180.0 659.31591796875 1
7.706277260434713 4.11120714543486 1.1700887874976111 = 1.0 @ 347181.0 771.241943359375 1
2.1932800498637426 4.111207142431906 4.1112071427161005 = 1.0 @ 346168.0 884.64208984375 1
7.73552621119214 4.1117802143627635 0.6235485960120896 = 0.9997407297537128 @ 342943.0 1253.542724609375 1
7.706277258595148 4.111207138652572 4.111207148614713 = 1.0 @ 342084.0 1350.366943359375 1
7.706277268591579 2.1932800485930244 2.1932800530274705 = 1.0 @ 341183.0 1452.947021484375 1
4.111207140784813 4.111207142929465 2.1932800493877154 = 1.0 @ 340282.0 1555.27294921875 1
7.985840195313251 0.6416770381729283 4.091133643277442 = 0.9660726256104194 @ 340165.0 1569.3701171875 1
4.111207145673347 0.3330184353386322 4.111207136118916 = 1.0 @ 338074.0 1810.22705078125 1
4.111207148448311 4.111207143210113 4.111207141190904 = 1.0 @ 333841.0 2294.88623046875 1
2.214347755359104 1.1387234363927652 7.372518103476283 = 0.9541061115459427 @ 328404.0 2908.912353515625 1
1.170088785808823 4.111207138512017 7.706277254625961 = 1.0 @ 326117.0 3170.033935546875 1
4.111207142874828 0.6242284338430969 1.1700887883151025 = 1.0 @ 324166.0 3392.111572265625 1
4.010171668558646 7.41221686855883 0.5987195002312252 = 0.9362278861140867 @ 324049.0 3405.44677734375 1
2.193280051911174 7.706277260824394 1.1700887878292525 = 1.0 @ 321598.0 108.09619140625 1
7.643955264763882 2.190918429231568 1.1696185712217466 = 0.9988796466752055 @ 318065.0 510.08935546875 1
4.1044938254349255 4.107761609261679 1.167814350506495 = 0.999880676816226 @ 316912.0 641.3720703125 1
7.702965465776696 4.112078659772062 0.3330122418220302 = 0.9999961659924046 @ 312189.0 1180.97265625 1
7.622011099320998 0.6064322126762316 7.749518466048563 = 0.9836197055749789 @ 309944.0 1437.412841796875 1
4.1112071453716945 2.1932800475844054 7.706277256396493 = 1.0 @ 307447.0 1723.00439453125 1
4.111310949613882 0.6242239843593311 4.110915743959602 = 0.9999999047908875 @ 305608.0 1931.64306640625 1
1.1709761165040422 7.647787403888493 2.1910256218555157 = 0.999005816353119 @ 302551.0 2284.6259765625 1
8.100322860911458 1.1499584007587003 2.201101244979361 = 0.9541859168017186 @ 301454.0 2410.91357421875 1
0.33642103488284647 7.817459071502045 4.075240967774476 = 0.993579242718262 @ 297179.0 2910.6484375 1
1.1700887862707092 2.1932800504875916 2.1932800494514253 = 1.0 @ 292390.0 235.35107421875 1
7.842275297402644 7.740841502666636 0.6184133844073219 = 0.9931198643376202 @ 292189.0 258.184326171875 1
2.193280049922571 4.111207139462777 2.1932800528459695 = 1.0 @ 291274.0 361.74609375 1
0.624228433912398 4.111207141747073 4.111207141330376 = 1.0 @ 290275.0 474.70703125 1
1.1700887887167937 2.1932800514260484 4.111207145060026 = 1.0 @ 286532.0 897.899658203125 1
1.1700887864972347 4.111207138173059 0.6242284337006664 = 1.0 @ 282103.0 1402.787353515625 1
2.192998621347499 7.727729459805234 2.1934243863976755 = 0.999870867640921 @ 264374.0 3424.350830078125 1
4.111207139221982 1.1700887867465866 0.6242284337148645 = 1.0 @ 255413.0 427.119384765625 1
1.170068900259148 4.111142204547194 1.1700685523480592 = 0.9999999860423749 @ 250998.0 932.0263671875 1
1.1700887880956141 1.1700887867883147 7.706277248987979 = 1.0 @ 235271.0 2720.55078125 1
4.111207138365607 0.6242284325649923 2.1932800511424166 = 1.0 @ 232578.0 3027.7265625 1
2.193280052077964 0.33301843597091735 4.111207144204639 = 1.0 @ 231523.0 3146.4873046875 1
1.1694292906285793 0.6237345369136943 7.716038357767796 = 0.9999575550342277 @ 228928.0 3442.84765625 1
1.1700887860386167 1.1700887877352881 2.1932800502919756 = 1.0 @ 227061.0 3657.20654296875 1
1.1700572230153172 1.170055213952084 1.1701200590790755 = 0.9999999622449457 @ 212584.0 398.560791015625 1
0.640868001522735 4.297784466232929 1.197474227637207 = 0.9473559017182942 @ 212495.0 409.618896484375 1
2.2058484458974768 4.233222121444226 0.6399038649637597 = 0.9751015848489135 @ 212336.0 427.5830078125 1
2.098908207957627 4.139725352118487 1.157198045864266 = 0.9654383255150949 @ 212336.0 427.5830078125 1
4.111150287957313 0.6242471857200184 7.70638577719399 = 0.9999999784674447 @ 207342.0 1002.30029296875 1
2.1938695296186195 7.763610520140595 0.6231590158031854 = 0.9990345193616219 @ 204271.0 1351.947021484375 1
1.1696945945797528 7.69027954884182 1.1703981154427303 = 0.9999249715890828 @ 198932.0 1959.0849609375 1
0.6561157417158214 7.745632335353264 3.999991844237763 = 0.9465911106682223 @ 190429.0 2937.783935546875 1
0.6242284341143075 7.706277267988273 7.706277252622849 = 1.0 @ 183750.0 96.218017578125 1
4.111207146318446 1.1700887882797946 1.1700887881029867 = 1.0 @ 176325.0 960.17138671875 1
4.11120714689213 2.1932800514118056 2.1932800534960064 = 1.0 @ 169698.0 1729.96142578125 1
2.193280047353693 0.6242284343990976 4.111207142067318 = 1.0 @ 165759.0 2185.16650390625 1
2.1932800529450382 2.1932800538275896 0.6242284335344644 = 1.0 @ 153340.0 553.80126953125 1
0.6242284337417052 1.1700887879136204 4.111207143354952 = 1.0 @ 151949.0 712.92431640625 1
7.922085647076732 0.610728823406405 1.159137678319507 = 0.9779591752864044 @ 144370.0 1590.01806640625 1
2.193280054515734 1.1700887881352655 2.193280053148508 = 1.0 @ 143315.0 1708.498046875 1
2.1932800530858017 1.1700887869967471 1.1700887875895887 = 1.0 @ 140832.0 1989.424072265625 1
0.6242557562028211 7.707247166063368 0.6242436805542646 = 0.9999996941502577 @ 139301.0 2161.421630859375 1
2.193280754212327 2.193267490617265 2.193275778389671 = 0.999999999388469 @ 97286.0 3313.2763671875 1
4.113938820351841 2.193582743942091 1.1700563138835567 = 0.9999923165223069 @ 92955.0 3809.829833984375 1
1.1700887871482177 0.6242284339895969 2.1932800473070766 = 1.0 @ 90518.0 208.289794921875 1
2.1932800520284497 1.1700887874916064 4.111207140128911 = 1.0 @ 83835.0 970.90185546875 1
0.6242284330681969 4.111207140249393 7.706277244808494 = 1.0 @ 49100.0 147.75146484375 1
4.1112071401134305 1.1700887883741715 4.111207143244354 = 1.0 @ 48031.0 268.800048828125 1
2.19318811560487 2.193349680722252 7.705944717314019 = 0.9999999228821052 @ 35762.0 1681.25927734375 1
2.1932800496012237 1.170088787093299 0.6242284338072194 = 1.0 @ 31193.0 2209.367919921875 1
7.645783367162666 1.15186676531691 0.6316886513019293 = 0.9925183013909211 @ 30964.0 2235.6328125 1
7.706277261055269 0.33301843547224824 7.706277256505032 = 1.0 @ 11741.0 1088.33984375 1
