4.111207138598369 7.706277254718135 7.706277252991735 = 1.0 @ 398856.0 105.850341796875 1
0.6242284343213764 4.111207146137545 4.111207141772503 = 1.0 @ 397848.0 216.702880859375 1
4.111207138002293 4.111207146117821 0.6242284338705237 = 1.0 @ 396751.0 335.306884765625 1
1.1700887867718484 7.7062772654103044 1.170088788511279 = 1.0 @ 394800.0 552.0654296875 1
2.19328005226819 7.706277244383559 7.706277246985762 = 1.0 @ 393997.0 638.40478515625 1
7.706277261824262 2.1932800483687886 2.1932800504815355 = 1.0 @ 392158.0 838.116455078125 1
2.1932800519605236 1.1700887883423603 0.6242284339578453 = 1.0 @ 391173.0 944.814208984375 1
7.706277264873207 4.111207145246911 7.7062772603923895 = 1.0 @ 390328.0 1035.6689453125 1
4.111207143820205 4.111207140476148 2.1932800480491954 = 1.0 @ 389455.0 1131.40185546875 1
7.706277249454238 7.70627724779414 1.1700887883948539 = 1.0 @ 388568.0 1231.313232421875 1
2.193315970266181 7.711269367009841 2.1938331490421175 = 0.9999919464126872 @ 387191.0 1380.146728515625 1
4.111207145289511 7.70627725813813 1.1700887879949549 = 1.0 @ 386290.0 1477.614013671875 1
4.111207142719757 2.193280052077064 4.111207145273382 = 1.0 @ 384479.0 1679.22216796875 1
4.111207142863145 1.1700887867009082 2.1932800528125207 = 1.0 @ 382360.0 1912.03662109375 1
7.706277255048928 7.706277253768165 4.111207143597959 = 1.0 @ 380647.0 2097.257080078125 1
1.170088788427867 7.706277253831345 7.706277266642306 = 1.0 @ 379760.0 2194.302001953125 1
4.111207144229482 7.706277255045672 2.193280047738319 = 1.0 @ 378845.0 2294.019775390625 1
7.703884790793642 0.62423404762248 1.170044959368429 = 0.9999983683801132 @ 377664.0 2426.077392578125 1
0.6242284339103124 4.1112071402389665 7.706277249459401 = 1.0 @ 375573.0 2657.303955078125 1
2.1937137983929347 7.6290225328276 1.1704062837289542 = 0.9983076252869512 @ 371354.0 3119.91064453125 1
7.706277249466961 7.706277251616928 2.193280051464931 = 1.0 @ 370341.0 3230.542236328125 1
7.736592076493566 2.1921296171676072 4.109326186664595 = 0.9997350549588488 @ 366976.0 3597.991455078125 1
7.706277249948537 7.70627725312508 7.706277250519829 = 1.0 @ 366131.0 3693.940673828125 1
4.111207141246644 7.70627725791768 4.111207146984795 = 1.0 @ 365314.0 3784.64697265625 1
4.110595279765554 1.1670988711089352 7.91118555182922 = 0.9884785026338165 @ 362985.0 4041.33837890625 1
2.1932800471401235 2.1932800507072177 4.111207147986967 = 1.0 @ 362126.0 4137.328125 1
4.1112071401680454 4.1112071421323835 4.111207141639937 = 1.0 @ 361239.0 4235.078369140625 1
7.706277246665384 4.1112071438130755 4.111207142546438 = 1.0 @ 360338.0 4335.5546875 1
2.193280053574178 4.111207138271503 4.111207143416743 = 1.0 @ 359367.0 4440.543701171875 1
4.111207145307432 4.111207144447044 7.70627726427384 = 1.0 @ 349408.0 5541.95068359375 1
2.1932800526870357 4.111207135434687 7.706277239443346 = 0.9999999999999999 @ 348441.0 83.58154296875 1
2.1926244455353068 0.3329531037078655 7.719032737757569 = 0.9999522834952957 @ 346434.0 304.22705078125 1
1.1700257332550132 2.1926751887491034 7.69239213993134 = 0.9999444798594412 @ 343153.0 673.32861328125 1
0.6235039947950652 4.0357805970976495 0.6243083811228006 = 0.9942789365242242 @ 339508.0 1076.863525390625 1
1.1700888163874492 0.6242284269761177 7.706277259574206 = 0.9999999999999878 @ 337123.0 1344.047607421875 1
7.706272635883187 1.1700964520504984 4.11120232012799 = 0.9999999992559485 @ 336698.0 1391.639892578125 1
2.193280052574608 7.706277253224013 4.111207143257641 = 1.0 @ 334243.0 1672.119873046875 1
4.110688960351668 2.1940276339257467 7.705528850964028 = 0.9999976423147956 @ 333468.0 1759.9501953125 1
7.713902761349792 1.1699708315939221 7.6944530921902725 = 0.9999442308228719 @ 330215.0 2129.641357421875 1
7.706249862109671 2.1932709541522413 7.706291969042231 = 0.9999999994419462 @ 327522.0 2430.334228515625 1
2.1931000834255188 0.624248771534903 7.703899583741239 = 0.9999982830110465 @ 324297.0 2789.363525390625 1
2.193280052946424 2.193280047244532 7.70627726842889 = 1.0 @ 321772.0 3078.753662109375 1
2.1932883669546612 7.706330992020979 0.6242512730317787 = 0.9999999766392513 @ 318911.0 3412.98486328125 1
7.344549436627612 4.114900791535359 2.1804948938455513 = 0.9616304682259671 @ 314402.0 392.066650390625 1
0.6242284340364216 2.1932800519727373 2.1932800507213304 = 1.0 @ 312017.0 662.126708984375 1
2.193280049224349 0.6242284337798202 2.193280050951511 = 1.0 @ 310458.0 840.228515625 1
1.170084166716837 4.111176629409567 7.706245362097698 = 0.9999999985364776 @ 308577.0 1050.751708984375 1
7.446065549806032 0.3366867093267647 7.838265950957116 = 0.9737344895178875 @ 306276.0 1305.8916015625 1
7.464009250399817 0.6180584073489958 7.503604717886749 = 0.9697268609297709 @ 306276.0 1305.8916015625 1
7.328154510168356 0.6023377773789295 7.775498422689679 = 0.9363485491464073 @ 306276.0 1305.8916015625 1
7.706277254416302 7.706277264610967 0.6242284328298827 = 1.0 @ 305141.0 1428.231201171875 1
1.1700988357295492 4.111157866869562 4.110895484626783 = 0.9999999005909603 @ 303106.0 1657.44189453125 1
2.1932800499573006 4.111207141672166 1.1700887866202758 = 1.0 @ 302233.0 1753.496826171875 1
7.706277259514349 4.1112071501305 0.624228433360658 = 1.0 @ 299666.0 2041.351806640625 1
1.1936552081389848 1.140486982336627 4.1519715329674725 = 0.9808899944745183 @ 299395.0 2072.225341796875 1
4.11120714372046 0.6242284330357112 2.1932800491816633 = 1.0 @ 291680.0 305.81201171875 1
4.111207140168506 1.170088787315636 0.6242284334458186 = 1.0 @ 289673.0 529.878173828125 1
1.1884178196753583 3.8109837769782793 0.6186091977309908 = 0.9032899184591132 @ 286420.0 891.490478515625 1
1.1695938039965508 1.1697430153175876 7.7319835874920555 = 0.9998107386456663 @ 281795.0 1400.71826171875 1
0.6242833201725402 7.7300437300485605 2.193158496104759 = 0.9998417981623811 @ 279802.0 1618.55712890625 1
7.952435178202217 1.203065684667952 0.3439264276040722 = 0.9537023104636557 @ 278103.0 1813.913818359375 1
8.126119089194964 1.1102758823860213 0.6300615632305147 = 0.9079031450519208 @ 278103.0 1813.913818359375 1
1.1700887888353106 7.706277269502396 0.6242284337269449 = 1.0 @ 276917.0 1944.412353515625 1
1.1700887873235999 7.706277259654081 4.111207142484948 = 1.0 @ 271886.0 2499.2919921875 1
1.1668523884036803 2.172105864848482 4.069307821012269 = 0.9965574923509314 @ 269389.0 2781.2255859375 1
4.111207138028501 2.193280052431922 2.1932800501167744 = 1.0 @ 252812.0 427.4150390625 1
7.706277251845077 1.1700887868034053 2.1932800477039396 = 1.0 @ 251967.0 519.674560546875 1
2.1932800504187306 4.111207144721987 2.193280047762479 = 1.0 @ 251094.0 615.499267578125 1
7.616629032361697 2.217078009615534 1.135389671203942 = 0.9807911824425608 @ 242325.0 1602.14208984375 1
7.705790802917017 0.3330079822386152 0.6242108312804654 = 0.9999999039094154 @ 222192.0 632.655029296875 1
0.33298397583513734 4.131203220531244 1.1658755775108576 = 0.9993906838014208 @ 214613.0 1512.375244140625 1
0.3330102587479892 0.6242247473927967 7.705957758076299 = 0.9999999607214176 @ 195232.0 3744.08935546875 1
4.11120714589406 1.1700887856557547 4.111207145403755 = 1.0 @ 191927.0 207.264892578125 1
7.448625567662256 0.3230175778033688 4.073736302405014 = 0.9641401767441603 @ 191432.0 265.66650390625 1
2.1932800487408683 1.170088788412323 1.1700887863950682 = 1.0 @ 190433.0 379.049560546875 1
0.6242284336312846 0.6242284336994068 4.1112071408380375 = 1.0 @ 189294.0 507.767578125 1
1.1700887872927823 2.1932800531114416 1.1700887868264647 = 1.0 @ 184207.0 1095.471435546875 1
1.1700887883919922 7.7062772511530335 2.193280046889414 = 1.0 @ 174976.0 2160.732666015625 1
4.111207145705376 2.1932800480688432 1.1700887869382404 = 1.0 @ 173669.0 2310.724365234375 1
4.111207146375864 1.1700887875174817 1.170088787619516 = 1.0 @ 166552.0 3126.2373046875 1
4.111207137692579 0.6242284337309565 1.1700887867012677 = 1.0 @ 165469.0 3248.105712890625 1
1.1700887885893965 1.1700887883051927 2.193280053353742 = 1.0 @ 160410.0 3830.1396484375 1
1.1533013434914896 7.844444423390822 0.33625860655030393 = 0.9897148988561237 @ 160293.0 3843.830078125 1
4.111207142233635 4.1112071460433475 1.170088788500881 = 1.0 @ 158804.0 4012.949462890625 1
1.1700887886979978 1.1700887859187614 1.1700887870027374 = 1.0 @ 155863.0 294.6806640625 1
2.19328005207149 1.170088788762889 2.1932800502613747 = 1.0 @ 154948.0 401.5693359375 1
7.706277257939573 1.1700887888637266 1.1700887887288185 = 1.0 @ 153123.0 608.8203125 1
2.1932800531870695 2.1932800493493554 1.170088786259246 = 1.0 @ 148414.0 1155.271240234375 1
4.006469146233069 0.34420054676243317 7.388949423192327 = 0.9419094547307247 @ 147723.0 1239.213134765625 1
7.706400975460912 0.624228161603041 2.1932775782851763 = 0.9999999956800295 @ 142454.0 1854.711669921875 1
7.706277261346078 4.11120714631965 1.170088788277462 = 1.0 @ 141553.0 1956.99072265625 1
4.339073152337677 2.1098576034555383 0.6069010826166277 = 0.9147954217722241 @ 141422.0 1972.385986328125 1
4.185588011750376 7.823890324617253 0.3333982557610048 = 0.9908179031475628 @ 128219.0 741.325439453125 1
0.6408446025185959 1.2199563791893613 1.149770035359262 = 0.9548502898392779 @ 120192.0 1669.235107421875 1
0.624228433685235 7.7062772440329885 4.111207145473716 = 1.0 @ 105669.0 3331.971435546875 1
7.6868773971597175 2.1523306728080454 0.6360499313711785 = 0.9881426698629605 @ 100232.0 3959.034423828125 1
0.6002773081019754 8.160319340449227 1.1740211751911511 = 0.9214771044678751 @ 88163.0 621.74658203125 1
2.19328004969234 1.1700887868842138 4.11120714485172 = 1.0 @ 78792.0 1698.880859375 1
2.1933629521697426 1.1700806724403554 7.706538246566157 = 0.999999956272004 @ 63695.0 3441.10009765625 1
2.205545006831726 0.6239564492988912 1.1674157538451022 = 0.9993915072400209 @ 59196.0 3955.636962890625 1
7.793179705075157 4.036563806644396 0.33501602380766093 = 0.9917306237281676 @ 56773.0 15.806884765625 1
4.1112071416885145 7.706277259955769 0.624228433543955 = 1.0 @ 53632.0 386.009033203125 1
0.6242269273524345 2.1932899831683423 4.111149526511514 = 0.9999999962876878 @ 53109.0 445.895263671875 1
0.6242284337510926 7.706277259239345 7.706277242271157 = 1.0 @ 43920.0 1512.71240234375 1
2.1932800538218054 2.193280046889145 2.1932800525558056 = 1.0 @ 3627.0 2905.32958984375 1
