2.193280050797523 7.70627726671981 = 1.0 @ 199332.0 58.002685546875 1
7.70627727015976 2.193280051206656 = 1.0 @ 198780.0 118.19775390625 1
1.1700887868612306 7.706277249674705 = 1.0 @ 197767.0 230.8896484375 1
7.706277252549755 7.706277251584259 = 1.0 @ 197258.0 285.2431640625 1
1.1700887873133643 2.193280049815562 = 1.0 @ 195597.0 465.668701171875 1
4.111207145400566 0.6242284334076562 = 1.0 @ 194944.0 537.635986328125 1
7.747223987468962 1.1665507693271877 = 0.9990688368378322 @ 193211.0 728.541748046875 1
4.111207145734824 0.3330184353249678 = 1.0 @ 190782.0 993.492431640625 1
7.706277259281493 4.111207139343599 = 1.0 @ 189253.0 1159.579345703125 1
4.111207141265745 2.1932800518024487 = 1.0 @ 188576.0 1232.017578125 1
4.1112071471323794 7.706277255525592 = 1.0 @ 186279.0 1484.2451171875 1
0.6242284331163316 2.193280051371765 = 1.0 @ 185014.0 1622.968994140625 1
2.1932800517611564 4.111207139668917 = 1.0 @ 184433.0 1685.45849609375 1
4.1112071471925695 4.111207145224674 = 1.0 @ 180000.0 2173.68310546875 1
2.1932800509101518 2.193280051136571 = 1.0 @ 170223.0 223.93798828125 1
2.1821740915883496 0.624048720730649 = 0.9993537959075133 @ 169042.0 351.900634765625 1
1.1700995091379203 4.11115126777317 = 0.9999999932830643 @ 168557.0 406.2431640625 1
2.18649113732037 1.1219297159557389 = 0.9562441181570642 @ 168408.0 422.72021484375 1
0.6321008273746098 7.690771318861254 = 0.9959771083027097 @ 162355.0 1095.230224609375 1
1.1700887869745247 1.1700887872166685 = 1.0 @ 160406.0 1313.623046875 1
7.757627837662293 0.6172199787267709 = 0.9957139887633646 @ 156421.0 367.339111328125 1
0.6172863670072072 0.6378570997176953 = 0.9852601159589501 @ 156320.0 378.159912109375 1
4.111207143455424 1.1700887868507452 = 1.0 @ 155475.0 474.35302734375 1
7.7404802495848175 0.33111070086856753 = 0.9986848642168971 @ 143802.0 6.56640625 1
0.6242284339577809 1.1700887874278076 = 1.0 @ 141445.0 270.38427734375 1
0.3330184352446191 0.33301843538261394 = 1.0 @ 104436.0 188.308349609375 1
0.6242284334736271 4.111207144288503 = 1.0 @ 85491.0 243.772705078125 1
1.1700887886448719 0.6242284335541127 = 1.0 @ 44770.0 1014.945068359375 1
1.170088785405805 0.3330184354677197 = 1.0 @ 20473.0 1204.3916015625 1
0.33567562594675654 7.715434424181977 = 0.9983865265589356 @ 16884.0 37.433837890625 1
