-7.083506406921342 -1.4251284268383713 -7.08350640898636 = 2709.093505572828 @ 397470.0 289.962890625 1
-1.425128427964164 -0.800321099983809 -0.800321101554894 = 2709.093505572828 @ 396182.0 448.733642578125 1
-0.800289834037393 -7.708326636091335 -0.8002962702689714 = 2709.0934488375933 @ 392929.0 850.172607421875 1
5.482864205666493 -1.425128428774738 5.482864206244513 = 2709.093505572828 @ 390712.0 1125.177734375 1
-7.083506408067921 -7.708313733991657 5.482864206642822 = 2709.0935055728282 @ 383945.0 1962.075439453125 1
5.48286420599415 -7.083506407574352 -1.425128427028738 = 2709.093505572828 @ 382708.0 2114.06103515625 1
-1.4251284273068587 -7.083506408743866 5.4828642073007785 = 2709.093505572828 @ 381359.0 2278.01904296875 1
5.482864207643443 4.858056876641784 5.482864206103178 = 2709.0935055728282 @ 377658.0 2732.773193359375 1
-7.083506404677563 4.858056876871482 5.482864205418994 = 2709.093505572828 @ 374279.0 3151.327392578125 1
5.482864203717929 -7.708313735584566 -0.8003210995148919 = 2709.0935055728282 @ 370760.0 3580.91455078125 1
-7.708313735053556 -7.083506406934739 5.482864206061943 = 2709.0935055728282 @ 368361.0 3875.9697265625 1
-7.708313734785021 5.482864209414195 -7.083506406109985 = 2709.0935055728287 @ 364730.0 4325.226806640625 1
-7.708313736176683 -0.8003210999928263 5.4828642062123105 = 2709.0935055728287 @ 359615.0 4945.606201171875 1
-7.083506406796958 -7.083506408337735 4.8580568782963685 = 2709.0935055728287 @ 358322.0 5112.645263671875 1
-0.800321101510461 -0.8003211012453733 -1.4251284282449281 = 2709.093505572828 @ 357267.0 5240.650390625 1
-7.0835064063369195 -7.708313736610952 -0.8003210995940231 = 2709.0935055728282 @ 356170.0 5373.356689453125 1
-0.8003211007452856 4.858056878389343 -0.8003210996676305 = 2709.0935055728282 @ 352553.0 5818.625244140625 1
-0.8003211009860363 -1.425128428803611 -7.083506408486864 = 2709.093505572828 @ 340316.0 132.938720703125 1
4.858056831134984 5.482864340211885 5.482863314939099 = 2709.093505546682 @ 338547.0 351.885986328125 1
-0.8003210996966438 -0.8003211017940755 4.858056879001284 = 2709.0935055728282 @ 333488.0 970.447265625 1
5.482864207429115 5.482864206807774 -1.4251284292533324 = 2709.093505572828 @ 330935.0 1278.951904296875 1
-0.8003211014514637 -7.083506405789347 -1.4251284294213524 = 2709.093505572828 @ 325064.0 2001.982421875 1
-1.4251284302877916 -0.8003211018253401 -7.083506410242515 = 2709.093505572828 @ 321559.0 2434.782470703125 1
5.482864207094712 4.858056878734425 -0.800321100304172 = 2709.0935055728282 @ 320182.0 2603.3857421875 1
4.858056880123842 -7.083506408127791 -7.083506407956308 = 2709.0935055728282 @ 318959.0 2757.315185546875 1
-7.7083137366051115 -7.0835064066349895 -7.083506408049624 = 2709.0935055728287 @ 296316.0 5568.278564453125 1
-1.42512694853858 5.48286221154206 5.482864107570299 = 2709.0935053708467 @ 293739.0 79.660888671875 1
5.482864206176134 5.482864207246332 -7.708313736201594 = 2709.0935055728287 @ 283136.0 1390.07666015625 1
-0.8003211020451761 -1.4251284292167887 -0.8003210987247601 = 2709.093505572828 @ 281003.0 1652.69384765625 1
4.858056876709805 -7.083506407202343 5.482864205505261 = 2709.0935055728282 @ 274460.0 2458.448486328125 1
-1.4250944168239952 -7.083533747417279 -7.083502728080481 = 2709.093442059538 @ 271179.0 2862.05908203125 1
-1.42512842917527 5.482864206132883 -0.8003211010657745 = 2709.093505572828 @ 269816.0 3029.1474609375 1
5.4828642074567835 -1.4251284295173146 -0.800321099539388 = 2709.093505572828 @ 265093.0 3606.4794921875 1
5.482864206361586 -1.4251284302790406 -7.083506409503522 = 2709.093505572828 @ 257080.0 4597.096923828125 1
-7.0835060782730075 -0.8003210458654468 -1.4251283964406132 = 2709.0935055692185 @ 232453.0 2089.75439453125 1
-7.083506638882707 -7.083506689759654 -1.425128933025182 = 2709.093505559948 @ 231888.0 2165.686279296875 1
-7.0835064065503035 5.4828642081663075 -7.708313735237359 = 2709.0935055728287 @ 221075.0 3492.01953125 1
-7.083506407680801 -7.083506409142875 -7.708313736233221 = 2709.0935055728282 @ 202972.0 299.57861328125 1
-0.8003210996263878 -1.4251284275391263 5.482864207103489 = 2709.093505572828 @ 199579.0 716.978759765625 1
-7.083506406978268 4.858056879604499 -0.8003211015461921 = 2709.0935055728282 @ 196956.0 1038.44921875 1
-7.708313736587142 5.482864204612353 -0.8003211018249432 = 2709.0935055728282 @ 192835.0 1550.118408203125 1
5.482866058780342 4.8580646037149 -7.083505149270353 = 2709.09350339431 @ 186670.0 2309.7158203125 1
5.482864204970252 -7.7083137353216085 -7.083506407760931 = 2709.0935055728282 @ 166841.0 4752.297119140625 1
5.482864208420521 -0.8003211009529198 -1.42512842708121 = 2709.093505572828 @ 162094.0 142.898681640625 1
-0.800321102128744 5.4828642061559005 -1.4251284286686732 = 2709.0935055728273 @ 160983.0 282.193115234375 1
-7.0835064089091455 -1.4251284290482633 -0.800321100922108 = 2709.093505572828 @ 152718.0 1298.85302734375 1
4.858056879544238 5.482864206655555 -0.8003211003994188 = 2709.0935055728282 @ 142731.0 2526.931396484375 1
-0.8003210781771682 4.858056815326927 -7.083505150368516 = 2709.0935055219948 @ 125786.0 4614.216552734375 1
-0.8003211003348905 -7.083506407801233 -7.708313735649176 = 2709.0935055728282 @ 122729.0 4994.765625 1
-7.083506203294328 -7.7083138177245765 -7.083506374824975 = 2709.093505571225 @ 119536.0 85.262939453125 1
-7.708313745916471 -0.8003211353804839 -0.8003211478326506 = 2709.093505572712 @ 94219.0 3230.724365234375 1
-7.708313735042216 -7.083506407772932 -0.8003211011816911 = 2709.0935055728282 @ 87592.0 4056.64697265625 1
5.482864206584632 -0.80032110213352 4.858056879692926 = 2709.0935055728282 @ 86439.0 4201.751953125 1
5.482864206092492 -7.083506408279888 4.858056880691494 = 2709.0935055728287 @ 82668.0 4664.58642578125 1
-0.8003211017364863 -7.083506407338735 4.858056879021065 = 2709.0935055728287 @ 77697.0 286.66259765625 1
-0.8003210979528499 -7.708313734930277 5.482864209467617 = 2709.0935055728282 @ 67010.0 1610.864013671875 1
-1.4251274018310902 5.4828637495345465 -7.083505931567277 = 2709.0935055232303 @ 65185.0 1834.904541015625 1
5.482864208916115 -0.8003210993713452 -7.708313736696672 = 2709.093505572828 @ 61918.0 2241.557861328125 1
5.482864205381296 -7.083506408023571 -7.708313736321619 = 2709.093505572828 @ 58441.0 2670.755126953125 1
-7.083506408809065 5.482864206401828 -1.4251284289479935 = 2709.093505572828 @ 48034.0 3966.212646484375 1
5.482864206292543 5.482864207029145 4.858056879596008 = 2709.0935055728282 @ 13831.0 2657.560302734375 1
4.858057207506709 -0.8003212876903546 -7.083506433973324 = 2709.093505568028 @ 6770.0 3541.852294921875 1
