-7.708313735619532 5.4828642036804345 -0.8003211002846871 = 2709.0935055728282 @ 398632.0 150.31884765625 1
4.85805687969083 -7.08350640852277 -0.8003210999933684 = 2709.0935055728282 @ 397512.0 289.482666015625 1
5.4828642071588884 -7.708313735989803 -7.083506408792279 = 2709.0935055728282 @ 392845.0 874.0009765625 1
5.482864206825609 -7.708313734167588 5.482864209360044 = 2709.0935055728282 @ 391692.0 1017.042236328125 1
5.482864204790138 -7.08350640809179 4.858056877148141 = 2709.0935055728282 @ 389447.0 1301.239013671875 1
-7.70831373637842 -7.083506408321232 5.482864205894148 = 2709.0935055728282 @ 386026.0 1733.095458984375 1
-7.708313736815863 5.4828642062167585 5.4828642079008585 = 2709.0935055728282 @ 384859.0 1878.081787109375 1
-0.800321099758822 4.858056878965116 -7.0835064073895655 = 2709.0935055728282 @ 383622.0 2034.806884765625 1
4.858056878944355 5.482864207009395 -7.083506408192875 = 2709.0935055728282 @ 382539.0 2169.7275390625 1
-0.8003211000082227 -0.8003211017885448 4.858056882086752 = 2709.093505572828 @ 376934.0 2881.7451171875 1
-7.083506407108297 -7.083506406546776 -1.4251284286800994 = 2709.093505572828 @ 375585.0 3052.47900390625 1
-7.083506409364206 4.858056877166513 -0.8003211015148514 = 2709.0935055728282 @ 374348.0 3208.58544921875 1
-7.083506405700235 4.858056879395479 5.4828642068197455 = 2709.0935055728282 @ 368491.0 3935.459228515625 1
-0.8003211000010108 -7.70831373637712 5.482864204866437 = 2709.0935055728282 @ 367310.0 4084.944580078125 1
5.482864207609871 -0.8003211005381824 4.858056879406137 = 2709.0935055728287 @ 363875.0 4504.83544921875 1
-7.083506408311693 5.482864205990409 -7.7083137350780415 = 2709.0935055728282 @ 361546.0 4788.5166015625 1
-1.4251284276992084 5.48286420633445 -0.8003211009498632 = 2709.093505572828 @ 353561.0 5772.575439453125 1
-0.8003211015496595 5.482864206128053 -7.708313738540154 = 2709.093505572828 @ 351190.0 6068.844482421875 1
5.482864206349218 4.858056878941307 -0.8003210991200539 = 2709.0935055728282 @ 343975.0 6956.637939453125 1
-1.425128426163307 -7.083506406045062 -0.8003211003290602 = 2709.093505572828 @ 342602.0 142.51416015625 1
4.858056878330098 -0.8003211007537607 -0.8003210999971977 = 2709.0935055728282 @ 338831.0 613.3046875 1
-0.8003211000327138 -7.7083137370016015 -0.800321101024499 = 2709.0935055728282 @ 335326.0 1047.559326171875 1
-7.08350640647244 -0.8003210981203226 4.85805687751422 = 2709.093505572828 @ 328279.0 1919.52294921875 1
5.482864207097645 -1.4251284284837165 -0.8003210985526904 = 2709.093505572828 @ 321134.0 2803.722412109375 1
5.482865112752191 -7.708313320829314 -0.8003213997477499 = 2709.0935055378204 @ 309019.0 4305.27978515625 1
4.857942976216377 -0.8003080326340789 5.481636270419495 = 2709.0447118944744 @ 307516.0 4490.710205078125 1
-1.4251284273726497 -0.8003211019522324 -0.8003211016838621 = 2709.093505572828 @ 304879.0 4816.58154296875 1
-7.708313733699354 -0.8003211018937697 -7.083506409929672 = 2709.0935055728282 @ 286706.0 1940.981201171875 1
-7.708313734585721 5.482864207682709 -7.083506407122439 = 2709.0935055728282 @ 283061.0 2397.5078125 1
-0.8003213624446541 -0.8003216838851398 -7.708313300305647 = 2709.0935055533096 @ 262952.0 4912.172607421875 1
-7.083506406829042 -1.425128427904158 5.482864206894948 = 2709.093505572828 @ 253109.0 439.760498046875 1
-0.800321101297519 -7.708313735111551 -7.083506408509539 = 2709.0935055728282 @ 250696.0 743.835205078125 1
5.482864208375331 4.858056880583918 -7.083506408264814 = 2709.0935055728282 @ 242403.0 1778.715087890625 1
5.482864207799706 -0.8003211008486286 -1.4251284294111988 = 2709.0935055728282 @ 229532.0 3387.775146484375 1
-1.4251284258089922 -7.083506407557822 -7.083506405260126 = 2709.093505572828 @ 228085.0 3565.53662109375 1
4.8580567970551956 -0.8003214629339489 -7.083506674050634 = 2709.093505566114 @ 222158.0 4309.392822265625 1
4.8580568784287275 -7.083506408116986 -7.08350640845037 = 2709.0935055728282 @ 212917.0 425.492919921875 1
-0.8003211009508598 -0.8003211002069732 -1.4251284291493689 = 2709.093505572828 @ 209986.0 790.490478515625 1
-0.8003211005435962 4.858056878961939 5.482864207253676 = 2709.093505572828 @ 207713.0 1074.950927734375 1
-7.083506407962542 -1.4251284287570747 -7.083506405239494 = 2709.093505572828 @ 203620.0 1589.885986328125 1
5.482864208099443 5.48286420694744 4.858056877066561 = 2709.093505572828 @ 202467.0 1731.767822265625 1
-7.0835064087869 -7.708313735624271 -0.8003211005968264 = 2709.0935055728282 @ 201328.0 1875.34521484375 1
-0.8003211006343202 5.482864205737007 4.858056879295647 = 2709.0935055728282 @ 198747.0 2194.972412109375 1
4.858056877891096 -7.083506407739024 5.482864204957454 = 2709.0935055728282 @ 196320.0 2500.989990234375 1
5.482864205245816 -7.083506406389543 -1.425128427806131 = 2709.093505572828 @ 195125.0 2653.98046875 1
-7.083506406222433 -7.08350640812241 -7.708313735137883 = 2709.0935055728287 @ 190178.0 3270.431396484375 1
-7.083506408477669 -0.800321099451547 -7.70831373622111 = 2709.0935055728282 @ 184965.0 3928.46044921875 1
5.482864208095395 -1.4251284289354937 -7.083506406997412 = 2709.093505572828 @ 170152.0 149.981689453125 1
-7.0835066232901225 5.482863972697362 4.85805729603409 = 2709.0935055636955 @ 157323.0 1749.508544921875 1
5.482864206350452 5.482864205107435 -7.708313736486891 = 2709.0935055728287 @ 153006.0 2293.0263671875 1
5.48286420843204 5.482864207333853 -1.4251284288959354 = 2709.093505572828 @ 150117.0 2655.166748046875 1
-0.8003211006113562 5.4828642058932315 -1.425128429210315 = 2709.093505572828 @ 139556.0 3972.700927734375 1
4.858056878604957 5.482864208180379 -0.8003211005134614 = 2709.0935055728287 @ 138277.0 4128.42138671875 1
-7.083506406212792 4.858056879231535 -7.0835064088048165 = 2709.0935055728282 @ 128868.0 145.006591796875 1
-7.083506655184534 -7.083506269378593 4.858056897722717 = 2709.093505570236 @ 101563.0 3567.194091796875 1
-1.4251284265322872 5.482864206479166 5.4828642088552355 = 2709.093505572828 @ 81136.0 1129.634765625 1
-7.083506409693315 -1.4251284284192456 -0.8003210989922359 = 2709.093505572828 @ 62007.0 3515.771240234375 1
-0.8003185261751463 -7.083507686077266 4.8580524412397565 = 2709.0935046420936 @ 61470.0 3586.41064453125 1
-1.4251284273860647 -0.8003210997867259 5.482864207395172 = 2709.093505572828 @ 18573.0 3281.251708984375 1
-7.083506493435167 -7.708313494562886 -7.083506805526645 = 2709.093505565553 @ 15390.0 3679.015625 1
-0.8003210998675155 -1.4251284275935683 5.482864205961681 = 2709.093505572828 @ 14125.0 3838.548828125 1
