7.70627726223754 7.706277249410803 = 1.0 @ 199368.0 59.950439453125 1
7.7062772529586585 2.193280052364567 = 1.0 @ 198828.0 119.614013671875 1
2.1932800526854135 7.7062772526239955 = 1.0 @ 198175.0 191.1865234375 1
4.111207138850753 7.70627725222796 = 1.0 @ 197618.0 251.341064453125 1
1.1700887894783873 7.706277256806277 = 1.0 @ 196881.0 331.1181640625 1
0.6242284328124034 4.111207139412964 = 1.0 @ 196312.0 394.821533203125 1
4.111207141130211 4.111207143472949 = 1.0 @ 195755.0 455.57568359375 1
7.706277248790202 4.111207144165519 = 1.0 @ 191550.0 927.6005859375 1
2.193280051693793 2.1932800519763123 = 1.0 @ 190417.0 1051.986328125 1
0.33301843540802223 2.193280050900869 = 1.0 @ 181416.0 69.699951171875 1
0.3330184356058724 4.111207145233786 = 1.0 @ 180727.0 146.38427734375 1
1.170093686196179 2.1933001676233674 = 0.9999999974586646 @ 180458.0 175.98974609375 1
2.193280050723415 4.1112071401379096 = 1.0 @ 179685.0 261.267822265625 1
4.111207140967639 1.1700887889524951 = 1.0 @ 178072.0 442.5751953125 1
4.1112071405422395 0.6242284340331661 = 1.0 @ 176579.0 611.581787109375 1
7.706277249266024 0.6242284341833372 = 1.0 @ 175014.0 784.0009765625 1
2.193274056217328 0.6242260720068964 = 0.9999999994554146 @ 173989.0 897.005859375 1
1.1700887856425115 4.111207141381307 = 1.0 @ 171236.0 1210.916259765625 1
7.790251873158765 0.32935069417719803 = 0.9940032278287818 @ 160783.0 1097.599853515625 1
4.111207146726359 2.193280052918659 = 1.0 @ 158682.0 64.99267578125 1
2.193280053292877 1.1700887873741441 = 1.0 @ 151309.0 888.4697265625 1
7.706275599661644 1.1701081558092057 = 0.9999999931490309 @ 144032.0 1711.034423828125 1
0.6242360095028158 7.706217824118369 = 0.9999999948308165 @ 129983.0 155.476318359375 1
1.1772220624399214 1.1752912790846366 = 0.9985848226809495 @ 117514.0 126.16748046875 1
1.1534155594302433 0.625660722038578 = 0.9947279960103523 @ 116909.0 193.960205078125 1
0.6002606789482433 2.1303559673458468 = 0.9411300739349486 @ 104368.0 722.4306640625 1
0.6242284331111704 1.1700887882462723 = 1.0 @ 100299.0 297.897705078125 1
4.1112071445535125 0.3330184349859566 = 1.0 @ 84878.0 802.541015625 1
0.3330184353837642 7.706277253470063 = 1.0 @ 66521.0 312.76513671875 1
0.6242284333103643 0.6242284340480825 = 1.0 @ 51388.0 731.630126953125 1
