4.85805688052424 -7.083506407413433 = 186.73090883102392 @ 199248.0 70.289794921875 1
4.858056877262628 5.482864206192032 = 186.73090883102392 @ 197256.0 297.3916015625 1
-7.083506407188503 4.85805687920057 = 186.73090883102392 @ 195163.0 534.41650390625 1
5.482864207178365 -1.4251284278522838 = 186.7309088310239 @ 194486.0 610.7236328125 1
-1.4251284291026838 -7.083506408704399 = 186.73090883102387 @ 193737.0 695.021484375 1
4.858056879066796 -0.800321100345675 = 186.73090883102392 @ 192940.0 784.86474609375 1
5.482864208317499 -7.708313735068193 = 186.73090883102392 @ 190079.0 1107.20654296875 1
-7.7083137360985585 5.482864206557724 = 186.73090883102392 @ 184326.0 1768.062744140625 1
-1.4251284283023362 -0.8003211009407347 = 186.7309088310239 @ 183661.0 1843.7900390625 1
5.4828642096756806 4.858056879859356 = 186.73090883102392 @ 182960.0 1923.393310546875 1
-7.083506407386361 -1.4251284286107928 = 186.7309088310239 @ 178131.0 2469.86181640625 1
-1.4251284296687898 5.482864207285251 = 186.7309088310239 @ 176474.0 94.1181640625 1
-0.8003211014168964 4.858056879338259 = 186.73090883102392 @ 170421.0 785.9375 1
-7.708314358980072 -7.083507452421182 = 186.73090882770572 @ 165796.0 1310.697021484375 1
-0.8003210997943342 -1.4251284292145914 = 186.7309088310239 @ 162087.0 143.552978515625 1
-7.083506410440536 -7.708313734562017 = 186.73090883102392 @ 149962.0 1537.527587890625 1
-0.8003211007091213 -7.708313736608778 = 186.73090883102392 @ 149189.0 1626.22412109375 1
-7.708313735846039 -0.8003211010912549 = 186.7309088310239 @ 142576.0 379.145263671875 1
