5.482864206591812 4.858056879407409 -7.083506409870954 = 2709.0935055728282 @ 397512.0 282.95751953125 1
-7.083506409310248 5.482864207416084 4.85805687736808 = 2709.093505572829 @ 395048.0 584.324951171875 1
-0.8003211012763229 -7.0835064070342355 4.85805688048246 = 2709.0935055728282 @ 393951.0 718.207275390625 1
-7.708313736461028 -0.8003211026557057 -0.8003211013319771 = 2709.0935055728282 @ 392798.0 857.554443359375 1
-1.4251284282377783 5.482864205077575 5.4828642063673625 = 2709.093505572828 @ 379843.0 2438.052734375 1
5.4828642070187135 -0.8003211000949891 -1.4251284285069346 = 2709.093505572828 @ 373048.0 3274.865478515625 1
5.482864206790609 -7.708313733971492 5.4828642058823105 = 2709.0935055728282 @ 371909.0 3416.69384765625 1
5.482864207232124 -0.8003211003381493 4.858056880031286 = 2709.093505572829 @ 368334.0 3866.863525390625 1
4.858056879161262 -0.8003210999591449 -7.083506406750766 = 2709.0935055728287 @ 367181.0 4011.531494140625 1
-7.083506407638918 -7.083506408630129 -7.7083137360011005 = 2709.0935055728282 @ 363648.0 4456.861328125 1
5.482864206309664 -1.4251284272993097 5.482864206618167 = 2709.093505572828 @ 361487.0 4726.251953125 1
-1.4251284280223824 5.4828642065345505 -0.8003211005158289 = 2709.093505572828 @ 357772.0 5197.5380859375 1
5.482864208411751 -7.0835064076863095 -1.4251284288960462 = 2709.093505572828 @ 356479.0 5358.127685546875 1
-1.425128430222309 -0.800321100630531 -0.8003210999625276 = 2709.093505572828 @ 346100.0 6670.27783203125 1
-0.8003210991533516 -0.8003211010571447 4.858056879417349 = 2709.0935055728287 @ 343673.0 6972.136474609375 1
-7.083506407342563 4.8580568781789655 -0.8003211000243862 = 2709.0935055728282 @ 334922.0 136.332275390625 1
-7.083506294051025 -7.083506276070561 -1.4251283158645407 = 2709.0935055714294 @ 332285.0 457.6904296875 1
5.482864206460576 5.482864205689814 4.858056880372368 = 2709.0935055728282 @ 329970.0 746.08056640625 1
-0.8003210987164989 -7.708313736467913 -7.083506409022359 = 2709.0935055728282 @ 327487.0 1055.83349609375 1
-7.708313732910154 -0.8003211005524603 5.4828642080489445 = 2709.0935055728282 @ 323212.0 1576.586669921875 1
-7.708313735387227 5.4828642065170206 -0.8003211015676984 = 2709.0935055728282 @ 319343.0 2053.808349609375 1
-7.70831365483149 5.482864365687213 5.482864283092933 = 2709.0935055716086 @ 316860.0 2362.040283203125 1
-7.0835064074962535 -0.8003211021650289 4.858056877981719 = 2709.0935055728282 @ 305081.0 3802.4541015625 1
-7.083506406746169 -0.8003210999983109 -1.4251284297312832 = 2709.093505572828 @ 303802.0 3960.289794921875 1
4.858057081347983 -7.0835067948477155 5.482864316811805 = 2709.0935055662453 @ 299457.0 4498.32568359375 1
-0.8003210988282761 5.482864208420277 -7.70831373533216 = 2709.0935055728287 @ 284196.0 1297.4853515625 1
-1.4251284282062744 -7.083506406379979 -0.8003211009186518 = 2709.093505572828 @ 275987.0 2312.575927734375 1
-7.708313736289531 5.48286420729446 -7.0835064080797485 = 2709.0935055728282 @ 274778.0 2459.67529296875 1
-7.083506076537744 -0.8003207009011368 -7.708314566840132 = 2709.0935055408227 @ 267689.0 3334.205078125 1
-1.4251284278204694 5.482864206799581 -7.083506407699111 = 2709.093505572828 @ 261160.0 4137.519287109375 1
-0.8003211002229487 -1.425128427782444 -0.800321100946371 = 2709.093505572828 @ 260063.0 4271.376953125 1
-7.7083137354827596 -7.08350640867283 5.482864207460238 = 2709.0935055728282 @ 256530.0 4715.517822265625 1
-1.4251284291514827 -0.8003211006570801 5.482864206247537 = 2709.093505572828 @ 255349.0 4859.628173828125 1
-0.8003211010759295 4.858056879963103 -0.8003211003919322 = 2709.0935055728282 @ 245026.0 6128.50341796875 1
-7.0835064063854185 5.482864208076985 -7.708313736009627 = 2709.0935055728287 @ 243817.0 6274.259033203125 1
5.482864207407256 5.482864206695317 -1.4251284286963128 = 2709.093505572828 @ 241282.0 143.11376953125 1
4.858056879908306 -7.083506406121523 -0.8003211005643369 = 2709.0935055728282 @ 237847.0 569.91845703125 1
4.858056879283838 -7.083506409309779 -7.08350640481962 = 2709.0935055728282 @ 236722.0 707.448486328125 1
4.858056877260769 5.482864205981893 -0.8003211015757871 = 2709.093505572828 @ 232307.0 1253.661376953125 1
-0.8003290389799133 -7.08351518244906 -1.4251272213873305 = 2709.093501034599 @ 226016.0 2023.412353515625 1
5.48286420694429 -1.4251284288892903 -7.083506406651447 = 2709.093505572828 @ 223505.0 2333.89306640625 1
5.482864206356508 -7.708313736072993 -7.083506406077125 = 2709.0935055728282 @ 222240.0 2488.123046875 1
5.482864207546625 -7.083506407643327 -7.7083137343981445 = 2709.0935055728287 @ 216425.0 3199.09228515625 1
-0.800321227171494 -1.4251288256450902 -7.083506767533404 = 2709.0935055628224 @ 213186.0 3597.86328125 1
-0.8003211010238983 -7.083506407088844 -7.708313735063028 = 2709.0935055728282 @ 208449.0 4184.123046875 1
5.48286420608738 5.4828642099478255 -7.708313735341248 = 2709.0935055728287 @ 196072.0 133.34765625 1
-0.8003211004477377 -7.708313735162596 5.482864209078861 = 2709.0935055728282 @ 194989.0 270.161865234375 1
4.858056628376323 -0.8003211911568734 -0.800321551881579 = 2709.0935055639084 @ 194242.0 364.931396484375 1
5.482863346590917 -7.083506231914515 4.85805701987577 = 2709.093505547447 @ 191423.0 718.9580078125 1
-7.083506409138446 5.482864206382393 -1.4251284290540382 = 2709.093505572828 @ 181478.0 1945.434814453125 1
-7.083506408377173 4.858056879295377 -7.083506408251822 = 2709.0935055728282 @ 175467.0 2686.949951171875 1
-1.4251284269584754 -7.083506408297644 5.482864206393249 = 2709.093505572828 @ 173292.0 2952.715576171875 1
-7.708313737645957 -0.8003211005165944 -7.083506406159012 = 2709.0935055728282 @ 161709.0 4386.6640625 1
4.858056878921099 5.482864204599974 5.482864206983499 = 2709.0935055728282 @ 159310.0 4681.591796875 1
5.482864203218635 4.858056878693576 5.482864203734493 = 2709.0935055728282 @ 155469.0 5155.449951171875 1
-7.08350641002828 -7.708313735201683 5.482864207125864 = 2709.0935055728282 @ 139368.0 1345.7744140625 1
-0.8003218296150809 -1.4251306937287291 5.482863917381754 = 2709.0935053795642 @ 132769.0 2173.81396484375 1
-7.083506407153711 -7.708313736249776 -7.083506408808444 = 2709.0935055728282 @ 106518.0 435.58740234375 1
-7.708313736619621 -7.083506408111313 -7.083506407876706 = 2709.0935055728282 @ 96083.0 1729.313232421875 1
-0.8003211011152516 4.858056878553741 5.4828642055567895 = 2709.093505572828 @ 73538.0 4547.40673828125 1
5.4828642088435755 -1.425128426988629 -0.8003210998119942 = 2709.093505572828 @ 67573.0 167.131103515625 1
-1.4251284275123381 -7.0835064075473015 -7.083506409101365 = 2709.093505572828 @ 59882.0 1122.176513671875 1
-1.4251293428674907 -0.800321421660569 -7.083507168714328 = 2709.0935055226682 @ 45009.0 2967.50390625 1
-7.70831373448304 -7.083506406433849 -0.8003211000346241 = 2709.0935055728282 @ 18170.0 1354.784912109375 1
-0.8003131535007172 -7.7083074781199 -0.8003348593955679 = 2709.0934961548674 @ 9499.0 2425.34375 1
