5.4828642058251695 -7.708313733752986 = 186.73090883102392 @ 199248.0 70.580078125 1
4.858056878699111 -0.8003211015370291 = 186.73090883102392 @ 198576.0 147.21875 1
-7.708313735578569 -7.083506406569336 = 186.73090883102392 @ 197779.0 236.947509765625 1
4.85805687951848 -7.083506407198873 = 186.7309088310239 @ 196322.0 402.05322265625 1
4.858056877329916 5.48286420709737 = 186.7309088310239 @ 194277.0 637.372314453125 1
-1.4251284265700366 -7.0835064065692155 = 186.7309088310239 @ 190852.0 1028.905029296875 1
-1.425128427390264 5.482864207694423 = 186.7309088310239 @ 189503.0 1182.69775390625 1
-0.8003211024636647 -7.708313737268851 = 186.73090883102392 @ 188058.0 1346.021484375 1
-0.8003210985080025 4.858056879526446 = 186.73090883102392 @ 186721.0 1496.30712890625 1
-7.08350640742805 -7.708313734721233 = 186.7309088310239 @ 185396.0 1645.54443359375 1
-1.425128429210364 -0.8003211013571299 = 186.73090883102387 @ 184731.0 1723.62255859375 1
5.482864206121915 4.858056878292695 = 186.73090883102392 @ 182698.0 1954.078125 1
-7.708313733819187 5.482864205360015 = 186.73090883102392 @ 177129.0 76.490966796875 1
-7.083506409045694 4.858056878059694 = 186.73090883102392 @ 176488.0 148.22998046875 1
-7.7083137915315625 -0.8003197571634766 = 186.73090882702894 @ 176099.0 191.987548828125 1
-7.083504004975729 -1.425128288527723 = 186.73090881822128 @ 173178.0 532.39453125 1
5.482864207355114 -1.425128429561855 = 186.7309088310239 @ 117793.0 539.44873046875 1
-0.8003211004738118 -1.425128428749489 = 186.73090883102387 @ 105324.0 306.906494140625 1
