0.4999999999249641 0.3749999998873321 = -2.0 @ 199152.0 77.27197265625 1
0.8333333331578121 0.8750000001755356 = -2.0 @ 198408.0 162.5126953125 1
0.833333333087077 0.3750000002579305 = -2.0 @ 196999.0 315.736083984375 1
0.16666666671626884 0.6250000001367695 = -2.0 @ 196238.0 398.422119140625 1
0.833333333587358 0.6249999998577714 = -2.0 @ 195561.0 470.851806640625 1
0.16666666663769902 0.8750000000189074 = -2.0 @ 194932.0 538.422607421875 1
0.49999999957029445 0.6250000003902172 = -2.0 @ 194279.0 613.514892578125 1
0.49999999981105575 0.12499999979088096 = -2.0 @ 193590.0 687.4189453125 1
0.4999999999348612 0.8749999999744075 = -2.0 @ 192181.0 840.404541015625 1
0.8333333333297791 0.1249999998506657 = -2.0 @ 189464.0 1135.958984375 1
0.16666666670389343 0.37500000004155815 = -2.0 @ 181431.0 2027.64111328125 1
0.16666666681145925 0.12500000041355006 = -2.0 @ 179338.0 2253.895263671875 1
