-7.083506406429966 -0.8003211009641987 4.858056880060987 = 2709.0935055728282 @ 397512.0 284.838623046875 1
5.482864207245803 5.482864205482185 4.858056879305808 = 2709.0935055728287 @ 395132.0 579.971923828125 1
5.482864206534707 -7.7083137346083515 5.482864205018492 = 2709.0935055728282 @ 394021.0 714.257568359375 1
-1.4251284270040125 5.482864206093337 5.482864205917025 = 2709.093505572828 @ 391832.0 980.7041015625 1
-0.8003211015355496 -1.425128430288212 5.4828642069397215 = 2709.093505572828 @ 388607.0 1379.4775390625 1
4.858056879011054 5.482864207561615 -0.8003210986713558 = 2709.0935055728282 @ 384234.0 1918.650634765625 1
-7.083506408171911 -1.4251284273453046 5.482864205718235 = 2709.093505572828 @ 383123.0 2052.9013671875 1
5.482864206193332 -1.425128428515824 5.482864205431006 = 2709.093505572828 @ 381998.0 2188.44873046875 1
-1.4248458122917544 -7.0842194358476105 5.483061500520039 = 2709.0732553847956 @ 378409.0 2631.997314453125 1
-7.083506406525715 -0.8003210986383398 -7.708313735201527 = 2709.0935055728287 @ 377326.0 2765.891357421875 1
-0.8003210991917894 -7.083506407090881 4.8580568795754235 = 2709.0935055728282 @ 376229.0 2900.919677734375 1
-1.425128427978485 -7.083506406738032 -7.083506407354138 = 2709.093505572828 @ 375020.0 3053.048828125 1
-7.083506409345259 5.482864209267286 -7.708313736800124 = 2709.093505572828 @ 371305.0 3506.425537109375 1
-7.083506406511663 -7.708313735050714 -0.8003211016545967 = 2709.0935055728282 @ 370082.0 3654.543701171875 1
-7.708313736339113 5.482864208123097 -0.8003211002331343 = 2709.0935055728282 @ 367669.0 3955.234619140625 1
4.858056878111649 -7.08350640584477 -0.800321101248374 = 2709.0935055728282 @ 363212.0 4508.48291015625 1
-7.70831373473794 5.482864208034284 5.482864205174262 = 2709.0935055728282 @ 360799.0 4806.325927734375 1
-7.708313734842859 -0.8003211019128245 -7.083506406441581 = 2709.0935055728287 @ 356174.0 5381.948486328125 1
-0.8003210986462006 5.4828642056011425 -7.708313735740992 = 2709.0935055728282 @ 353887.0 5662.8955078125 1
-7.708313735082141 -7.083506408287035 -0.8003211006367889 = 2709.0935055728282 @ 343844.0 6898.748291015625 1
-7.0835064050148455 4.85805688031922 -0.8003210991846431 = 2709.0935055728282 @ 339135.0 7480.30859375 1
5.483111443287683 4.857789147214909 5.482766753729845 = 2709.0888178858036 @ 308558.0 3793.45947265625 1
5.4828638748972 -0.8003214775221489 -7.708314294569759 = 2709.0935055541704 @ 301595.0 4664.824951171875 1
5.482864208381569 4.85805688040538 -0.8003210981156778 = 2709.0935055728282 @ 300428.0 4810.811767578125 1
-0.8003211014306136 -7.708313734129808 -7.083506406729832 = 2709.0935055728282 @ 292433.0 407.4111328125 1
-7.083506934431133 -0.8003212656385981 -1.4251284126697934 = 2709.0935055630466 @ 284448.0 1399.498046875 1
-0.800321099815576 -7.083506408293119 -1.4251284286553696 = 2709.093505572828 @ 271731.0 2969.97119140625 1
5.482864205987864 -7.083506409238713 4.85805688014265 = 2709.093505572829 @ 266434.0 3624.86474609375 1
4.858056880182639 -7.083506407382934 -7.083506407534502 = 2709.0935055728287 @ 258757.0 4578.423095703125 1
-7.708313735709508 -7.083506408646393 -7.083506407424043 = 2709.0935055728282 @ 254986.0 5038.66796875 1
-1.4251284281237993 -0.8003210991812251 5.482864206637017 = 2709.093505572828 @ 253847.0 5185.05419921875 1
-0.8003211753122685 4.858056265244247 -0.800321430051085 = 2709.0935055564332 @ 251056.0 5528.670654296875 1
-7.083506406508051 -7.083506409326991 4.858056881169732 = 2709.0935055728282 @ 241969.0 951.931396484375 1
-7.083506408429423 5.482864207118452 4.858056878108409 = 2709.0935055728287 @ 238352.0 1408.4228515625 1
5.482864206152113 5.482864206694721 -1.4251284278520167 = 2709.093505572828 @ 232859.0 2095.94580078125 1
5.4828642081379595 -0.8003211001089505 4.858056879436512 = 2709.0935055728287 @ 227912.0 2711.2568359375 1
5.482864204811167 -1.4251284273021723 -0.8003211012427109 = 2709.093505572828 @ 203841.0 5709.538330078125 1
4.858043414622539 5.482876563058572 -7.083482805368844 = 2709.093476688392 @ 193690.0 760.563720703125 1
5.482864206090799 -1.4251284268058497 -7.08350640790274 = 2709.093505572828 @ 187301.0 1559.185791015625 1
-0.800321100502931 5.482864206785115 4.858056880167519 = 2709.0935055728282 @ 180996.0 2354.12890625 1
-7.083506804235848 -7.083506684864753 -7.708313540611531 = 2709.0935055640366 @ 171583.0 3526.2333984375 1
-7.083506407648128 -1.4251284293579871 -0.8003211001130005 = 2709.093505572828 @ 164368.0 4425.45068359375 1
5.482864207711952 -7.708313736376345 -7.0835064085741495 = 2709.0935055728282 @ 161857.0 4737.90673828125 1
-7.083506502437901 -7.083507135592007 -1.4251285413968373 = 2709.093505555118 @ 156074.0 83.196044921875 1
-7.083506404768665 -7.708313734299898 5.482864206521711 = 2709.0935055728282 @ 155075.0 211.67529296875 1
-0.8003211020224233 -0.800321099945942 -1.4251284274527705 = 2709.093505572828 @ 153978.0 346.990966796875 1
-7.083506407022442 -1.4251284265299666 -7.083506407195682 = 2709.093505572828 @ 150095.0 826.03466796875 1
4.8580568884647715 -0.8003210396108823 -7.0835059090816985 = 2709.093505564735 @ 149460.0 905.130615234375 1
-1.4251287573069167 5.482863848472414 -0.8003204138164299 = 2709.093505549936 @ 148755.0 998.466796875 1
-1.4251284271435138 -0.8003211001633802 -0.8003211020747051 = 2709.093505572828 @ 145334.0 1427.791748046875 1
4.858056879125771 5.48286420860593 5.482864208697858 = 2709.0935055728282 @ 114417.0 5281.47607421875 1
5.482864206912396 4.858056878847906 -7.083506405624482 = 2709.0935055728282 @ 105848.0 144.878662109375 1
-7.708313735370309 -0.8003211000344548 5.482864207568673 = 2709.0935055728282 @ 96813.0 1260.8876953125 1
-0.8003218171702642 -7.708315809664225 -0.8003198647120702 = 2709.0935053619273 @ 93112.0 1718.89501953125 1
-1.425128428540844 -0.800321101229875 -7.083506408342844 = 2709.0935055728282 @ 92029.0 1852.714599609375 1
5.482864207491737 -7.708313735537841 -0.8003211003369187 = 2709.0935055728282 @ 79494.0 3413.831298828125 1
-7.083506407749342 4.858056879462945 -7.083506406212024 = 2709.0935055728282 @ 61289.0 5702.75048828125 1
-0.8003211022860193 -1.4251284289883954 -0.8003211011928608 = 2709.093505572828 @ 44054.0 1620.508544921875 1
-7.708313736602575 -0.8003210995664286 -0.8003210997386461 = 2709.0935055728282 @ 19577.0 4694.9208984375 1
