7.706277256914834 7.7062772636516 = 1.0 @ 199380.0 52.97216796875 1
4.111207133610271 1.170088788658498 = 0.9999999999999999 @ 198876.0 110.4296875 1
4.1112071490121105 7.706277259438455 = 1.0 @ 197851.0 220.8583984375 1
2.1932800511934114 4.1112071439229165 = 1.0 @ 196226.0 395.0595703125 1
7.7062772584019905 4.1112071433422175 = 1.0 @ 195681.0 453.87744140625 1
4.111207138573681 2.1932800486532362 = 1.0 @ 195112.0 514.60009765625 1
0.6242284334040877 4.111207147879174 = 1.0 @ 193499.0 689.24658203125 1
1.1700887855380206 4.111207141524432 = 1.0 @ 191814.0 869.827880859375 1
2.193280050441656 7.706277256078098 = 1.0 @ 190201.0 1047.824951171875 1
1.1700887872162524 7.706277243252466 = 1.0 @ 189620.0 1110.76416015625 1
2.1932800510904378 0.624228433849284 = 1.0 @ 183087.0 1816.564697265625 1
7.7062772605971706 1.1700887876430217 = 1.0 @ 181886.0 60.9150390625 1
7.706277261597925 2.1932800503795593 = 1.0 @ 181089.0 149.89208984375 1
0.6188098497618875 7.90140663488039 = 0.9825502800621099 @ 180484.0 217.605224609375 1
0.3161239317042136 7.972280563181639 = 0.905236681646403 @ 180484.0 217.605224609375 1
2.1284057241493795 2.258256705385922 = 0.9564736113336776 @ 173814.0 944.1279296875 1
4.11120714007223 4.111207147392369 = 1.0 @ 173125.0 1017.177978515625 1
7.706277259033725 0.6242284335660773 = 1.0 @ 171224.0 1222.673583984375 1
0.32865384237888684 2.178129581146714 = 0.9944543436702755 @ 169867.0 139.06494140625 1
0.5895947053913599 2.229065176183473 = 0.9141978723506725 @ 169867.0 139.06494140625 1
1.1700520413150108 0.62424941443476 = 0.9999999471018741 @ 169293.0 200.94677734375 1
0.6036196750513252 1.1731793291969992 = 0.9719126388781476 @ 168520.0 287.339599609375 1
4.111207140388528 0.6242284335384674 = 1.0 @ 164951.0 693.040283203125 1
1.1680773713181112 1.1706470136493392 = 0.9999203107267318 @ 109182.0 382.41796875 1
2.2393023872492748 1.1607386435070497 = 0.9876494122204633 @ 108337.0 475.270751953125 1
0.6242284342570197 0.6242284327028607 = 1.0 @ 106616.0 665.94921875 1
1.1701123385282537 2.1932898688978573 = 0.9999999893712694 @ 93715.0 1056.363037109375 1
