0.3330184357215923 1.170088788776482 = 1.0 @ 199008.0 91.450439453125 1
2.1929173811069043 7.694256620627033 = 0.9999383942578132 @ 197964.0 206.988037109375 1
4.111207143596786 2.1932800473685434 = 1.0 @ 197431.0 264.160888671875 1
7.706277253295122 7.706277265229931 = 1.0 @ 196898.0 320.882568359375 1
4.111207143892998 4.111207142612982 = 1.0 @ 195393.0 480.276123046875 1
2.1932800516242006 1.1700887874924817 = 1.0 @ 194812.0 541.81005859375 1
2.1932800486526087 4.111207144015156 = 1.0 @ 193763.0 652.40087890625 1
4.111207146124892 7.706277256074068 = 1.0 @ 192762.0 757.99072265625 1
2.193280047115903 2.1932800500366736 = 1.0 @ 191665.0 872.973876953125 1
7.70627726181879 4.111207146676206 = 1.0 @ 191144.0 928.192626953125 1
7.706277250522417 2.1932800521464886 = 1.0 @ 186867.0 1393.3818359375 1
7.706277264561632 1.1700887866414516 = 1.0 @ 183382.0 1766.1572265625 1
7.705060872930019 0.33297512107892846 = 0.9999989540555939 @ 182357.0 1873.357666015625 1
1.170088787295232 7.706277254485933 = 1.0 @ 181788.0 1933.919921875 1
0.6284845509586563 7.704267238410266 = 0.9988444198144311 @ 179135.0 215.589599609375 1
1.170088787698648 4.111207142374381 = 1.0 @ 174702.0 707.218994140625 1
1.1494775395441221 1.2110615390441417 = 0.9628013905162339 @ 172301.0 109.924560546875 1
4.111207142377461 1.170088788129876 = 1.0 @ 170772.0 273.489013671875 1
0.33301843577880375 4.111207148402966 = 1.0 @ 168139.0 560.140625 1
2.193280052232735 0.6242284347826214 = 1.0 @ 159498.0 237.46923828125 1
4.117787721951528 0.6569594729098722 = 0.9360494478648271 @ 153649.0 890.65234375 1
1.1700887871631391 2.19328005269402 = 1.0 @ 151860.0 62.468017578125 1
0.6242284338074756 4.111207143642206 = 1.0 @ 147103.0 576.481201171875 1
1.1700887865003766 0.6242284327097181 = 1.0 @ 124930.0 491.012939453125 1
0.6242284340455202 2.1932800507506403 = 1.0 @ 119465.0 1085.848876953125 1
7.70621712734166 0.6242253930537942 = 0.9999999978848153 @ 117372.0 1310.43994140625 1
4.120954520623357 0.33313446900265425 = 0.9998567724639122 @ 51227.0 134.10546875 1
0.34549588496691414 2.255833024865874 = 0.9469150978542693 @ 33203.0 302.767578125 1
2.1932800532016676 0.33301843558394645 = 1.0 @ 12266.0 302.712890625 1
