5.482864205373544 5.482864207697463 -1.4251284300855473 = 2709.093505572828 @ 395216.0 565.881591796875 1
-0.8003210994529596 -1.4251284288853259 -7.083506411055334 = 2709.093505572828 @ 389644.0 1250.95166015625 1
4.85805687852905 5.482864207374283 5.48286420645516 = 2709.0935055728287 @ 388561.0 1381.54443359375 1
-7.083506409373546 5.482864207376038 4.8580568792299434 = 2709.0935055728287 @ 387324.0 1538.5283203125 1
-1.4251284278547884 -0.8003211024128715 -7.083506410005976 = 2709.093505572828 @ 386157.0 1681.84130859375 1
-7.708313733961495 -0.8003210998223773 5.482864204686333 = 2709.0935055728282 @ 383534.0 2004.08056640625 1
-0.8003211012248238 -7.083506405670399 -1.4251284282725982 = 2709.093505572828 @ 382479.0 2133.842041015625 1
-7.083506406375943 -1.4251284271810414 -7.083506406564831 = 2709.093505572828 @ 377700.0 2729.470947265625 1
-7.083506406430342 -1.4251284260453203 -0.8003211007172512 = 2709.093505572828 @ 373201.0 3282.262451171875 1
-7.708313734664825 -7.083506405770589 5.482864207032481 = 2709.0935055728282 @ 371838.0 3451.977783203125 1
-0.8003211002645167 -7.708313735093979 -0.800321100363659 = 2709.0935055728282 @ 368403.0 3877.337158203125 1
-0.8003210997257922 -7.708313735618118 5.482864204876516 = 2709.0935055728282 @ 366046.0 4169.40087890625 1
5.482864206152658 -1.425128427633428 5.482864208301498 = 2709.093505572828 @ 350109.0 6134.1728515625 1
-7.083506406320813 4.858056876803319 -7.083506408086551 = 2709.0935055728282 @ 345582.0 6690.8896484375 1
-0.8003211018519152 5.482864206112778 4.85805687947162 = 2709.0935055728287 @ 341979.0 7133.888916015625 1
-7.083506408424921 -7.708313735201652 -7.083506408540453 = 2709.0935055728287 @ 340606.0 142.59521484375 1
4.858056879365202 -7.083506407973829 -0.8003211015559296 = 2709.0935055728282 @ 337269.0 554.4716796875 1
5.482864207120414 4.858056878635596 5.482864204198817 = 2709.0935055728282 @ 334828.0 854.199951171875 1
5.482864205438167 -0.8003211016045074 -1.425128427820374 = 2709.093505572828 @ 333619.0 1000.53271484375 1
5.482864205196568 -7.083506407531958 -1.4251284301062843 = 2709.093505572828 @ 331248.0 1295.850341796875 1
-0.8003210999562806 -0.800321100161334 4.858056879058525 = 2709.0935055728282 @ 330151.0 1429.741943359375 1
5.482864205118811 4.858056879844826 -7.083506406738569 = 2709.0935055728282 @ 327906.0 1709.04833984375 1
-7.7083134238187005 5.4828646591285075 5.48286337586826 = 2709.093505540849 @ 324373.0 2142.876220703125 1
-1.4251284281937688 -0.8003211009342152 -0.8003211004928706 = 2709.093505572828 @ 321764.0 2467.13671875 1
4.858056878004563 5.482864205859889 -7.083506404658545 = 2709.0935055728282 @ 318175.0 2900.769287109375 1
5.482864205494238 -1.4251284284461432 -0.800321100656973 = 2709.093505572828 @ 307096.0 4235.467041015625 1
-0.800321100845283 4.858056877291142 -0.8003211009489127 = 2709.0935055728282 @ 292451.0 135.70556640625 1
4.858056877447369 5.482864204142504 -0.8003211000133591 = 2709.0935055728282 @ 288106.0 661.662109375 1
-7.083506406697994 -7.7083137348533395 5.482864207363782 = 2709.0935055728282 @ 285721.0 945.54931640625 1
-7.0835064089178505 -7.083506408150038 4.8580568792606105 = 2709.0935055728287 @ 284498.0 1092.295166015625 1
-7.083506408687558 -0.8003210990855086 -1.4251284291076745 = 2709.093505572828 @ 281161.0 1493.513671875 1
4.858056876235539 -0.8003211007724365 5.482864205493824 = 2709.0935055728287 @ 274184.0 2333.360107421875 1
4.858056880498262 -7.08350641117244 5.482864206318278 = 2709.093505572828 @ 271281.0 2686.09814453125 1
-0.8003211012872188 5.482864205398554 -1.425128429551611 = 2709.093505572828 @ 267874.0 3097.678955078125 1
-1.42512933121256 5.482864344335055 -7.083506555830248 = 2709.0935055439495 @ 259679.0 4088.083740234375 1
5.482864204905658 -7.708313737434365 5.4828642070369575 = 2709.0935055728282 @ 258470.0 4235.83349609375 1
4.858056878556633 -7.083506405759821 -7.0835064090210125 = 2709.0935055728282 @ 242201.0 144.533447265625 1
-1.4251284683293062 -7.083506686629911 -0.8003210665433488 = 2709.0935055702407 @ 240362.0 368.337890625 1
5.482864206903741 -7.083506408443049 -7.708313736650679 = 2709.0935055728282 @ 235093.0 1001.792236328125 1
-1.4251287336831564 -0.8003199622199977 5.482864343673616 = 2709.0935055275336 @ 230958.0 1509.5849609375 1
4.8580568808976015 -0.8003211005498018 -7.083506407757956 = 2709.0935055728282 @ 229693.0 1663.040771484375 1
-7.08350640639845 -7.083506407489158 -7.708313735035551 = 2709.0935055728282 @ 205062.0 4644.458984375 1
4.858056878215644 -0.8003211014803919 -0.800321099495746 = 2709.0935055728282 @ 199499.0 5320.18896484375 1
-0.800321100147554 -7.08350640894832 -7.708313737051354 = 2709.0935055728282 @ 197268.0 5588.192626953125 1
-7.083506409497758 -1.4251284279678553 5.482864207868957 = 2709.093505572828 @ 191387.0 387.18017578125 1
-7.0835064084587245 -7.708313735402298 -0.8003211011383871 = 2709.0935055728282 @ 186748.0 947.22900390625 1
-7.708313735092302 5.482864207959824 -0.8003211024177921 = 2709.0935055728282 @ 182081.0 1516.61474609375 1
-0.8003210996558154 -0.8003210997481204 -7.708313733678009 = 2709.0935055728282 @ 169742.0 3024.17138671875 1
-1.4251285734678434 5.482863948614675 5.4828641066404815 = 2709.093505569657 @ 160483.0 4145.86669921875 1
-7.083506407480096 5.482864206447692 -1.4251284280354075 = 2709.093505572828 @ 157048.0 4557.742919921875 1
-7.708313736743518 5.482864207727792 -7.083506409185476 = 2709.0935055728282 @ 153333.0 5009.15625 1
-7.083506407462811 -0.8003211010691532 -7.708313735411535 = 2709.0935055728287 @ 138366.0 540.990478515625 1
5.482864205028333 5.482864204977906 -7.70831373427127 = 2709.0935055728282 @ 133587.0 1125.445556640625 1
-0.8003211002055958 4.858056878795418 -7.083506408695588 = 2709.0935055728282 @ 132266.0 1288.74951171875 1
-1.4251284299413234 -7.083506407857046 -7.083506408530244 = 2709.093505572828 @ 129853.0 1585.066650390625 1
-0.8003211004638168 5.482864207759581 -7.708313736092505 = 2709.0935055728287 @ 113356.0 3599.0283203125 1
-1.4251284272431686 -7.0835064086874135 5.4828642069738205 = 2709.093505572828 @ 74225.0 2320.528564453125 1
-0.8003210999930995 4.858056879422188 5.482864206413989 = 2709.0935055728282 @ 57546.0 4351.098876953125 1
-7.708313733538075 -0.8003211025492998 -0.8003211006552124 = 2709.093505572828 @ 49953.0 5273.56005859375 1
5.482864205985044 -0.8003211001041486 4.858056878758434 = 2709.0935055728287 @ 41664.0 146.501953125 1
5.4828642073684035 5.482864205775431 4.85805687899869 = 2709.0935055728282 @ 27393.0 1883.224609375 1
-0.8003210999800798 -7.708313735956344 -7.083506408622386 = 2709.0935055728282 @ 11652.0 3794.493408203125 1
