-0.8003211003971296 -7.7083137367793935 = 186.73090883102392 @ 199236.0 75.509033203125 1
-7.083506411040209 4.858056879137068 = 186.73090883102392 @ 198588.0 151.03125 1
-0.8003211000685022 -1.4251284274419969 = 186.7309088310239 @ 197947.0 225.331298828125 1
4.858056876781783 -0.8003211022346457 = 186.73090883102392 @ 197330.0 298.490478515625 1
-1.4251284274720826 5.482864207555862 = 186.7309088310239 @ 196641.0 378.185302734375 1
4.8580568790700855 -7.0835064099889715 = 186.73090883102392 @ 195148.0 552.49755859375 1
-1.4251284295396043 -7.083506407638263 = 186.73090883102387 @ 194375.0 642.76123046875 1
-7.708313735498789 -0.8003211004670034 = 186.73090883102392 @ 187734.0 1431.1435546875 1
4.858056879578983 5.482864207098348 = 186.7309088310239 @ 187033.0 1513.06640625 1
-7.708313735346776 -7.083506408003431 = 186.73090883102392 @ 186308.0 1597.237060546875 1
5.482864206465015 -7.708313735602607 = 186.73090883102395 @ 179079.0 2456.556884765625 1
5.482864206575099 -1.4251284291952522 = 186.7309088310239 @ 178402.0 2535.35693359375 1
-7.083506408096584 -7.708313737616981 = 186.73090883102392 @ 176933.0 2708.1142578125 1
5.482864209562086 4.858056879784472 = 186.73090883102392 @ 175584.0 2867.14306640625 1
-7.708313734441097 5.482864203501951 = 186.7309088310239 @ 174991.0 2936.4951171875 1
-7.083491177618178 -1.4251353959100186 = 186.7309082052991 @ 174582.0 32.48779296875 1
-0.8003182115519499 4.858058701921633 = 186.73090880483483 @ 173065.0 219.331787109375 1
-1.4251284285627572 -0.8003211006073232 = 186.7309088310239 @ 172316.0 310.224853515625 1
