5.482864208117595 4.858056878239966 = 186.73090883102392 @ 198504.0 153.966064453125 1
-7.708313734864587 -7.0835064093029025 = 186.73090883102392 @ 197820.0 231.37646484375 1
-0.8003211013348315 4.858056876859935 = 186.73090883102392 @ 197035.0 318.738037109375 1
4.858056879157319 5.482864207661467 = 186.73090883102392 @ 192914.0 787.17724609375 1
-0.8003211021943324 -1.425128428868486 = 186.73090883102387 @ 191337.0 969.538818359375 1
5.482864204307869 -7.708313735442593 = 186.73090883102392 @ 190672.0 1045.030517578125 1
4.858056878003703 -0.8003211006748886 = 186.73090883102392 @ 181979.0 2032.1953125 1
-7.70831373636099 5.48286420749267 = 186.73090883102392 @ 181206.0 2118.72900390625 1
4.858056878018241 -7.083506408428669 = 186.73090883102392 @ 180505.0 2203.187744140625 1
-7.083506405593451 4.858056879137021 = 186.7309088310239 @ 178928.0 2382.104248046875 1
-1.4251248457379717 -0.8003226086000145 = 186.7309087960835 @ 175759.0 34.597412109375 1
-1.4251284292976807 -7.08350640922084 = 186.7309088310239 @ 163514.0 1437.49658203125 1
-7.08350640749088 -1.4251284289749715 = 186.7309088310239 @ 160645.0 76.771484375 1
5.480298565021441 -1.4227978974631075 = 186.70369092226886 @ 158384.0 339.924560546875 1
-7.708313734094402 -0.8003211028206837 = 186.73090883102392 @ 151671.0 1106.486328125 1
-1.4251284279740637 5.482864204923884 = 186.7309088310239 @ 137450.0 1085.179443359375 1
-0.8003397112997755 -7.708343337918903 = 186.73090602325223 @ 135309.0 1331.09130859375 1
-7.083507462358555 -7.708310295966613 = 186.7309088009927 @ 120968.0 1311.94482421875 1
