4.111207150386549 1.1700887876869563 = 1.0 @ 199260.0 66.090576171875 1
2.193280052190505 7.706277257452348 = 1.0 @ 198696.0 128.04248046875 1
4.111207141372399 2.1932800506782586 = 1.0 @ 198127.0 190.27587890625 1
4.1112071414096105 7.70627726552726 = 1.0 @ 197618.0 245.238037109375 1
1.1700887884160822 2.193280051726874 = 1.0 @ 196509.0 370.968994140625 1
7.706277262232304 4.111207140562981 = 1.0 @ 195976.0 428.969482421875 1
2.1932800525474545 1.1700887867616434 = 1.0 @ 195323.0 501.048828125 1
1.1700887869423617 7.706277256980922 = 1.0 @ 194718.0 566.495361328125 1
2.193280046985215 2.193280052468033 = 1.0 @ 193549.0 694.0517578125 1
7.706277258624704 1.170088787778977 = 1.0 @ 190928.0 981.529296875 1
7.7062772649864755 2.193280052939386 = 1.0 @ 186975.0 1423.201904296875 1
7.70627725861173 0.6242284347432752 = 1.0 @ 186310.0 1497.747314453125 1
1.170088787596403 4.111207142143959 = 1.0 @ 185141.0 1631.14306640625 1
4.1112071427577455 4.111207144877991 = 1.0 @ 184068.0 1750.0703125 1
7.706277255799525 7.706277255587846 = 1.0 @ 180811.0 2105.82080078125 1
2.2784182855204893 0.32217054339838347 = 0.9370092567843415 @ 180618.0 6.6591796875 1
2.1932626108320155 4.111203457395831 = 0.9999999983992309 @ 179149.0 171.851806640625 1
0.6242284339712488 2.193280050306514 = 1.0 @ 172560.0 74.137451171875 1
0.628806808484152 7.77765022349987 = 0.9965422735071708 @ 171391.0 203.896728515625 1
4.111249717661537 0.6242069082428132 = 0.9999999675906363 @ 168614.0 515.764892578125 1
0.32819413630816857 4.122068150751813 = 0.9945118775160308 @ 156673.0 352.140625 1
0.3351115840853749 7.782783289829339 = 0.9965810589927167 @ 156296.0 394.236083984375 1
1.1701165875810644 1.1700989008760558 = 0.9999999840205074 @ 154227.0 626.084716796875 1
0.6128916268693234 4.137689926891955 = 0.9905950019186073 @ 152722.0 795.638916015625 1
2.1874320895178165 0.6312900969793066 = 0.9966615739935547 @ 134785.0 304.255859375 1
4.150434088155389 0.33235789817732186 = 0.9976486844948089 @ 94436.0 772.854736328125 1
0.3330184354849457 2.1932800500182017 = 1.0 @ 81571.0 988.669677734375 1
0.6242284335246694 1.1700887874419672 = 1.0 @ 78530.0 1333.581787109375 1
