2.1932800519455733 7.706277265572201 2.193280051451631 = 1.0 @ 398912.0 105.130859375 1
7.703471766118843 0.6242627699530987 4.1115070778305665 = 0.9999976511665375 @ 397358.0 281.99267578125 1
4.1112071421821765 4.111207150363774 7.70627724779157 = 1.0 @ 396527.0 375.64990234375 1
4.111207147841417 7.706277251302427 7.706277249309654 = 1.0 @ 395710.0 471.327392578125 1
7.706277260479336 7.706277257504912 7.706277242544214 = 1.0 @ 394921.0 560.863525390625 1
1.1700887864455076 7.706277251434148 4.111207143974374 = 1.0 @ 393992.0 665.9482421875 1
4.111207138767986 4.111207143655025 4.111207143612941 = 1.0 @ 392307.0 856.456298828125 1
1.1701162342200835 4.11105449826237 1.1701078030706227 = 0.9999999634512281 @ 390342.0 1078.383544921875 1
7.7062772677841 2.1932800491726527 7.706277250611965 = 1.0 @ 388657.0 1274.246826171875 1
0.6239947812641848 7.690581250557039 7.7107923388074475 = 0.999922666135419 @ 385810.0 1595.306640625 1
7.706277252639862 1.1700887896184253 4.111207142449557 = 1.0 @ 384811.0 1711.96923828125 1
7.706277263379105 7.706277252009517 2.193280049535058 = 1.0 @ 382244.0 2002.965087890625 1
4.111207146372165 2.1932800484678694 7.706277256566871 = 1.0 @ 380419.0 2207.011962890625 1
7.706277269394152 7.7062772493028415 4.111207141926879 = 1.0 @ 378748.0 2397.09716796875 1
1.1700887860366862 7.706277262208543 7.706277245410792 = 1.0 @ 376937.0 2604.969482421875 1
7.706277248092101 4.111207144092208 7.706277257658562 = 1.0 @ 375980.0 2711.980712890625 1
4.105445104920773 7.757348068495942 4.1183410472387045 = 0.9991902164006989 @ 373791.0 2960.85302734375 1
4.111207139482564 2.193280048994113 4.111207137335978 = 1.0 @ 370272.0 3358.825927734375 1
2.193280047620961 4.111207143622006 7.706277261723049 = 1.0 @ 369385.0 3458.579833984375 1
2.1932800514332174 1.1700887884426063 4.111207136629973 = 1.0 @ 365852.0 3859.273193359375 1
4.111207144785865 2.193280048393399 2.1932800538984623 = 1.0 @ 364923.0 3964.91845703125 1
2.1932800476338254 7.706277262850068 7.706277253943015 = 1.0 @ 364064.0 4062.7421875 1
4.11132137196895 7.706282706993727 2.1932827018595744 = 0.9999999871010797 @ 362309.0 4263.8447265625 1
7.706277257420606 1.1700887885011408 7.706277256408285 = 1.0 @ 357992.0 4752.102294921875 1
2.193280053721015 2.1932800545991427 7.706277244516218 = 1.0 @ 355467.0 5044.47900390625 1
2.193280051145051 7.706277260355461 4.111207141113234 = 1.0 @ 354580.0 5144.523193359375 1
7.706277249084917 1.1700887882034139 1.170088787372339 = 1.0 @ 353151.0 142.2001953125 1
0.624228432942081 0.624228432652549 7.706277245117037 = 1.0 @ 352208.0 248.978515625 1
7.706715787843783 4.111211452125357 4.111138206787148 = 0.9999999413275851 @ 350719.0 416.5830078125 1
7.706277254752906 4.111207145376164 1.1700887879207764 = 1.0 @ 349482.0 558.5849609375 1
7.706277254486786 4.111207142622473 2.193280051118606 = 1.0 @ 347517.0 785.75390625 1
7.706277259792006 2.19328005211996 4.111207143542488 = 1.0 @ 345762.0 987.48876953125 1
7.706277261255796 1.1700887876946913 2.1932800492827194 = 1.0 @ 344623.0 1117.248291015625 1
4.110494618520352 7.702894281897567 1.170004861690317 = 0.9999962002743898 @ 341972.0 1427.0830078125 1
2.1928253581197463 0.33304331699489376 7.698736212804907 = 0.9999832153993207 @ 337473.0 1943.271728515625 1
7.70627726348996 2.1932800496806504 1.1700887862611156 = 1.0 @ 336460.0 2061.36181640625 1
7.706277260581167 2.1932800488762987 2.1932800503813086 = 1.0 @ 330617.0 2738.881591796875 1
7.706277252661916 7.706277249207369 1.1700887893322054 = 1.0 @ 321138.0 191.478515625 1
2.193280051041717 4.111207137070742 2.1932800519922426 = 1.0 @ 320195.0 299.104736328125 1
1.1700887876675177 4.111207145033858 4.1112071497910305 = 1.0 @ 316592.0 708.44580078125 1
1.1700630097641092 7.7060435556098845 2.1933095930706874 = 0.9999999735587235 @ 316167.0 756.06201171875 1
4.111026473593104 4.11130914212728 1.1700603256472464 = 0.999999947691387 @ 309722.0 1500.771484375 1
2.1932800499418033 4.111207137181738 4.11120713858594 = 1.0 @ 306679.0 1846.58837890625 1
1.1700808267564624 4.111183898756677 7.7060985977025656 = 0.9999999897376263 @ 302362.0 2339.83837890625 1
2.193280050367054 2.1932800530282783 4.111207149751457 = 1.0 @ 300201.0 2592.105224609375 1
4.125104846196752 0.32756331571423486 7.683509716778295 = 0.9951280626399335 @ 297830.0 2862.300537109375 1
4.128781121997576 0.6072547853199589 7.962469645552752 = 0.969442772924177 @ 297830.0 2862.300537109375 1
4.205366694001435 0.6588453162570604 7.4764731539295814 = 0.9289478698215261 @ 297830.0 2862.300537109375 1
0.62422843375112 1.1700887874811496 0.6242284340536084 = 1.0 @ 284771.0 134.026123046875 1
4.1111840971859035 1.1700803806423312 7.706231043004473 = 0.9999999980165548 @ 284346.0 184.7275390625 1
2.192925922482457 7.7042734167481175 1.1701520924872004 = 0.9999983894630791 @ 281471.0 512.87158203125 1
2.1932800741542935 7.706277563884929 0.6242284467196898 = 0.9999999999999643 @ 280388.0 639.962158203125 1
7.706277252203665 2.1932800527959375 0.6242284339778584 = 1.0 @ 272291.0 1580.375732421875 1
4.1112071395959084 1.1700887873609587 2.193280054502706 = 1.0 @ 271250.0 1698.355712890625 1
1.1700887887143796 2.193280050810334 0.6242284332555466 = 1.0 @ 269943.0 1852.198486328125 1
2.1932795642216534 2.193279936750724 2.193276608249027 = 0.9999999999580762 @ 268706.0 1994.74267578125 1
1.1700887881151687 2.1932800511042005 4.111207142741819 = 1.0 @ 265145.0 2406.428955078125 1
4.090816545542838 2.244936998290899 1.2418364758175944 = 0.9332910202525369 @ 256478.0 54.449951171875 1
7.706277254257617 4.111207144991791 0.6242284336235411 = 1.0 @ 253379.0 414.61669921875 1
1.223715253663321 0.617165281822344 7.649652262989874 = 0.9640259077514928 @ 243126.0 1607.696044921875 1
7.7063180025322815 0.333017863111295 4.111224105222728 = 0.9999999992011119 @ 241651.0 1776.126708984375 1
0.6242284330537456 4.111207147579293 7.706277264927059 = 1.0 @ 238580.0 2138.965576171875 1
0.6242284326773004 1.1700887881164659 4.111207144275683 = 1.0 @ 225685.0 729.347900390625 1
0.33726154237982786 7.539999412889539 4.006497115342157 = 0.9784010666321409 @ 225540.0 746.315185546875 1
2.193280050054913 1.1700887867072014 1.1700887869888257 = 1.0 @ 223715.0 953.447998046875 1
0.6242284329598188 2.193280047987594 4.111207149862888 = 1.0 @ 222772.0 1065.82373046875 1
4.111207141835212 4.1112071460806945 2.193280054008625 = 1.0 @ 219393.0 1454.28125 1
2.193280050650639 2.1932800519442828 0.624228433183071 = 1.0 @ 215300.0 1923.288330078125 1
0.6370060851553738 7.552352313732973 4.217457105516532 = 0.9756266339744665 @ 215043.0 1953.443603515625 1
0.6154462428720451 4.045165173429455 4.0531306857261065 = 0.9889304840953963 @ 200912.0 3582.12890625 1
4.111206488918561 0.6242288055770687 4.11119961252832 = 0.9999999999377449 @ 198037.0 3916.417236328125 1
0.6242284339690826 1.17008878743146 1.170088786663045 = 1.0 @ 182230.0 1685.695068359375 1
4.087281858787551 7.993541652325679 0.6254497488213173 = 0.9772924063868451 @ 178459.0 2126.830322265625 1
0.3307789363739356 7.798860428455442 7.713373438812574 = 0.9968531505636339 @ 175052.0 2522.737548828125 1
1.1700887871275185 2.193280050625664 7.706277245016144 = 1.0 @ 174067.0 2637.174560546875 1
7.455873479726012 0.632583945716146 1.1605164942813664 = 0.9779120335958613 @ 167930.0 3350.810791015625 1
7.706277263048878 0.6242284334214305 7.706277252213345 = 1.0 @ 165283.0 261.511962890625 1
1.1700887871352978 4.111207147809639 2.1932800525281597 = 1.0 @ 158488.0 1049.80224609375 1
7.709380917754505 7.712908040308764 0.6240655687282463 = 0.9999838342988097 @ 148193.0 2248.144775390625 1
1.1700887864420304 7.706277250577709 1.1700887855920323 = 1.0 @ 131574.0 1018.361572265625 1
1.1700887889072895 2.1932800529777956 1.1700887881609154 = 1.0 @ 126319.0 1626.111083984375 1
1.1700887871320607 1.1700887854466897 4.111207146618121 = 1.0 @ 108282.0 3704.23974609375 1
4.075575419613284 0.6246941114725838 0.3332784960658494 = 0.998718494933641 @ 99181.0 303.301513671875 1
0.6242489505061539 4.1111721415865 2.1932672516782716 = 0.9999999802203857 @ 96614.0 603.11572265625 1
1.1700800778872258 4.11121656200521 0.6242333546530591 = 0.9999999979532936 @ 93473.0 968.2158203125 1
2.1932800510759654 1.1700887860371794 7.706277269119216 = 1.0 @ 91438.0 1202.989990234375 1
4.1112071416698965 0.6242284339125905 1.1700887877332542 = 1.0 @ 81199.0 2388.01806640625 1
0.6242284338717095 1.1700887872692058 7.706277248330682 = 1.0 @ 67982.0 649.5 1
2.1932800503377887 1.1700887868722252 2.193280052854384 = 1.0 @ 66997.0 760.763916015625 1
7.706277252193605 1.1700887883865312 0.6242284328002008 = 1.0 @ 63870.0 1124.743896484375 1
4.111207142092387 1.1700887891164031 4.111207142375367 = 1.0 @ 62885.0 1238.79052734375 1
0.6242284338862804 7.706277254617981 1.1700887888965041 = 1.0 @ 52226.0 2471.180419921875 1
0.624218865838289 2.194049159284252 7.698370698286918 = 0.9999803852649307 @ 47811.0 2988.87841796875 1
7.648261765497897 0.34707102811638996 7.705847731551624 = 0.9709799719653802 @ 42430.0 3616.666015625 1
2.1932800534932273 0.3330184355869862 1.1700887861505758 = 1.0 @ 41473.0 3725.304931640625 1
2.193280053024999 0.6242284339878491 2.1932800478117502 = 1.0 @ 39494.0 3953.336669921875 1
0.624228433071629 1.1700887862721028 2.1932800516636957 = 1.0 @ 14395.0 212.1630859375 1
4.111207140587607 2.193280050739473 0.33301843512158047 = 1.0 @ 12430.0 432.965087890625 1
0.6242284344693863 2.193280052336376 2.193280051474136 = 1.0 @ 6825.0 1074.795166015625 1
