5.482864207656649 -1.425128427605109 = 186.7309088310239 @ 199212.0 76.24560546875 1
5.482864205559647 4.858056878171938 = 186.73090883102392 @ 197976.0 220.8115234375 1
4.8580568790912455 -0.8003211005343039 = 186.73090883102392 @ 197311.0 297.072998046875 1
5.4828642065140585 -7.708313734578359 = 186.73090883102392 @ 196562.0 384.594970703125 1
-7.083506405959094 -7.70831373541923 = 186.73090883102392 @ 195837.0 471.081787109375 1
-1.4251284277037146 -7.083506407072351 = 186.7309088310239 @ 193828.0 702.66796875 1
-7.708313734675555 -7.083506407917017 = 186.73090883102392 @ 193151.0 783.429931640625 1
-7.08350640816245 4.858056878605241 = 186.73090883102392 @ 192486.0 861.66162109375 1
-7.083506408866052 -1.425128430109014 = 186.7309088310239 @ 184069.0 1837.759521484375 1
-7.708313736313853 -0.8003211016854397 = 186.73090883102392 @ 182072.0 2072.400390625 1
4.858056877728069 5.482864204563475 = 186.73090883102392 @ 180591.0 2245.15966796875 1
-0.8003211003997367 -1.425128428822714 = 186.7309088310239 @ 179818.0 2333.181396484375 1
-0.8003193753750635 4.8580457394866805 = 186.730908535244 @ 175749.0 214.9873046875 1
-7.708315742083098 5.48286406336455 = 186.73090882159423 @ 172948.0 541.83984375 1
-1.4251284275440337 5.4828642055549235 = 186.7309088310239 @ 167603.0 1166.4111328125 1
4.858056878250243 -7.0835064109380586 = 186.7309088310239 @ 161938.0 87.05859375 1
-0.8003216842612967 -7.708312645792623 = 186.73090882750313 @ 159713.0 344.8564453125 1
-1.4251286072903164 -0.8003197409481324 = 186.73090882686478 @ 136088.0 94.74365234375 1
