-1.4251284284645802 5.482864207500878 = 186.73090883102387 @ 199200.0 78.3857421875 1
5.482864205912754 -1.4251284288520902 = 186.7309088310239 @ 198552.0 153.411376953125 1
-0.8003211004965868 -1.4251284278358596 = 186.7309088310239 @ 197839.0 239.826171875 1
-0.8003211006249447 -7.708313737848654 = 186.73090883102392 @ 196466.0 398.688232421875 1
-0.8003210981975403 4.8580568785708795 = 186.73090883102392 @ 195729.0 484.843994140625 1
5.482864208543793 -7.708313735696427 = 186.73090883102392 @ 195040.0 563.6787109375 1
-7.708313735231697 -0.80032110020614 = 186.7309088310239 @ 193091.0 790.504638671875 1
-7.0835064050847025 -7.708313734009179 = 186.7309088310239 @ 192486.0 860.09765625 1
-1.4251284274442513 -7.083506405191309 = 186.73090883102387 @ 191833.0 934.566162109375 1
-1.4251284278730079 -0.8003211010040155 = 186.7309088310239 @ 190388.0 1108.585205078125 1
-7.708313734463351 -7.0835064058475545 = 186.73090883102392 @ 189027.0 1268.339599609375 1
5.482864207992419 4.858056878570361 = 186.73090883102392 @ 188290.0 1352.670166015625 1
4.8580568779677265 -7.083506407203446 = 186.7309088310239 @ 184901.0 1749.274169921875 1
-7.083506407543647 4.858056878138834 = 186.73090883102392 @ 180552.0 2257.27880859375 1
4.858054335279604 5.482866419839417 = 186.73090880512117 @ 176411.0 169.74755859375 1
4.8580568771176065 -0.8003210999513652 = 186.73090883102392 @ 171582.0 734.8349609375 1
-7.083506406727175 -1.4251284274456508 = 186.7309088310239 @ 160709.0 391.7958984375 1
-7.707563544527123 5.482553399508607 = 186.7293833785378 @ 115380.0 137.95751953125 1
