2.1932800541569533 4.111207138093193 4.111207149417365 = 1.0 @ 398982.0 91.900634765625 1
4.1112071384252395 7.706277258709235 0.6242284336384827 = 1.0 @ 398044.0 197.898193359375 1
7.7062772540233 7.70627725207405 4.111207135614319 = 1.0 @ 397283.0 282.280517578125 1
7.706277250887525 2.193280050487383 7.706277270055195 = 1.0 @ 395458.0 483.25439453125 1
7.7062772636433525 1.1700887870218246 7.706277256637606 = 1.0 @ 394557.0 584.893310546875 1
7.706277253548927 7.706277248325839 7.706277242729552 = 1.0 @ 393684.0 681.486328125 1
0.6242284337009258 1.1700887867925007 2.1932800512428736 = 1.0 @ 392671.0 792.946044921875 1
7.706277260671576 7.706277268563942 2.193280054082954 = 1.0 @ 391826.0 884.8232421875 1
4.111207144768607 4.111207146368915 7.706277243599754 = 1.0 @ 390057.0 1080.33154296875 1
7.706277254200818 4.111207138303286 2.19328004788535 = 1.0 @ 389114.0 1184.49853515625 1
2.193280052868818 4.111207136954073 7.706277256647441 = 1.0 @ 386547.0 1471.623046875 1
0.6243267270110884 4.110240453576234 7.713450264445606 = 0.9999842388272162 @ 384092.0 1740.36767578125 1
7.725880426899824 7.773469223625962 0.6241215568109679 = 0.9986366401678073 @ 380643.0 2121.921875 1
4.111207140744239 7.706277255043289 4.111207144161735 = 1.0 @ 379756.0 2218.907958984375 1
4.111207145974172 7.706277254065048 7.7062772513751145 = 1.0 @ 378911.0 2311.930908203125 1
1.1700887889168408 2.193280051189371 4.111207143957588 = 1.0 @ 374524.0 2799.388671875 1
7.706277256222927 4.111207148115382 7.706277242591229 = 1.0 @ 373707.0 2889.141845703125 1
1.1700887892196394 1.170088788113001 0.6242284334831879 = 1.0 @ 369110.0 3400.709716796875 1
4.111207145091229 1.1700887880147037 1.1700887866348995 = 1.0 @ 367313.0 3597.6962890625 1
4.111207141037155 1.1700887880414441 7.706277258822574 = 1.0 @ 364718.0 3888.341552734375 1
7.706277258858611 4.111207138122108 4.111207139877802 = 1.0 @ 362025.0 4189.30322265625 1
7.706277256689197 4.111207141515898 1.1700887864500475 = 1.0 @ 361040.0 4298.405517578125 1
7.706277263035422 2.193280051864746 1.1700887860210427 = 1.0 @ 356625.0 4782.9345703125 1
2.1932800510488706 7.706277252788901 4.11120714574026 = 1.0 @ 355584.0 4896.57421875 1
4.111207138930022 7.706277260931739 2.1932800472556577 = 1.0 @ 353899.0 5085.936767578125 1
2.193238662759708 2.1932540013196453 4.111231138021529 = 0.9999999911462528 @ 352358.0 56.0146484375 1
0.6240871128858677 2.192175232481443 7.711963220113659 = 0.9999858477935417 @ 350183.0 300.487060546875 1
1.1700887877905877 2.1932800503283745 7.706277261419904 = 1.0 @ 349072.0 423.70458984375 1
2.1932800530991274 1.1700887879403075 7.706277251387395 = 1.0 @ 348087.0 531.157470703125 1
2.1932800490998874 2.1932800511401034 1.1700887877564747 = 1.0 @ 347116.0 637.373779296875 1
1.1700887883653899 4.111207143910597 1.1700887866512473 = 1.0 @ 346061.0 752.504150390625 1
4.1112071454098595 4.111207146860838 1.1700887869207461 = 1.0 @ 345174.0 849.91796875 1
7.706277262303481 7.706277252199499 1.170088786340458 = 1.0 @ 344287.0 951.5927734375 1
4.111207135657338 2.193280050897566 4.1112071438513835 = 1.0 @ 342000.0 1205.980224609375 1
4.111207137953507 1.1700887863398473 4.111207143226353 = 1.0 @ 341099.0 1307.032470703125 1
7.706277263476119 2.193280048417639 4.111207137982966 = 1.0 @ 340044.0 1426.237060546875 1
2.193280049487388 7.70627725111723 7.706277265869129 = 1.0 @ 336595.0 1806.910400390625 1
4.111197156160921 2.193256176405808 7.706227049552871 = 0.9999999972193977 @ 331816.0 2352.449951171875 1
1.1961151269675852 4.223751920200164 7.910935914054088 = 0.9684988838928472 @ 331727.0 2362.9638671875 1
0.6242284337712329 7.706277250191111 7.706277262415465 = 1.0 @ 330812.0 2464.3623046875 1
2.1932800531156906 2.193280051740131 7.7062772586392985 = 1.0 @ 324871.0 3125.693603515625 1
2.193280049972086 1.170088788871719 2.1932800491969333 = 1.0 @ 323956.0 3225.95947265625 1
2.193280052564307 4.111207139549953 2.1932800496731457 = 1.0 @ 322831.0 3354.12646484375 1
1.1700887879528605 4.111207143064079 2.193280047681525 = 1.0 @ 320264.0 3643.28173828125 1
7.810015077405713 7.765116918631125 0.3578903744718218 = 0.9132657213513722 @ 313217.0 4427.88330078125 1
4.111207142381007 7.70627725752793 1.1700887871146326 = 1.0 @ 311158.0 214.14404296875 1
2.1932992181436886 2.1932843361594117 0.624234117158663 = 0.9999999972818765 @ 305161.0 885.24072265625 1
7.706277254986145 2.1932800506326444 2.1932800494780063 = 1.0 @ 304218.0 991.26513671875 1
2.1932800492389792 7.706277252756236 2.1932800505801073 = 1.0 @ 302463.0 1185.846923828125 1
4.111207140837395 1.1700887870765995 0.6242284328348916 = 1.0 @ 299644.0 1504.52587890625 1
4.110889774033339 0.6242443501881557 4.11138847719179 = 0.9999998574136018 @ 298071.0 1681.62353515625 1
0.624228433646341 7.706277255563502 4.111207142617108 = 1.0 @ 296078.0 1902.953125 1
1.1700887889173832 7.706277253906476 0.6242284336571282 = 1.0 @ 287813.0 2827.9228515625 1
1.1700887869899954 7.706277264227002 4.111207144921324 = 1.0 @ 282628.0 3404.923095703125 1
2.193281907559067 0.6242283165305738 7.706282521983044 = 0.9999999999796862 @ 269747.0 1159.959716796875 1
4.1112071401793715 2.193280051251544 2.1932800500951615 = 1.0 @ 266816.0 1490.21484375 1
4.111207141369624 4.111207145794945 4.111207141743893 = 1.0 @ 262737.0 1942.4150390625 1
7.8321325687455605 1.1687672646559206 1.1642395488177963 = 0.995195986259251 @ 260856.0 2146.77783203125 1
1.1700887873800678 7.7062772595102285 7.706277261155388 = 1.0 @ 257155.0 2558.91455078125 1
7.5490121607525555 1.1181881036666999 2.196633431048897 = 0.9591779408824175 @ 251760.0 3161.937744140625 1
0.6242284331110861 7.706277264211514 2.193280049745048 = 1.0 @ 242113.0 249.087158203125 1
7.706277262523416 0.62422843355851 7.706277254883995 = 1.0 @ 236746.0 851.370361328125 1
4.111207146122319 2.1932800490251676 1.1700887886544828 = 1.0 @ 232793.0 1301.09716796875 1
4.111207140019452 4.111207146045033 0.6242284329466165 = 1.0 @ 223660.0 2345.625732421875 1
2.242972779631618 4.012837930451241 1.1658385449272963 = 0.9817211284343155 @ 218335.0 2943.227783203125 1
7.771053299921735 1.1691852952315924 0.6242460840286058 = 0.998822971833391 @ 210256.0 407.078125 1
1.1700887873014219 7.706277242615902 1.1700887877839166 = 1.0 @ 206429.0 839.466796875 1
0.33301843543591697 1.1700887891561147 7.706277254542569 = 1.0 @ 205430.0 948.81640625 1
7.706277255489133 0.6242284340513765 1.1700887879058164 = 1.0 @ 203703.0 1145.906494140625 1
0.6242276668645993 4.11119266710583 4.111218332876065 = 0.9999999996447488 @ 192946.0 2425.0810546875 1
4.111213987386895 4.111236599291125 2.193223843067574 = 0.9999999881520265 @ 190733.0 123.803466796875 1
7.681277229529693 0.6244333436835237 4.1073989359381775 = 0.9998079313876356 @ 173130.0 2115.881103515625 1
2.158898228325188 7.782999078566621 0.6329770112622317 = 0.9909904098258078 @ 162377.0 407.91455078125 1
1.1700887875416406 1.170088788148234 4.111207147836981 = 1.0 @ 157318.0 975.59521484375 1
0.6242284333409913 1.1700887872162282 4.111207135628779 = 1.0 @ 151699.0 1625.55908203125 1
2.1941247549942453 7.680125869969599 1.1696752465113158 = 0.9998028787612918 @ 147550.0 2086.47265625 1
2.1932800519549844 4.111207146782935 0.6242284335287174 = 1.0 @ 145295.0 118.53857421875 1
1.1700867920767266 2.1932210192670243 1.1700583185136237 = 0.9999999765762961 @ 144842.0 168.731689453125 1
2.193280052151025 4.11120713843541 0.33301843567350975 = 1.0 @ 143017.0 372.658447265625 1
1.1670110336878572 1.172350545007611 7.637022277160033 = 0.9984649121099438 @ 116132.0 3401.4013671875 1
7.706277270159009 1.1700887885440903 4.111207146609613 = 1.0 @ 99247.0 1510.745849609375 1
7.706277257474526 4.111207137970877 0.3330184357447892 = 1.0 @ 60438.0 1413.676513671875 1
0.624228433725462 2.1932800518175157 4.111207140462429 = 1.0 @ 53573.0 2181.664306640625 1
3.875543638780417 0.6052952378804042 7.4302362592168425 = 0.9059716748964954 @ 53428.0 2198.0146484375 1
7.698300154600378 4.109735408692137 0.623885805861999 = 0.9999749624201741 @ 50819.0 2490.168212890625 1
1.170337739078214 4.1097035154253465 0.6243153002151537 = 0.9999966927609183 @ 44266.0 203.740234375 1
2.1933396368270475 2.193498103585924 2.193224422758796 = 0.9999998122595545 @ 43141.0 331.949462890625 1
0.3271271624415808 4.009292438816693 7.632144338825332 = 0.98270152804527 @ 40966.0 577.605224609375 1
2.1927940079369486 7.767489778383094 0.3328299830369748 = 0.998951103214325 @ 31371.0 1664.06640625 1
0.6242284339999471 4.111207143252553 0.6242284337236567 = 1.0 @ 25794.0 2299.331298828125 1
0.6242284334307371 1.170088786910831 7.70627725980386 = 1.0 @ 22737.0 2643.045654296875 1
0.6242284333415301 4.111207143428173 1.1700887883303532 = 1.0 @ 20744.0 2868.6494140625 1
1.1700887869318073 7.706277266413051 2.1932800521956843 = 1.0 @ 13197.0 605.683349609375 1
1.1700887878645492 4.1112071418764415 4.111207140773738 = 1.0 @ 1572.0 1921.845458984375 1
4.111207143615992 4.1112071390128175 0.33301843505293327 = 1.0 @ 517.0 2038.964599609375 1
