4.111207142960292 4.111207148061864 7.706277249770484 = 1.0 @ 398968.0 92.172607421875 1
4.111207144421567 1.1700887866081284 7.706277249654146 = 1.0 @ 397946.0 208.099853515625 1
4.111207162584976 4.111207146714257 2.193280057550849 = 0.9999999999999996 @ 397073.0 303.551025390625 1
2.19328005363741 7.70627724964686 2.1932800490652054 = 1.0 @ 396200.0 399.48193359375 1
4.111830669108476 2.1928549333993193 7.7022013933349225 = 0.9999943256767925 @ 393731.0 672.962158203125 1
4.111207139263686 7.706277265606244 7.706277258498339 = 1.0 @ 391976.0 866.03564453125 1
7.706277253642556 2.1932800494567695 7.706277249231398 = 1.0 @ 390165.0 1063.8193359375 1
4.111207139895953 4.111207146410167 4.111207142251355 = 1.0 @ 387696.0 1335.397705078125 1
7.706277262458963 7.706277244810565 7.706277266105875 = 1.0 @ 386879.0 1429.447265625 1
7.706277249527625 7.706277246927776 4.111207140690597 = 1.0 @ 386034.0 1521.08837890625 1
7.706277262576633 7.706277261725281 2.1932800489092314 = 1.0 @ 385133.0 1619.4619140625 1
1.1700887875815096 4.111207147731842 4.111207145802383 = 1.0 @ 382482.0 1914.109375 1
7.706277252985004 1.1700887886649536 4.111207139174113 = 1.0 @ 381539.0 2017.862548828125 1
7.706277259380232 4.111207142210983 7.706277256207167 = 1.0 @ 380638.0 2115.9638671875 1
4.111207147655418 7.7062772613406345 4.111207136027906 = 1.0 @ 379765.0 2211.230224609375 1
4.111224878640509 0.624225419457116 4.111233804964313 = 0.999999998600259 @ 377030.0 2510.56884765625 1
7.706277262793737 7.706277257929938 1.1700887884124107 = 1.0 @ 376185.0 2607.491943359375 1
2.193280049592604 4.111207140526583 7.706277263076025 = 1.0 @ 374472.0 2795.213134765625 1
4.111216207674609 7.706118365563978 1.1700906345088675 = 0.9999999927920247 @ 373333.0 2919.036376953125 1
1.1700887881445468 7.706277261453977 7.706277258848537 = 1.0 @ 372222.0 3046.353271484375 1
2.194822203791965 7.730230697335688 0.6241549871879972 = 0.9998310215244848 @ 370271.0 3261.218017578125 1
2.193280049978195 7.7062772485398705 7.706277265483155 = 1.0 @ 369370.0 3360.465087890625 1
2.1932800483254073 2.1932800500932923 7.706277244833597 = 1.0 @ 359733.0 4439.644775390625 1
7.70627724655883 1.1700887876014916 2.193280050924328 = 1.0 @ 358776.0 4543.542724609375 1
7.70627724853641 2.1932800528039995 1.1700887873306904 = 1.0 @ 355887.0 4861.27099609375 1
1.170088788301376 2.193280048103096 4.1112071462436015 = 1.0 @ 352442.0 116.287841796875 1
4.111207145705551 2.193280052730382 4.1112071422823835 = 1.0 @ 351541.0 218.88232421875 1
1.1700887861864473 1.1700887886547773 0.6242284340109392 = 1.0 @ 350542.0 329.35693359375 1
1.1700887891865965 2.1932800490540987 7.706277255142839 = 1.0 @ 348689.0 534.353759765625 1
2.193280050182909 4.111207143914805 2.1932800514172412 = 1.0 @ 347704.0 641.814697265625 1
7.706277252436304 4.111207148968667 4.111207148660288 = 1.0 @ 346859.0 733.568603515625 1
4.111207149765549 2.19328005460432 2.193280051369393 = 1.0 @ 345174.0 918.845947265625 1
7.706310057297606 4.111253063918471 2.1932728849627185 = 0.999999997440793 @ 344679.0 976.138916015625 1
1.1700887877227142 2.193280052170853 2.193280048330154 = 1.0 @ 343274.0 1134.94580078125 1
1.1781258127717231 7.8430755172270805 1.2494266024744518 = 0.9248748650676994 @ 342527.0 1220.148681640625 1
2.2043886573286113 8.065951253728578 1.2281797331372553 = 0.9271214277660705 @ 342032.0 1275.96923828125 1
1.1700887887179758 1.1700887860444042 7.706277259857489 = 1.0 @ 340263.0 1477.5947265625 1
7.7063177881116065 2.193277031811564 4.11120468965407 = 0.9999999995014376 @ 339852.0 1523.045654296875 1
4.1112199623895 0.6242290181135677 2.193265309727881 = 0.9999999990704718 @ 336151.0 1934.640380859375 1
1.1700887873011212 4.111207146003195 2.1932800507438173 = 1.0 @ 335152.0 2044.873291015625 1
2.1932800496242018 4.111207138499264 1.1700887879460424 = 1.0 @ 332907.0 2298.280029296875 1
0.6244685320521813 1.1701717825577513 7.7026886166897235 = 0.999993835469281 @ 330550.0 2561.996337890625 1
2.1932800499703444 2.1932800517036175 4.111207140700799 = 1.0 @ 327927.0 2862.682373046875 1
7.706039757222637 7.706529448017056 0.6241849357612717 = 0.9999998853872278 @ 327474.0 2911.994384765625 1
4.111207141283223 1.1700887887614468 2.193280047843661 = 1.0 @ 326517.0 3016.7236328125 1
1.1631600079060367 4.1503870305715225 7.687657386879058 = 0.9978164791579482 @ 326358.0 3034.74169921875 1
8.268526861598025 1.1475804281287185 1.2028989051534809 = 0.9017736762629254 @ 326269.0 3045.0830078125 1
7.7062822826184405 1.1701102597928466 7.706286468086321 = 0.9999999943565463 @ 325886.0 3087.07861328125 1
4.111207144043636 7.7062772444916146 2.1932800534583015 = 1.0 @ 323897.0 93.155029296875 1
2.193280051227557 4.111207142390121 4.111207138406785 = 1.0 @ 321918.0 318.699462890625 1
4.1112071401885855 4.111207144067568 1.1700887886453062 = 1.0 @ 321031.0 415.89404296875 1
0.6242284334568513 4.111207138934085 4.1112071444202725 = 1.0 @ 316784.0 891.47119140625 1
2.193280048970802 7.70627726577729 4.111207138141353 = 1.0 @ 313265.0 1286.251220703125 1
0.6156975104315603 2.1113908698130635 4.317024361724113 = 0.9340203379871328 @ 309256.0 1742.645751953125 1
1.1700887884093105 7.706277260730951 4.1112071405441775 = 1.0 @ 299969.0 2778.147705078125 1
7.705965233224631 2.193150026399544 2.193364644686681 = 0.9999998893048436 @ 295558.0 101.69970703125 1
2.192507250284394 1.1701078893335335 7.622297723805896 = 0.9979988639460309 @ 290037.0 720.231689453125 1
4.1112071372006005 0.6242284342387031 1.1700887876185018 = 1.0 @ 289010.0 833.538818359375 1
7.706277247067672 4.111207146316481 1.1700887876734272 = 1.0 @ 277301.0 2155.129638671875 1
2.193331692366068 0.6242847741319127 7.705423772903531 = 0.9999996505480602 @ 273782.0 2546.168212890625 1
2.193280050411175 0.6242284328937041 2.19328005020833 = 1.0 @ 264625.0 327.9765625 1
7.865628412967752 0.6168040369094321 1.1564943356729802 = 0.9883857992083218 @ 264354.0 357.780029296875 1
7.88486632100269 0.3369018332960907 1.2047175874029916 = 0.9749756888242074 @ 264354.0 357.780029296875 1
0.6146348931454092 8.21600480243867 7.453933779903215 = 0.9116406609270562 @ 264134.0 381.61962890625 1
4.111217535592059 1.1700519318516283 1.170084268671865 = 0.9999999831088278 @ 259173.0 933.48095703125 1
1.1700887875982484 1.1700887878271975 1.170088788175047 = 1.0 @ 257124.0 1164.335693359375 1
2.20381738028103 2.190709003458512 0.6236757959106751 = 0.9995812103727694 @ 250721.0 1873.668701171875 1
4.111765672324548 7.694081183264297 0.6242611076812472 = 0.9999578369573447 @ 246362.0 2366.419189453125 1
0.6241248201534823 2.1931984001967844 7.710272677687811 = 0.9999950398958215 @ 235955.0 3528.05322265625 1
0.6238125563869452 7.6714232877870385 7.624425246245564 = 0.997751555162668 @ 234046.0 3746.06396484375 1
2.193280050473857 1.1700887876028834 4.1112071411007145 = 1.0 @ 232253.0 97.886962890625 1
0.3331562339770481 1.1678900012132103 4.084854185452097 = 0.9992491983382312 @ 212340.0 2349.06494140625 1
1.1696938539904846 7.776341242399736 2.1948070466263125 = 0.9986256989031275 @ 200351.0 3686.036865234375 1
2.193280051905044 2.1932800496759763 2.1932800495044322 = 1.0 @ 199244.0 100.52099609375 1
1.1700887863634593 2.19328004805684 1.170088787257655 = 1.0 @ 198301.0 203.526123046875 1
4.1112071373523635 2.1932800494561486 1.170088786629696 = 1.0 @ 189462.0 1199.77880859375 1
0.33301843543462684 7.706277257446528 4.11120714836491 = 1.0 @ 184543.0 1750.609130859375 1
7.898808326684639 2.1462076050330383 0.6420539035452884 = 0.9689625246001159 @ 182578.0 1976.744384765625 1
7.593209359016659 0.33717914426826323 7.7514814587577785 = 0.9932292113575576 @ 170841.0 3305.869140625 1
7.441195243834922 0.6487601805209067 7.878786249222973 = 0.9471922102199302 @ 170841.0 3305.869140625 1
1.1667070893483111 4.03355146728405 0.3332544756777827 = 0.9938096385825317 @ 160167.0 1128.516845703125 1
0.6242325973364159 0.333016339099221 7.705798024402466 = 0.9999999341398615 @ 149256.0 2353.87841796875 1
7.506841155765843 1.1561754988805697 1.1744224289439136 = 0.9859971950392414 @ 140011.0 3396.650146484375 1
4.11120714695464 1.1700887872219308 4.111207140159417 = 1.0 @ 129524.0 658.4814453125 1
1.2044604253862896 1.1680775228973692 3.8831153258447397 = 0.9332358646072265 @ 127755.0 853.31298828125 1
4.111207136657395 2.1932800469805143 0.6242284338555545 = 1.0 @ 125636.0 1089.33154296875 1
2.1932800493415345 1.1700887864731908 2.1932800543720052 = 1.0 @ 87051.0 1382.521240234375 1
2.193280048794223 2.1932800499133065 1.1700887879763633 = 1.0 @ 78688.0 2318.46240234375 1
4.111225413413472 0.6242292606559223 7.70623367919292 = 0.9999999991086432 @ 31609.0 1372.7060546875 1
0.6240857676568232 7.694607800561094 1.1698073104119642 = 0.999959889932695 @ 16078.0 3113.984130859375 1
0.6242284328605497 4.111207144794472 1.1700887887370655 = 1.0 @ 3001.0 213.75830078125 1
7.791856943106371 0.6155185580700335 7.687467759896471 = 0.9945844772175305 @ 2870.0 229.133544921875 1
0.6241111130852343 7.735736087697589 4.110290397853798 = 0.9997559881327713 @ -5.0 543.501708984375 1
