5.482864208016806 4.8580568797735015 = 186.73090883102392 @ 199212.0 79.34716796875 1
5.482864206367839 -7.708313737271935 = 186.73090883102392 @ 198528.0 158.53759765625 1
-1.4251284275201246 -7.083506408440778 = 186.7309088310239 @ 197875.0 234.84326171875 1
-7.08350640574468 4.858056879514644 = 186.73090883102392 @ 197198.0 310.888671875 1
-0.8003210995228064 4.8580568805067035 = 186.73090883102392 @ 196437.0 397.264892578125 1
-7.08350640665454 -1.4251284287396682 = 186.7309088310239 @ 194332.0 643.218017578125 1
-0.8003210984725071 -1.425128427564038 = 186.7309088310239 @ 193619.0 722.787109375 1
-7.708313736708304 -0.8003210993029755 = 186.73090883102392 @ 192978.0 795.825927734375 1
-7.708313732713284 5.482864208080946 = 186.73090883102392 @ 192313.0 871.118408203125 1
-1.4251284287230508 5.482864206373374 = 186.7309088310239 @ 189572.0 1183.52197265625 1
4.858056879063648 5.482864208009935 = 186.73090883102392 @ 188751.0 1279.771728515625 1
5.482864206558132 -1.4251284285914791 = 186.73090883102392 @ 188014.0 1363.551513671875 1
-7.083506407934916 -7.708313736332782 = 186.73090883102392 @ 183977.0 1828.4755859375 1
-0.8003210976763766 -7.708313735508069 = 186.73090883102392 @ 176440.0 145.58251953125 1
4.857387935898332 -0.7999827377644123 = 186.72961310947693 @ 162423.0 346.9140625 1
-7.708314106559048 -7.083505950144319 = 186.73090883024034 @ 153706.0 1354.505615234375 1
-1.425128428186413 -0.8003210989375786 = 186.7309088310239 @ 148053.0 113.044677734375 1
4.85805687885295 -7.083506408693403 = 186.7309088310239 @ 117636.0 80.0595703125 1
