-0.8003211020444906 5.482864209932436 4.858056879332176 = 2709.093505572828 @ 397414.0 301.1630859375 1
-7.08350640760324 4.8580568789730965 5.4828642057067 = 2709.0935055728282 @ 396084.0 465.50146484375 1
4.8580568770322134 -0.8003210996767498 -7.083506404274989 = 2709.0935055728282 @ 394861.0 621.4326171875 1
5.482864206751852 -1.4251284284010877 -7.083506407288818 = 2709.093505572828 @ 393624.0 774.72900390625 1
-7.708313736069114 -7.0835064065807645 -0.8003211014508526 = 2709.0935055728282 @ 392513.0 911.83349609375 1
-1.4251284292432211 5.482864207098703 -0.8003210994659403 = 2709.093505572828 @ 385018.0 1844.8759765625 1
-0.8003211012180219 -7.7083137368583134 5.48286420641715 = 2709.0935055728282 @ 383879.0 1984.6357421875 1
-1.4251284259545842 5.482864207655551 -7.0835064082988755 = 2709.093505572828 @ 382670.0 2132.889892578125 1
-0.8003211007070358 5.48286420629722 -1.4251284273270346 = 2709.093505572828 @ 381545.0 2271.08447265625 1
-0.8003211021012417 -1.425128426510123 -0.8003210998889632 = 2709.093505572828 @ 379286.0 2553.209716796875 1
-1.4251284272812472 -7.0835064067735205 -7.083506408273973 = 2709.093505572828 @ 378161.0 2693.66015625 1
-0.8003211013922839 4.85805687927043 -7.083506409144763 = 2709.0935055728282 @ 375776.0 2994.87353515625 1
-0.8003211021323576 -7.708313734398933 -0.8003211007896224 = 2709.093505572828 @ 369765.0 3742.310791015625 1
-7.708313736536267 -7.083506408310173 -7.08350640709398 = 2709.0935055728287 @ 366302.0 4176.12255859375 1
-7.708313735111458 -0.8003211018211324 -7.083506407378637 = 2709.0935055728287 @ 365023.0 4334.170654296875 1
4.858056878112771 -7.083506408828814 -7.083506406152836 = 2709.0935055728282 @ 360426.0 4903.64697265625 1
4.858056878253594 5.482864204698013 5.482864209495445 = 2709.0935055728282 @ 351573.0 5984.251953125 1
4.858056877801582 5.482864205729249 -0.8003210993712858 = 2709.0935055728282 @ 349230.0 6274.185546875 1
-7.083506408146506 5.482864207550338 -1.4251284284899484 = 2709.093505572828 @ 343317.0 6997.60986328125 1
5.482864205334625 5.482864205640987 -7.708313735905795 = 2709.0935055728282 @ 338612.0 135.23486328125 1
-7.708313357127803 5.4828634463582775 5.482863731460242 = 2709.093505542209 @ 337949.0 221.05078125 1
5.482864206460155 -7.70831373505561 5.482864204665755 = 2709.0935055728282 @ 335494.0 521.15771484375 1
5.482864207220959 -1.42512842834418 -0.8003211016480674 = 2709.093505572828 @ 329805.0 1218.44140625 1
5.482864205602482 -0.8003211023594602 -1.425128427694689 = 2709.093505572828 @ 318992.0 2548.4296875 1
-0.8003209419549028 -7.083506672795654 -1.425128341521073 = 2709.093505569512 @ 317013.0 2792.724853515625 1
-7.083506407603481 -0.8003211015466425 4.8580568774518955 = 2709.0935055728282 @ 306774.0 4047.337646484375 1
-0.8003211001433398 -1.4251284276309046 -7.083506407818157 = 2709.093505572828 @ 284905.0 981.590087890625 1
4.858058292064927 -7.083505661917712 -0.800321987533048 = 2709.0935054622396 @ 281120.0 1442.8623046875 1
-1.4251284281897456 -0.8003211003342527 -7.083506408857176 = 2709.093505572828 @ 273107.0 2425.806640625 1
-7.083506408315675 -0.800321100775522 -7.708313735570661 = 2709.0935055728282 @ 269700.0 2850.8115234375 1
-7.083506409052351 -0.8003211016625087 -1.4251284266530089 = 2709.093505572828 @ 265327.0 3390.5537109375 1
-7.083506407117214 4.858056877846922 -0.800321100373758 = 2709.0935055728282 @ 261388.0 3874.185546875 1
-7.083506408053765 -7.083506410514403 -7.7083137364923555 = 2709.0935055728282 @ 248101.0 156.74462890625 1
5.482864206352338 -7.083506406276492 -7.708313735280724 = 2709.0935055728287 @ 244540.0 588.494384765625 1
-1.4251284286324999 5.482864207011231 5.482864209197393 = 2709.093505572828 @ 232411.0 2092.8125 1
-0.8003211011169464 -7.083506407830876 -7.708313735540278 = 2709.0935055728282 @ 224412.0 3069.033447265625 1
-7.083506407519163 -7.083506409356457 -1.425128427228963 = 2709.093505572828 @ 217393.0 3937.404296875 1
-7.083506408100179 -1.4251284276635336 -7.083506406678141 = 2709.093505572828 @ 200620.0 276.173828125 1
5.4828642050923575 4.858056878169082 -7.0835064075159195 = 2709.0935055728282 @ 194371.0 1041.92333984375 1
-0.8001418986907325 5.482346790560211 -7.708185962528975 = 2709.083340226962 @ 186904.0 1959.38623046875 1
-7.0835063188615335 5.482864707107973 -7.708313579765111 = 2709.093505563725 @ 186269.0 2036.6240234375 1
5.482864484026708 -0.8003209878193979 -7.708314014907799 = 2709.0935055673135 @ 182050.0 2561.1689453125 1
-1.425128428818169 -0.800321101003279 5.482864207257992 = 2709.093505572828 @ 176991.0 3185.630859375 1
-0.8003206405082196 -0.8003208704594054 -7.708314628123387 = 2709.0935055374052 @ 173990.0 3558.380126953125 1
5.482864913436872 -7.7083135701053855 -0.8003216474799234 = 2709.0935055462955 @ 170821.0 3953.75634765625 1
5.482864205109308 4.858056875497605 5.482864208942152 = 2709.0935055728282 @ 169500.0 4116.675048828125 1
-7.083506407931265 -1.4251284271850329 -0.8003211008519054 = 2709.093505572828 @ 166779.0 4447.317626953125 1
5.482864206361979 -7.0835064063993585 4.858056880493984 = 2709.0935055728282 @ 165570.0 4599.59228515625 1
-7.083506933474396 4.858056507369793 -7.083505776747202 = 2709.0935055465357 @ 160529.0 77.799072265625 1
-0.8003210995252412 -7.08350641038019 4.85805687646618 = 2709.093505572828 @ 155596.0 696.5322265625 1
-7.08350640546872 5.482864207498827 4.858056876901047 = 2709.0935055728282 @ 149571.0 1440.903076171875 1
-7.708313735372398 -0.800321099232048 5.482864206300352 = 2709.0935055728282 @ 140424.0 2576.5361328125 1
-1.4251278730263774 -7.083505963649741 -0.8003220279307651 = 2709.0935055285017 @ 119055.0 5228.574951171875 1
5.482864207180619 5.48286420594447 -1.4251284307134564 = 2709.093505572828 @ 109492.0 453.016845703125 1
-1.4251284274148226 -0.8003211020663593 -0.8003210996990338 = 2709.0935055728273 @ 103341.0 1219.906005859375 1
-7.083505994176279 -7.70831355537988 -0.8003203593189188 = 2709.0935055486384 @ 57728.0 523.41650390625 1
-0.80038896568135 -0.8007013218214112 4.8578481319232925 = 2709.087249437981 @ 54405.0 936.52734375 1
-7.708313736972314 -7.083506408889673 5.482864205920097 = 2709.093505572828 @ 53336.0 1069.195556640625 1
-7.708313735281839 5.482864206251306 -0.8003211006574127 = 2709.0935055728282 @ 49047.0 1609.30712890625 1
-0.8003211020213757 4.858056878564598 -0.8003211010757454 = 2709.0935055728282 @ 16100.0 5691.12890625 1
4.858056878802353 -0.800321102853959 5.482864207206677 = 2709.0935055728282 @ 14713.0 128.074951171875 1
4.858056877993457 -7.083506408269224 5.482864206199306 = 2709.0935055728282 @ 6448.0 1152.008056640625 1
