7.7062772517519464 2.193280051774185 4.111207139080325 = 1.0 @ 398982.0 90.3037109375 1
7.706277257880904 7.706277256238856 4.111207143849028 = 1.0 @ 398114.0 184.32421875 1
4.1112071429847745 1.170088788358075 7.706277253767006 = 1.0 @ 397255.0 280.0361328125 1
7.706277258273268 4.111207149561899 7.70627726459776 = 1.0 @ 396438.0 373.37255859375 1
4.111207146485167 7.706277264093053 4.1112071415049 = 1.0 @ 394669.0 575.880615234375 1
1.1736084524667063 7.653343338341617 0.626947310635559 = 0.9987434024896182 @ 392438.0 820.936767578125 1
7.706277262123997 1.1700887866517615 2.193280047129703 = 1.0 @ 391425.0 931.87939453125 1
4.111207143397989 7.706277249319956 2.193280049488913 = 1.0 @ 390566.0 1026.340576171875 1
1.1700887890184408 7.706277258762007 4.111207145493429 = 1.0 @ 389679.0 1128.319580078125 1
2.193248249308259 4.1090639340575725 4.111027389260423 = 0.9999954328985075 @ 388134.0 1298.671630859375 1
7.706277246920535 7.706277257490668 7.706277258476309 = 1.0 @ 387317.0 1388.080078125 1
7.706277264652168 2.1932800485011805 7.70627725859339 = 1.0 @ 385646.0 1575.525146484375 1
4.112269279783253 0.6242120560420031 4.110532716560297 = 0.9999984277986603 @ 384017.0 1753.921142578125 1
7.70627728195326 4.11120714526025 2.1932800539969497 = 0.9999999999999998 @ 383214.0 1842.000244140625 1
1.1700887871457628 7.7062772537344175 7.706277258063531 = 1.0 @ 381487.0 2032.771484375 1
2.193280053183585 4.111207140364229 7.7062772627099125 = 1.0 @ 380628.0 2126.197021484375 1
7.706277269089183 1.1700887875560848 7.706277258303328 = 1.0 @ 378873.0 2321.748779296875 1
7.706277261477023 4.111207142890307 4.111207145288085 = 1.0 @ 377188.0 2508.0068359375 1
4.111207146301418 2.1932800518270272 7.706277269843415 = 1.0 @ 376203.0 2615.470458984375 1
1.1701225911940938 7.780091018368867 2.1892482250717995 = 0.9984301352387221 @ 373272.0 2941.37939453125 1
4.111116674993295 7.705772951551589 1.1700881012989883 = 0.9999999205440324 @ 372203.0 3058.78955078125 1
7.706277267287379 1.1700887878917599 4.111207144711099 = 1.0 @ 371036.0 3185.669677734375 1
7.706277255817395 7.706277262722275 2.1932800508959196 = 1.0 @ 370163.0 3280.92041015625 1
2.1932800528455503 7.706277253620251 7.706277264385708 = 1.0 @ 367526.0 3573.95751953125 1
7.706277254849072 7.706277253547079 0.624228434446735 = 1.0 @ 362733.0 4106.828857421875 1
7.706277248999206 0.6242284334271716 7.70627725575822 = 1.0 @ 359368.0 4476.40673828125 1
0.6242445651625351 1.170337896435562 7.703519635401583 = 0.9999970986790296 @ 355947.0 4857.355224609375 1
2.1932800521330957 2.193280051185867 1.1700887870486345 = 1.0 @ 351452.0 101.47412109375 1
4.111207141657085 7.706277248059401 7.706277256819012 = 1.0 @ 350593.0 197.802978515625 1
4.111207137871517 4.111207142518307 0.6242284346552873 = 1.0 @ 348712.0 405.1767578125 1
7.674902887905164 2.1911692099870086 2.191140377071774 = 0.9996913256410627 @ 346425.0 659.390380859375 1
7.807777180463758 4.054122882755733 0.6344163474201951 = 0.9895387270061742 @ 345958.0 714.183837890625 1
2.1932800538776 2.19328005115898 7.7062772576488765 = 1.0 @ 344147.0 913.609375 1
2.193280052683081 7.706277250381473 1.1700887872437722 = 1.0 @ 343148.0 1026.818359375 1
0.6242284331868466 4.1112071449717265 7.706277265688976 = 1.0 @ 341757.0 1181.08154296875 1
1.170109463368363 2.1932688317031075 7.706339793454796 = 0.9999999932624168 @ 339106.0 1474.879150390625 1
4.1112071411144155 4.111207149581359 7.70627725101265 = 1.0 @ 338163.0 1579.731201171875 1
0.624228433353854 2.1932800504939007 4.111207146515004 = 1.0 @ 337108.0 1696.669921875 1
2.1932571733510744 7.706139829624223 2.193302607087865 = 0.9999999911234945 @ 336655.0 1746.75537109375 1
4.111212910693773 2.1933106475541897 2.1932562154195314 = 0.999999994755375 @ 336258.0 1793.7744140625 1
4.111207143617385 4.11120713995178 4.111207146036884 = 1.0 @ 335133.0 1923.236572265625 1
7.705812261728796 4.111058650438078 1.1700716377208076 = 0.9999999139908127 @ 333966.0 2052.8818359375 1
1.1700887878929447 4.111207140333129 7.7062772578499406 = 1.0 @ 332785.0 2184.0947265625 1
1.1659171416925023 4.052968581466272 1.1699089600500134 = 0.9964002713377555 @ 327348.0 2790.65087890625 1
2.193280049312554 2.1932800522950053 2.193280052139747 = 1.0 @ 324291.0 3135.802001953125 1
1.1700887890740987 2.1932800530553735 4.111207147117827 = 1.0 @ 323110.0 3264.732421875 1
7.706277258553029 2.1932800505121217 1.1700887873816794 = 1.0 @ 322153.0 3370.75634765625 1
7.706277255734407 2.1932800523411347 0.6242284336775832 = 1.0 @ 320650.0 3542.700927734375 1
1.1700883416281345 4.111181010881971 4.11114840890198 = 0.9999999959225099 @ 319231.0 3702.77734375 1
4.111064965565921 1.1701250121367093 2.193262114928221 = 0.9999999629781242 @ 316594.0 4001.169189453125 1
4.111196236070713 2.1933380066664876 1.1701009613512805 = 0.9999999864414867 @ 314717.0 149.54150390625 1
7.706277255975267 7.70627725351382 1.1700887859508202 = 1.0 @ 312234.0 430.9228515625 1
4.111207142975631 2.1932800525555822 4.111207143618083 = 1.0 @ 310157.0 666.990966796875 1
1.1700878015525193 7.70634281379783 1.1700795753875413 = 0.9999999977489419 @ 305322.0 1201.267578125 1
4.110712343162959 4.110902161553932 2.1933774095667493 = 0.9999996339890014 @ 304925.0 1245.523193359375 1
4.111207136425801 1.1700887878633703 4.111207139911833 = 1.0 @ 303996.0 1353.114501953125 1
2.2768377167117104 7.407054401144504 4.028826799649962 = 0.9443661399264947 @ 297971.0 2035.55712890625 1
2.194441047477825 7.680586880721646 0.6242645092523019 = 0.9998094493106497 @ 295222.0 2336.519287109375 1
2.1932196972528595 2.193333755123895 4.1111747891192465 = 0.9999999763548907 @ 282747.0 437.76123046875 1
2.195161648242824 1.1710241990366301 7.739599531500677 = 0.9996668690014833 @ 280824.0 651.55029296875 1
2.193279606090053 1.1701129037636793 4.111112857037647 = 0.9999999841532601 @ 278859.0 877.104248046875 1
1.1697927869854692 1.1702993200616867 7.709336262186036 = 0.9999957685611589 @ 276194.0 1171.4833984375 1
4.111207142217161 0.6242284341211146 7.70627725351968 = 1.0 @ 275181.0 1284.307373046875 1
7.706213095446422 0.3330275714843627 7.706120853801033 = 0.9999999794360843 @ 270360.0 1825.05078125 1
4.11120714753105 7.706277250286738 0.6242284339326486 = 1.0 @ 266687.0 2237.991943359375 1
0.3330413466765487 4.1055287361186235 4.114415070246943 = 0.9999579428090533 @ 262832.0 2662.912353515625 1
0.6238723099188618 2.2026310533763374 7.885522216909765 = 0.9909202315924095 @ 260111.0 2968.73681640625 1
1.170088788780682 4.111207148969513 2.1932800530997647 = 1.0 @ 259126.0 3078.69970703125 1
0.6242284332623654 7.706277262142802 2.1932800533225048 = 1.0 @ 255663.0 3469.217529296875 1
4.111207138316152 4.111207141997779 1.1700887889191887 = 1.0 @ 247524.0 4381.69873046875 1
2.193280052107862 4.111207140499755 2.1932800486615203 = 1.0 @ 245601.0 4594.73779296875 1
2.1933324108733583 4.111175464797496 0.6242273436142831 = 0.9999999894612159 @ 237158.0 709.232177734375 1
2.1932800486914763 1.1700887892790848 2.1932800479524293 = 1.0 @ 224343.0 2133.602783203125 1
0.6242284334412688 1.1700887877629607 2.193280048454868 = 1.0 @ 212130.0 3500.2216796875 1
0.6242284326522247 1.1700887876840458 4.1112071441847915 = 1.0 @ 202063.0 515.90283203125 1
1.1700887868791965 1.1700887873520864 4.111207139825564 = 1.0 @ 197760.0 995.34375 1
1.1700887875108545 2.1932800535904247 2.1932800500276213 = 1.0 @ 190307.0 1834.429931640625 1
7.706277264226987 1.1700887875427717 0.6242284336817442 = 1.0 @ 183218.0 2637.6103515625 1
0.6242284328535642 7.706277261868359 4.111207140363115 = 1.0 @ 174477.0 3619.714599609375 1
0.34744112859879883 2.1475705866319856 7.307935555270932 = 0.9172652605030138 @ 174318.0 3639.190673828125 1
1.1700887885310316 1.1700887886969003 2.1932800516348645 = 1.0 @ 173361.0 3750.709716796875 1
0.6243089148811859 7.730135366189671 7.73758213441584 = 0.9995666006917165 @ 169748.0 289.264404296875 1
0.6242284330814837 4.111207146634451 2.193280052512545 = 1.0 @ 114251.0 1694.501708984375 1
2.193280049780417 4.111207143733041 1.170088785603231 = 1.0 @ 104754.0 2760.5361328125 1
2.1831745415323716 4.125995214630629 0.3330352699984784 = 0.9994297221772881 @ 96153.0 3730.43408203125 1
7.7062772553589145 1.170088787723886 1.1700887875168602 = 1.0 @ 94822.0 123.833251953125 1
7.706277258554124 0.6242284336540992 2.193280051341597 = 1.0 @ 91835.0 459.864990234375 1
0.3330184358415238 7.706277242381674 4.111207143530396 = 1.0 @ 88890.0 792.260498046875 1
1.1690917327148291 0.6243165877979042 7.6449119339591 = 0.9989228145346571 @ 79253.0 1871.286376953125 1
0.6242284333676883 0.6242284328956694 4.111207144462077 = 1.0 @ 70484.0 2861.801513671875 1
4.111498646134968 0.3330083179760429 4.111077563074774 = 0.9999998842733325 @ 67623.0 3187.135009765625 1
4.110832334145499 0.6243337582912741 0.6241094603279305 = 0.9999987815171629 @ 55022.0 1149.343017578125 1
0.6242385196666611 4.111206068125596 1.1700789365629929 = 0.9999999944664852 @ 13287.0 2730.0947265625 1
