-0.8003210985574676 -7.708313733381528 -0.8003211002497148 = 2709.0935055728282 @ 394390.0 649.400634765625 1
5.482864208535211 4.858056877371114 -7.0835064070087785 = 2709.0935055728282 @ 388650.0 1335.295166015625 1
5.482864205591984 -7.08350640523241 4.8580568786604506 = 2709.0935055728282 @ 387525.0 1468.400146484375 1
-7.708313735349071 5.482864207007815 -0.8003211010545791 = 2709.0935055728282 @ 383866.0 1905.894775390625 1
4.858056879480545 5.482864207197373 -0.8003211023724376 = 2709.0935055728282 @ 379171.0 2469.0087890625 1
-0.8003211017972087 4.858056876038214 5.482864207389858 = 2709.0935055728282 @ 375148.0 2944.80859375 1
-7.708313735009218 -7.083506408537702 -0.800321099233174 = 2709.0935055728282 @ 371853.0 3337.98388671875 1
5.482864206780797 -7.7083137345349595 -7.083506406208582 = 2709.0935055728282 @ 370686.0 3481.239013671875 1
5.482864208448319 -7.7083137360988 -0.8003211011661088 = 2709.0935055728282 @ 369519.0 3618.500244140625 1
-0.8003211012336989 -0.8003211007239381 4.8580568783677 = 2709.0935055728287 @ 364712.0 4188.4892578125 1
5.482864206551336 -1.4251284283655836 -0.8003211017442862 = 2709.093505572828 @ 363503.0 4333.056640625 1
5.482864207564139 -7.083506407228329 -7.708313734892417 = 2709.0935055728282 @ 361216.0 4609.091064453125 1
-1.4251284270773552 5.482864205236941 -0.8003210999681335 = 2709.093505572828 @ 360105.0 4742.2529296875 1
4.858056878560413 -7.083506406830319 -7.0835064051444165 = 2709.0935055728282 @ 356572.0 5159.76025390625 1
-0.8003210999221015 5.482864207499594 -1.4251284286303674 = 2709.093505572828 @ 355391.0 5298.85888671875 1
4.858056878254667 5.482864208511969 5.482864207089384 = 2709.0935055728282 @ 354224.0 5440.7021484375 1
-7.0835065898998275 -7.083506102871971 4.858057569067286 = 2709.0935055526766 @ 342379.0 66.424072265625 1
-0.8003210994049678 -1.4251284293738382 -0.8003211008745498 = 2709.093505572828 @ 337306.0 678.459716796875 1
-1.4251284287851067 -7.08350640826845 -7.083506407906407 = 2709.093505572828 @ 336013.0 831.970703125 1
-7.0835065793696605 4.858056874495094 5.482864389676658 = 2709.093505570806 @ 334650.0 999.91796875 1
4.858056888244109 -0.8003211523093028 5.482864152619916 = 2709.0935055726454 @ 332671.0 1237.89794921875 1
-0.8003210990476539 -7.708313733689243 -7.083506407177852 = 2709.0935055728287 @ 317630.0 3048.050537109375 1
-0.8003210998010313 -1.4251284297249405 -7.0835064078737195 = 2709.093505572828 @ 315455.0 3307.151611328125 1
-0.800321101337946 4.858056877778582 -7.083506407195481 = 2709.0935055728287 @ 314274.0 3452.95654296875 1
-7.0835064059688 -1.4251284273928297 -7.083506406555609 = 2709.093505572828 @ 299993.0 295.51318359375 1
-0.8003210993183372 5.482864203902329 4.858056876968108 = 2709.0935055728282 @ 298798.0 436.7333984375 1
4.858056878835095 -0.8003211003966446 -7.083506408411655 = 2709.0935055728282 @ 292269.0 1224.955322265625 1
5.482864297605915 -7.0835072619634385 -1.4251303473211856 = 2709.093505424641 @ 290612.0 1425.3671875 1
4.858056878605256 -7.083506407188567 -0.800321098833662 = 2709.0935055728282 @ 289473.0 1561.309326171875 1
-0.8003215644833239 -7.083507386155887 -7.708315081249392 = 2709.0935054739894 @ 282230.0 2429.55126953125 1
-7.708313735005296 5.48286420757354 -7.083506406631209 = 2709.0935055728282 @ 277955.0 2946.94873046875 1
-7.708313735076208 -0.8003211013220212 -7.083506404369716 = 2709.0935055728282 @ 270670.0 3828.7490234375 1
-7.708314310028552 -0.8003199993391632 5.482866289135182 = 2709.0935053837634 @ 267557.0 4199.606689453125 1
-0.8003211001066346 -7.083506407628591 4.858056875893647 = 2709.093505572828 @ 261210.0 4971.259033203125 1
-1.425128481472284 -7.083506296426798 -0.8003211553651723 = 2709.0935055722375 @ 256211.0 127.443115234375 1
-7.083506408304373 -7.083506408073179 -7.708313735880578 = 2709.0935055728282 @ 242584.0 1762.85888671875 1
-7.708313736934249 -7.083506408520686 -7.083506406544314 = 2709.0935055728282 @ 239065.0 2233.474853515625 1
-7.083505850529549 4.858056632246803 -7.083506572750231 = 2709.093505559945 @ 235378.0 2688.270263671875 1
-0.8003211013106699 -0.8003211004629885 -7.708313733562774 = 2709.0935055728282 @ 232125.0 3083.06005859375 1
-0.8003211016631628 -0.8003210986724903 -1.4251284279576006 = 2709.093505572828 @ 230818.0 3239.33251953125 1
-7.083506409013379 -7.708313735912638 -7.083506407508824 = 2709.0935055728282 @ 229511.0 3397.886962890625 1
-0.8003210998014503 -7.083506407322853 -1.425128427768971 = 2709.093505572828 @ 225390.0 3895.38330078125 1
-7.083507765379246 4.858056973235642 -0.8003221624766264 = 2709.0935054772667 @ 212757.0 5420.841064453125 1
5.4828642078549725 5.4828642053641685 -1.4251284284395183 = 2709.093505572828 @ 205700.0 306.103515625 1
-7.083506406039106 5.482864205506114 4.858056878395958 = 2709.0935055728282 @ 203413.0 580.12890625 1
-1.4251284273429259 5.482864207197876 5.482864207855042 = 2709.093505572828 @ 197430.0 1332.94091796875 1
-1.4251284282218035 -0.8003211001199929 5.482864205122381 = 2709.093505572828 @ 185147.0 2817.845947265625 1
4.858056877618347 -0.8003210995898757 -0.8003210990645557 = 2709.0935055728282 @ 181544.0 3254.6142578125 1
-7.083506517362044 -0.8003211981690338 -1.4251284564691353 = 2709.093505572109 @ 178641.0 3600.8095703125 1
5.482864205323386 -0.8003210999506181 4.8580568813689755 = 2709.0935055728282 @ 173022.0 4286.382080078125 1
-7.08350640867652 -7.7083137349725614 -0.800321101346905 = 2709.0935055728282 @ 160491.0 148.736083984375 1
-7.0835062994616536 -1.4251286324015877 -0.8003208767414766 = 2709.093505569438 @ 159814.0 229.616943359375 1
-1.4251129773850932 -0.800108181564929 -0.800401654110071 = 2709.09183607768 @ 152473.0 1117.099609375 1
-0.8003206994759313 4.858055788243181 -0.8003208469370222 = 2709.0935055253913 @ 150718.0 1327.69287109375 1
4.858056828081157 -7.083506896941394 5.4828636023449935 = 2709.093505553353 @ 145071.0 2013.9931640625 1
-1.4251284275645868 5.482864207442928 -7.083506407793345 = 2709.093505572828 @ 137254.0 2965.806396484375 1
5.4828642069546865 4.858056877461395 5.482864206861022 = 2709.0935055728282 @ 120519.0 4990.5126953125 1
-0.800321101301155 -1.4251284290936184 5.482864207759561 = 2709.093505572828 @ 102864.0 1510.545654296875 1
-7.083506225922448 -0.8003210487240621 -7.708313989943106 = 2709.093505569494 @ 100885.0 1751.201416015625 1
-0.8003210998761533 -7.70831373778565 5.482864205780606 = 2709.093505572828 @ 97660.0 2142.65087890625 1
5.482864207223617 -7.70831373429643 5.482864208967596 = 2709.0935055728282 @ 59971.0 1402.539794921875 1
-7.708313734242 5.482864207105193 5.482864206002986 = 2709.093505572828 @ 47436.0 2918.277587890625 1
-7.083506408659568 -0.800321100072832 4.85805687944192 = 2709.0935055728287 @ 24349.0 347.64111328125 1
-1.4251284304658094 -7.08350640605945 5.482864205749929 = 2709.093505572828 @ 23112.0 496.87646484375 1
