0.16287607224658107 3.7815099725551664 = -5.595120141916889e-22 @ 199236.0 210.5263671875 1
-1.4814715358971422 3.674022685113784 = -1.1094263669711483e-22 @ 198588.0 419.777099609375 1
-2.1849843511337497 1.6870539388189632 = 0.0 @ 196987.0 938.859619140625 1
-0.4996950653825665 -4.012597084801954 = 0.0 @ 193490.0 2081.4365234375 1
-3.3951130218036347 -3.317307196630151 = 0.0 @ 186141.0 4481.909423828125 1
4.141256932030729 2.4770118091600617 = 0.0 @ 171932.0 1553.72265625 1
1.757743591246993 1.5957372544364743 = 0.0 @ 111519.0 4905.71826171875 1
-1.5615449132099122 4.400021519338444 = -1.4303044749233914e-08 @ 108698.0 416.0146484375 1
-0.49969551638748566 -4.0125971435434895 = -0.041383912440013854 @ 106341.0 1255.4873046875 1
-0.49969466887089714 -4.012596946675556 = -0.05146897081627027 @ 105320.0 1619.786376953125 1
-0.4996951554165801 -4.012595151768666 = -0.08594485154312825 @ 47783.0 2134.8798828125 1
-0.4996950850734321 -4.012597232144042 = -0.02032844181389374 @ 44408.0 3290.286376953125 1
-0.49969489540946016 -4.012597160437339 = -0.026504885233762255 @ 44408.0 3290.286376953125 1
-0.4996951909101491 -4.012597172143737 = -0.03034893962139945 @ 44408.0 3290.286376953125 1
-0.4996948164060764 -4.012596855462025 = -0.03811011879650789 @ 44408.0 3290.286376953125 1
