-0.8003211003461604 -7.708313735920717 -7.083506407914024 = 2709.0935055728282 @ 398674.0 137.129638671875 1
-0.8003211019918891 4.858056877021932 -0.8003211009056762 = 2709.0935055728282 @ 395258.0 551.4619140625 1
5.482864206328187 -7.708313733248074 -0.8003211002590682 = 2709.0935055728282 @ 394175.0 682.5693359375 1
-7.708313735200411 -0.8003211004705831 -7.083506408842604 = 2709.0935055728287 @ 393008.0 826.64501953125 1
-7.083506407006738 -1.4251284298683202 -7.083506408926228 = 2709.093505572828 @ 391827.0 976.310302734375 1
5.482864206698621 5.482864207490707 -7.708313735526742 = 2709.0935055728287 @ 389568.0 1247.45166015625 1
5.482864207631617 -0.8003211001136639 -1.4251284267888678 = 2709.093505572828 @ 384047.0 1910.295654296875 1
5.4828642076377205 -0.800321098885437 4.858056879097754 = 2709.0935055728287 @ 382866.0 2055.46630859375 1
5.48286420553986 -7.083506407025148 -7.708313733346136 = 2709.0935055728282 @ 379249.0 2487.067138671875 1
-7.08350640387948 4.858056878417225 -0.8003211009478084 = 2709.0935055728282 @ 378166.0 2615.630615234375 1
-0.8003210996547421 5.482864205838456 -1.4251284283721382 = 2709.093505572828 @ 376887.0 2767.545654296875 1
4.858056878370201 -7.083506407402255 -7.083506407444043 = 2709.0935055728287 @ 373452.0 3187.078125 1
-7.083506405225936 5.482864207700045 4.858056877758902 = 2709.093505572828 @ 369485.0 3665.75244140625 1
5.482864207664018 4.858056879524293 -7.08350640628529 = 2709.0935055728282 @ 367100.0 3952.195556640625 1
4.858056878015875 -0.8003210982660862 5.482864206548632 = 2709.0935055728282 @ 365947.0 4094.4130859375 1
-0.8003211004516487 -0.8003211002815189 -1.4251284294157491 = 2709.093505572828 @ 364752.0 4235.969970703125 1
-0.8003210993414143 -7.083506406489957 -1.4251284297051217 = 2709.093505572828 @ 358643.0 4969.895751953125 1
-1.4251284264198059 5.482864205767859 5.482864206441668 = 2709.093505572828 @ 352828.0 5671.33056640625 1
5.482864207224841 -0.8003210998378791 -7.708313736745977 = 2709.0935055728287 @ 349323.0 6087.832275390625 1
-1.425128427823714 -0.80032110091189 -7.083506409249762 = 2709.093505572828 @ 346994.0 6361.825927734375 1
5.482864206741096 -7.083506406182183 4.858056879980098 = 2709.0935055728282 @ 339671.0 131.081787109375 1
-7.083519085416896 -1.4251816302018743 5.482898352388764 = 2709.093367334479 @ 335760.0 599.91357421875 1
-0.80032110201078 4.858056877295036 -7.083506406125701 = 2709.0935055728282 @ 334649.0 734.593017578125 1
-1.425129323177539 -0.8003203373740488 -0.8003241991905017 = 2709.0935052192367 @ 332824.0 957.6201171875 1
-7.083506406672102 -7.083506408960237 4.858056879964311 = 2709.0935055728287 @ 330313.0 1258.717041015625 1
-7.708313556958051 -7.083505896171344 -7.083506442809676 = 2709.093505563321 @ 323364.0 2095.240234375 1
-0.8003205587354366 -0.8003213155771994 4.858057282456067 = 2709.093505556427 @ 313867.0 3242.1259765625 1
-7.708313735107756 -7.0835064082272625 5.482864206929675 = 2709.0935055728282 @ 312658.0 3393.448486328125 1
4.858056878974589 -7.08350640666519 5.482864206932446 = 2709.0935055728287 @ 311519.0 3530.336669921875 1
5.482864207650435 5.482864206612119 -1.425128427907828 = 2709.093505572828 @ 296314.0 275.068603515625 1
5.482847899130645 -7.708117568089063 5.482862874875214 = 2709.0921957102732 @ 289393.0 1105.6787109375 1
5.482864236494254 -7.083506409016119 -1.4251279212618069 = 2709.0935055641053 @ 267534.0 3732.947021484375 1
-0.800321100785172 5.482864206093863 4.8580568776637865 = 2709.0935055728287 @ 263763.0 4197.90478515625 1
5.482862952516979 -1.4251272769933874 -0.8003205038840748 = 2709.0935054661627 @ 263198.0 4266.6435546875 1
4.858056877299015 5.482864205437634 -7.083506406494006 = 2709.0935055728282 @ 255101.0 5244.796630859375 1
-0.800321104756998 -0.8003210995055046 -7.708313732907611 = 2709.093505572828 @ 248688.0 664.084716796875 1
-0.8003210983741808 -1.4251284290210218 -7.083506406984549 = 2709.093505572828 @ 242089.0 1468.56884765625 1
-7.083507226268987 -7.083505753902743 -1.425128962473931 = 2709.093505527993 @ 239984.0 1719.91650390625 1
-7.083506408200762 -7.708313736706634 5.482864206165342 = 2709.0935055728282 @ 231005.0 2806.45654296875 1
5.482864204872711 4.858056880308795 5.482864208284445 = 2709.093505572828 @ 224742.0 3562.54296875 1
-0.8003207941457872 -1.4251280233005639 -0.8003200958623485 = 2709.0935055319155 @ 211007.0 78.43505859375 1
-7.083506407022383 5.482864209746898 -7.70831373603105 = 2709.0935055728282 @ 209798.0 224.51513671875 1
-7.083506408200721 5.482864206970617 -1.4251284293868336 = 2709.093505572828 @ 202163.0 1155.06396484375 1
-0.800321099351922 5.482864205958533 -7.708313732893954 = 2709.0935055728282 @ 196670.0 1815.309814453125 1
5.482864207743011 -1.4251284284470846 5.482864207258756 = 2709.093505572828 @ 195377.0 1971.9267578125 1
-7.083507776699434 -0.8003203398102489 -7.708313630891145 = 2709.0935054938154 @ 194336.0 2102.622802734375 1
4.8580568768191 5.482864208924751 -0.8003211014438367 = 2709.0935055728282 @ 193211.0 2238.950439453125 1
-1.4251284284136405 -7.083506407669084 5.482864206449579 = 2709.093505572828 @ 178016.0 4065.511474609375 1
5.482864204812777 -1.425128429173757 -7.083506407284717 = 2709.093505572828 @ 176947.0 4194.550537109375 1
-7.708314222968872 5.482864534217217 -7.0835054502451245 = 2709.0935055319665 @ 153790.0 1005.607177734375 1
-0.8003210991513927 -7.708313734827724 -0.8003211005664539 = 2709.0935055728282 @ 149949.0 1467.614013671875 1
-7.0835064076887315 -0.8003211015063909 4.858056879209288 = 2709.0935055728282 @ 148488.0 1647.002197265625 1
-7.083506408214462 4.858056879241682 5.48286420665526 = 2709.0935055728282 @ 146089.0 1936.47119140625 1
-7.083506407654859 -0.8003211009595672 -1.4251284277284266 = 2709.093505572828 @ 141170.0 2528.96240234375 1
-1.4251284285815298 -7.083506406701198 -0.8003211006440407 = 2709.093505572828 @ 132863.0 3535.0048828125 1
-1.4251284280126035 5.482864205936629 -0.8003211016926624 = 2709.093505572828 @ 126726.0 4275.528076171875 1
-0.8003214538111025 -7.708313559013049 5.482864393924428 = 2709.0935055666478 @ 122325.0 4807.13232421875 1
-7.083506672287981 4.858056736775986 -7.08350639209879 = 2709.093505569891 @ 106070.0 1489.306884765625 1
-1.4251284274451814 -7.083506405717587 -7.083506407474613 = 2709.093505572828 @ 101151.0 2090.22021484375 1
-7.08350640625105 -7.708313738340683 -0.8003210967790954 = 2709.093505572828 @ 70196.0 1003.9169921875 1
5.482864209188071 -7.708313728759026 -7.08350640603743 = 2709.0935055728264 @ 39881.0 4685.7578125 1
5.482864208343045 5.482864206953797 4.858056877198182 = 2709.093505572829 @ 26664.0 1034.862060546875 1
-1.4251284289640078 -0.8003211006257662 5.482864206695889 = 2709.093505572828 @ 24027.0 1358.66162109375 1
-7.70831379217908 -7.083506286527813 -0.8003210270361382 = 2709.0935055720747 @ 19626.0 1893.784423828125 1
