-1.4814715359068629 3.6740226851418196 = -3.1536825457111265e-20 @ 199284.0 186.226806640625 1
0.16287607225613288 3.7815099725894883 = -4.913268934577594e-20 @ 198720.0 364.93212890625 1
-0.4996950653825673 -4.012597084801948 = 0.0 @ 188287.0 3714.886962890625 1
-2.1849843511337563 1.687053938818975 = 0.0 @ 181154.0 5991.521728515625 1
-3.3951133257429214 -3.3173070486883582 = -9.340779789056531e-10 @ 175225.0 133.751220703125 1
-0.49969527218135346 -4.0125972556408644 = -0.03507048911730908 @ 170132.0 1839.101318359375 1
-0.49969574687706425 -4.0125970473163 = -0.04415647014785962 @ 170132.0 1839.101318359375 1
-0.49969442922671986 -4.0125970317807225 = -0.04435925110584783 @ 170132.0 1839.101318359375 1
-0.4996956042029433 -4.012596692249314 = -0.06888458226041688 @ 170132.0 1839.101318359375 1
-0.4996946656840197 -4.012597513798842 = -0.07156130233834893 @ 170132.0 1839.101318359375 1
-0.4996944272349746 -4.012596443279104 = -0.07370892884847535 @ 170132.0 1839.101318359375 1
-0.4996948479234048 -4.012598403426278 = -0.0828271947078364 @ 170132.0 1839.101318359375 1
-0.49969491524784804 -4.01259795092919 = -0.07383287130907722 @ 161799.0 4761.0947265625 1
4.141256932632845 2.4770118108343593 = 0.0 @ 148958.0 4381.065185546875 1
1.7577435909675554 1.5957372543165007 = 0.0 @ 138421.0 3337.697265625 1
-2.1849843706358367 1.687054416865474 = -0.03690407884968167 @ 121812.0 2302.880615234375 1
-0.49969460535685184 -4.012597356612166 = -0.05882220393982417 @ 119267.0 3183.281005859375 1
-0.4996954809966317 -4.012597859533632 = -0.07938701450154487 @ 119267.0 3183.281005859375 1
-0.49969547370824086 -4.012596899984366 = -0.05451077100843114 @ 36806.0 5044.289794921875 1
-2.1849845263176833 1.687053914962402 = -0.022117709215085962 @ 23077.0 4091.587646484375 1
-2.184983825922307 1.6870537223055961 = -0.05395472292735278 @ 23077.0 4091.587646484375 1
-2.184984146613525 1.6870535847314159 = -0.056868641598144504 @ 23077.0 4091.587646484375 1
-2.184984745613154 1.6870544164335721 = -0.06714273244262842 @ 23077.0 4091.587646484375 1
-2.1849849960249963 1.6870534899167018 = -0.06790857884087258 @ 23077.0 4091.587646484375 1
-2.184984711846178 1.687053543959536 = -0.0707283966874589 @ 23077.0 4091.587646484375 1
