0.16666666667441452 0.8750000001580008 = -2.0 @ 199152.0 81.5341796875 1
0.4999999998334509 0.3749999998933334 = -2.0 @ 198504.0 154.199462890625 1
0.8333333331804547 0.8749999999344426 = -2.0 @ 197767.0 234.482177734375 1
0.4999999997479652 0.6249999999203735 = -2.0 @ 197018.0 320.214599609375 1
0.16666666628960367 0.6250000000981264 = -2.0 @ 196365.0 392.14453125 1
0.1666666667178622 0.12499999990336648 = -2.0 @ 194956.0 548.668701171875 1
0.8333333331697967 0.6249999998471076 = -2.0 @ 191639.0 913.9990234375 1
0.1666666665986936 0.37500000018336815 = -2.0 @ 190926.0 991.931396484375 1
0.5000000003253139 0.12499999970231497 = -2.0 @ 189469.0 1160.206787109375 1
0.8333333330769086 0.1250000002688404 = -2.0 @ 187364.0 1393.634033203125 1
0.5000000000135151 0.8750000000662705 = -2.0 @ 179931.0 2223.379150390625 1
0.8333333332754547 0.3750000002385526 = -2.0 @ 176030.0 190.386962890625 1
