4.111207140169205 7.706277247175817 = 1.0 @ 199356.0 56.240234375 1
4.111207139659926 1.1700887867416714 = 1.0 @ 198768.0 119.6171875 1
7.706277259165581 7.706277247036988 = 1.0 @ 198247.0 175.180419921875 1
7.70627725225197 4.111207143709619 = 1.0 @ 197702.0 233.89892578125 1
4.111207148892883 4.11120714609969 = 1.0 @ 196593.0 352.681884765625 1
1.1700887863944152 1.1700887861925613 = 1.0 @ 195976.0 418.478759765625 1
7.706277267412259 2.1932800530078604 = 1.0 @ 194855.0 543.70947265625 1
4.111207145732417 0.6242284339672934 = 1.0 @ 193626.0 678.505859375 1
1.1699089296869563 4.172627729036516 = 0.9945117776595181 @ 190825.0 983.7685546875 1
7.706277263803159 1.1700887884744766 = 1.0 @ 189188.0 1163.439453125 1
2.193280048462834 7.706277265734946 = 1.0 @ 188139.0 1278.40869140625 1
1.1700887878026802 2.1932800499764995 = 1.0 @ 186886.0 1413.209228515625 1
2.19328005054641 4.111207146684993 = 1.0 @ 181313.0 2029.444580078125 1
1.1700887874748196 7.706277253751653 = 1.0 @ 179568.0 2224.490234375 1
4.1112071387648275 2.1932800516699653 = 1.0 @ 178811.0 68.952880859375 1
0.6415225508001317 3.973058719951843 = 0.9525211744547034 @ 168730.0 335.124267578125 1
0.6242284340093162 2.1932800501741503 = 1.0 @ 168017.0 412.774169921875 1
2.193280050658956 2.1932800504362993 = 1.0 @ 165636.0 677.08447265625 1
0.6242284334960695 1.1700887870514598 = 1.0 @ 162943.0 972.914794921875 1
2.1932800493793243 1.1700887869876433 = 1.0 @ 150714.0 869.151611328125 1
0.6242284342560679 7.70627725716955 = 1.0 @ 150133.0 931.3798828125 1
0.3330184354941605 4.111207137584069 = 1.0 @ 141984.0 387.061279296875 1
7.484306831631468 0.6191726086516239 = 0.9771439636118684 @ 140995.0 505.149658203125 1
0.3330184353359445 2.1932800491780995 = 1.0 @ 132006.0 344.716064453125 1
7.745626180443101 0.33320024916733815 = 0.9993442020105547 @ 128701.0 722.842041015625 1
2.199068493235699 0.32903753663421276 = 0.9962150686827881 @ 127352.0 878.37158203125 1
7.794978084844847 0.6265839254420621 = 0.9963745854548982 @ 113195.0 301.46533203125 1
1.1700887880207005 0.6242284342004245 = 1.0 @ 107754.0 921.86279296875 1
4.111207133272758 0.33301843512159446 = 0.9999999999999999 @ 80041.0 216.09375 1
0.624228433857096 0.6242284331579824 = 1.0 @ 75884.0 700.119384765625 1
0.3495546471795198 7.955132759734802 = 0.9173851507094062 @ 28415.0 346.63232421875 1
7.35101436167188 0.31973252561522325 = 0.9044677896046822 @ -6.0 54.802001953125 1
