0.16287607224158215 3.781509972559334 = -3.5183120522032197e-22 @ 199260.0 198.81591796875 1
-0.4996950653825616 -4.01259708480195 = 0.0 @ 196356.0 1145.56005859375 1
-1.48147153587925 3.674022685106886 = -1.695062901294045e-20 @ 195055.0 1563.579345703125 1
-2.184984351133748 1.6870539388189745 = 0.0 @ 193406.0 2100.863037109375 1
-3.3951130224320347 -3.31730719711934 = 0.0 @ 174301.0 219.628173828125 1
4.141257006361257 2.4770120580985435 = -5.531796587394456e-10 @ 109020.0 2012.290283203125 1
-0.49969713879887867 -4.012596835386501 = -0.08821227446244892 @ 90875.0 3958.1923828125 1
-2.1849845060030697 1.6870539388201704 = -0.014121082451921535 @ 70828.0 1749.395263671875 1
-2.1849822410129818 1.687053708004602 = -0.08609678180966097 @ 38734.0 1715.0625 1
-2.1849843511324942 1.687054171058756 = -0.0160693053162028 @ 9315.0 3549.726806640625 1
