4.111207142602339 2.193280049384477 = 1.0 @ 199104.0 84.381591796875 1
1.170088788299737 4.1112071436237505 = 1.0 @ 198516.0 149.01806640625 1
7.706277259042242 7.706277256401059 = 1.0 @ 197971.0 209.740234375 1
7.706277262304317 2.1932800497035334 = 1.0 @ 196790.0 340.058837890625 1
4.111207146881569 4.111207139549439 = 1.0 @ 196137.0 413.736328125 1
0.6242284339924103 4.1112071437592315 = 1.0 @ 195028.0 541.346435546875 1
7.706277248854103 4.111207140243725 = 1.0 @ 193919.0 665.9150390625 1
2.193280052365146 7.706277248984901 = 1.0 @ 190086.0 1094.376953125 1
4.111207142126615 7.706277250062036 = 1.0 @ 189529.0 1155.87353515625 1
1.1700887877934598 7.706277252005181 = 1.0 @ 188420.0 1278.633056640625 1
0.62422843284478 1.1700887873326398 = 1.0 @ 187251.0 1408.40625 1
2.1932800491147324 4.111207146413022 = 1.0 @ 186178.0 1526.39306640625 1
2.193280049951254 2.193280050411709 = 1.0 @ 185549.0 1596.0859375 1
0.6221335036798402 7.971615733182731 = 0.9713411446693195 @ 182232.0 1966.47216796875 1
2.193280050667255 1.170088787929092 = 1.0 @ 181051.0 2100.344970703125 1
7.706277252581165 1.1700887871019603 = 1.0 @ 179870.0 2232.81494140625 1
1.1700887866992993 1.1700887865235514 = 1.0 @ 174937.0 547.79638671875 1
0.6242284342199749 2.193280050712933 = 1.0 @ 171740.0 914.2021484375 1
7.66939006133016 0.6242654415495026 = 0.999424469997642 @ 171099.0 986.480224609375 1
4.1112071392361 0.624228433394433 = 1.0 @ 169838.0 71.207763671875 1
4.111207141011355 1.1700887871499852 = 1.0 @ 168381.0 233.114501953125 1
7.821041076375405 0.3308031422437958 = 0.9934336465662263 @ 165700.0 534.3525390625 1
1.17008345071412 2.1932739758057256 = 0.9999999992881338 @ 158891.0 1311.36669921875 1
0.3141218756015417 2.169229120366814 = 0.9140492057476901 @ 149066.0 268.0703125 1
2.193280050004278 0.33301843523246566 = 1.0 @ 141613.0 71.396484375 1
2.1932800518422986 0.6242284335026431 = 1.0 @ 136412.0 662.386474609375 1
0.33301843498923656 4.1112071427400165 = 1.0 @ 131731.0 173.009033203125 1
0.3331032007635496 7.812360646804774 = 0.9953325979396753 @ 124730.0 972.847900390625 1
4.111207141400375 0.3330184352249055 = 1.0 @ 121561.0 281.369384765625 1
1.173834076533254 0.3427713575075677 = 0.9790581125909004 @ 49472.0 1324.88037109375 1
0.6253303289488348 7.623207314614779 = 0.9969885376152954 @ 45475.0 267.381103515625 1
0.6242284343678859 0.3330184352224932 = 1.0 @ 12590.0 76.44921875 1
