0.833333333241524 0.3750000003393963 = -2.0 @ 199224.0 68.95166015625 1
0.16666666674247 0.37499999995038136 = -2.0 @ 198576.0 137.839599609375 1
0.500000000142494 0.37500000018983276 = -2.0 @ 197911.0 210.248779296875 1
0.16666666662035534 0.8749999999858685 = -2.0 @ 197186.0 288.36669921875 1
0.8333333335182688 0.8750000000913469 = -2.0 @ 196521.0 359.14599609375 1
0.4999999996549207 0.8749999999997666 = -2.0 @ 195832.0 432.334716796875 1
0.5000000001316567 0.6250000000577998 = -2.0 @ 193847.0 644.380859375 1
0.8333333332544254 0.624999999954954 = -2.0 @ 192438.0 794.02392578125 1
0.5000000000359813 0.12500000033637917 = -2.0 @ 189661.0 1093.37646484375 1
0.8333333334879409 0.12499999990104936 = -2.0 @ 188972.0 1169.993408203125 1
0.16666666654800158 0.6249999999663282 = -2.0 @ 186831.0 1400.501220703125 1
0.1666678914482718 0.12500052505994275 = -2.0000000031820857 @ 171218.0 726.396240234375 1
