7.70627726709148 7.706277259958089 = 1.0 @ 199368.0 54.38037109375 1
4.111207145819078 4.111207139718677 = 1.0 @ 198816.0 114.5986328125 1
2.193280052172547 2.193280051503427 = 1.0 @ 198259.0 174.01171875 1
7.706277260566947 2.1932800489885578 = 1.0 @ 197114.0 296.739013671875 1
4.111207143250074 1.1700887865489844 = 1.0 @ 196557.0 355.52783203125 1
2.193280050255147 4.111207146208164 = 1.0 @ 194428.0 581.89404296875 1
7.706277261142558 4.11120713972342 = 1.0 @ 193355.0 697.599609375 1
1.1700887879474728 2.1932800480196804 = 1.0 @ 192762.0 760.373046875 1
4.111207149077269 2.1932800522347096 = 1.0 @ 188917.0 1173.357666015625 1
4.111207144308746 7.706277261889202 = 1.0 @ 186068.0 1480.867919921875 1
0.6242284337723865 4.1112071413670215 = 1.0 @ 184251.0 1674.89794921875 1
1.194603535094846 4.014805262854417 = 0.9752808714332216 @ 181550.0 41.63720703125 1
2.1932800520045146 7.7062772564741175 = 1.0 @ 178917.0 330.0048828125 1
1.1700887867451288 7.706277249548131 = 1.0 @ 176884.0 552.095703125 1
7.706277254943436 1.1700887881338686 = 1.0 @ 172091.0 1075.369140625 1
1.170088787390222 0.6242284331209238 = 1.0 @ 170770.0 63.610107421875 1
4.111207139293136 0.33301843546584897 = 1.0 @ 165389.0 653.664794921875 1
2.193280052221109 1.1700887865436465 = 1.0 @ 164736.0 724.592041015625 1
0.6242250706492524 7.706288798830972 = 0.9999999992182951 @ 158087.0 405.13134765625 1
0.6242339760665845 2.19335619886715 = 0.9999999678952852 @ 157566.0 462.82666015625 1
1.17008878919436 1.1700887876992478 = 1.0 @ 153985.0 855.790771484375 1
7.660475217280114 0.6277807220087581 = 0.9983070655783065 @ 149292.0 478.171875 1
7.706277259493767 0.33301843571326006 = 1.0 @ 128431.0 150.06982421875 1
0.32432952369577905 0.6562592846895533 = 0.921323973131269 @ 112938.0 670.492431640625 1
2.193280049209893 0.624228434089277 = 1.0 @ 105857.0 238.3671875 1
2.1932995610954173 0.3330200299644558 = 0.9999999974486415 @ 90184.0 747.672119140625 1
0.33756602434957117 7.880479167528571 = 0.9829679619052566 @ 89591.0 814.24658203125 1
4.111207146305877 0.624228433562305 = 1.0 @ 73754.0 392.7685546875 1
0.6237025266633145 0.6221608737047631 = 0.9997070902085532 @ 24637.0 649.45751953125 1
