1.170088787631383 4.111207144239688 = 1.0 @ 199176.0 73.3134765625 1
1.1700887870082959 7.706277249132314 = 1.0 @ 198540.0 142.1513671875 1
4.111207141943696 2.1932800482828547 = 1.0 @ 197299.0 275.8818359375 1
7.706277258960101 2.193280049079751 = 1.0 @ 196742.0 334.43115234375 1
7.706277244331943 4.111207139388412 = 1.0 @ 196245.0 387.684814453125 1
2.193280051072073 7.706277261477407 = 1.0 @ 195676.0 448.480224609375 1
0.33301843563919065 1.1700887882580202 = 1.0 @ 194975.0 522.479248046875 1
7.706277259851392 7.706277260236783 = 1.0 @ 194454.0 578.181884765625 1
4.1112071442145055 7.706277262026364 = 1.0 @ 192277.0 809.567138671875 1
2.1932800493252547 2.1932800499305056 = 1.0 @ 185468.0 1545.599853515625 1
2.1932800515826525 1.170088787740998 = 1.0 @ 183183.0 1789.107666015625 1
0.33301843550442384 7.706277260847312 = 1.0 @ 182122.0 1900.91943359375 1
7.7062772445870955 1.1700887873692127 = 1.0 @ 181457.0 1971.392578125 1
4.111207149864511 1.1700887884297455 = 1.0 @ 179764.0 108.838623046875 1
4.1112071474607035 4.111207145251571 = 1.0 @ 178199.0 278.4033203125 1
8.005604237197767 0.6288866937336819 = 0.9627531100753783 @ 173862.0 756.05126953125 1
1.1700887889079805 2.193280051552159 = 1.0 @ 172169.0 63.78271484375 1
0.6242284333671544 1.1700887875279353 = 1.0 @ 170148.0 282.059814453125 1
2.193280051575255 4.11120714258139 = 1.0 @ 169543.0 346.4169921875 1
2.1932800520796913 0.6242284338902253 = 1.0 @ 168146.0 495.755859375 1
0.602696084773031 7.6954838353674635 = 0.9694598604975874 @ 167445.0 570.3642578125 1
0.6242284337072075 4.111207141686577 = 1.0 @ 164152.0 927.158935546875 1
1.1700887885282367 1.1700887867801675 = 1.0 @ 163331.0 1015.630615234375 1
0.62422843320417 2.1932800479449246 = 1.0 @ 162378.0 1117.53857421875 1
0.33301843555087046 2.1932800520643316 = 1.0 @ 128189.0 159.650634765625 1
8.017631533360646 0.34104509682563 = 0.9471763668170441 @ 125652.0 436.049072265625 1
4.196208377528705 0.6200748680264992 = 0.9884525734543401 @ 116891.0 332.759521484375 1
1.170088787136154 0.3330184355419212 = 1.0 @ 79018.0 729.75830078125 1
0.33301843527169717 4.11120714643219 = 1.0 @ 57673.0 1101.1943359375 1
0.6132048634790059 0.6105406166823042 = 0.9798453763998101 @ 54036.0 231.9599609375 1
1.1700887870863537 0.6242284340195589 = 1.0 @ 30619.0 71.147216796875 1
0.6242284329760125 0.33301843579732304 = 1.0 @ 20726.0 1132.7724609375 1
