4.1112071441708515 7.706277257559681 4.111207143269192 = 1.0 @ 398954.0 95.63916015625 1
7.706277244292256 4.11120714448078 2.1932800526012755 = 1.0 @ 398058.0 199.806640625 1
7.706277242389741 4.111207147821565 4.111207138753238 = 1.0 @ 397199.0 296.52001953125 1
1.1700887885167495 1.170088786769547 4.111207136073948 = 1.0 @ 396200.0 407.76416015625 1
4.111207141550762 4.111207137184697 4.111207145065928 = 1.0 @ 395327.0 504.6923828125 1
4.111207147441969 2.193280049401389 7.706277247440236 = 1.0 @ 394468.0 603.83642578125 1
7.706277245222227 4.111207136150444 7.706277250798279 = 1.0 @ 393609.0 699.72900390625 1
1.170088787080429 4.11120713779921 7.706277262436442 = 1.0 @ 392638.0 806.904541015625 1
4.111207144242056 4.1112071399751855 7.7062772702039934 = 1.0 @ 391695.0 911.77734375 1
7.706277256211918 7.706277262612613 7.706277259562482 = 1.0 @ 390864.0 1007.54736328125 1
4.111207140640738 2.1932800502319165 2.193280050853784 = 1.0 @ 389935.0 1111.998046875 1
7.706277266883929 7.706277256895441 4.111207136314206 = 1.0 @ 388264.0 1297.831787109375 1
7.706277248739312 2.1932800525092224 7.706277251896741 = 1.0 @ 387405.0 1397.84619140625 1
2.1932800543503017 4.111207140866003 4.111207142177027 = 1.0 @ 386504.0 1499.29833984375 1
7.7062772426350366 2.1932800475722622 1.1700887883465616 = 1.0 @ 385575.0 1601.8583984375 1
1.1700887863521603 7.706277253306453 7.706277265633551 = 1.0 @ 384674.0 1702.2490234375 1
7.7062772597247005 2.1932800517231605 4.111207146367784 = 1.0 @ 383801.0 1798.810546875 1
2.193280049574986 4.111207143340304 2.1932800487854984 = 1.0 @ 381906.0 2009.30322265625 1
4.111207143345436 7.706277257456083 1.1700887878112778 = 1.0 @ 381033.0 2106.238037109375 1
2.1932800518850804 7.706277260647603 7.706277242848073 = 1.0 @ 380132.0 2210.430419921875 1
4.111207140702519 2.193280052909203 1.1700887883380786 = 1.0 @ 379231.0 2311.5263671875 1
1.1700887867026395 7.706277259047886 2.193280048540274 = 1.0 @ 377406.0 2516.37841796875 1
4.111207148067063 4.111207144331126 1.170088785450704 = 1.0 @ 372753.0 3041.310302734375 1
0.6242284333492575 7.706277251034385 2.193280049386344 = 1.0 @ 371740.0 3153.688720703125 1
4.104030856088967 1.16884779700159 4.12616140773498 = 0.9997106706580222 @ 369537.0 3403.2666015625 1
7.70627725405781 1.170088786092228 2.1932800531450947 = 1.0 @ 365794.0 3826.0703125 1
2.193280051952104 2.1932800576918483 0.6242284332485308 = 0.9999999999999998 @ 364837.0 3934.00244140625 1
7.706277258312452 7.706277248726287 2.193280053357651 = 1.0 @ 363950.0 4033.482666015625 1
4.111207137608919 7.706277261916454 7.7062772702464795 = 1.0 @ 362993.0 4140.210693359375 1
2.1932800496225737 7.706277267403037 2.1932800481900325 = 1.0 @ 361098.0 4352.41650390625 1
2.193280048923815 2.1932800513940762 7.706277249838873 = 1.0 @ 360127.0 4462.341796875 1
4.111207147228303 7.706277265713682 2.1932800541894264 = 1.0 @ 358400.0 4661.402587890625 1
2.1938190787003657 4.106095105538903 0.3331346632470765 = 0.9999711633534033 @ 355329.0 5006.78955078125 1
4.1112071433766735 1.1700887874264936 1.17008878926512 = 1.0 @ 353406.0 5222.8798828125 1
7.967465777897611 1.1781111233667514 7.8042598689436975 = 0.9782198072179751 @ 350409.0 318.9453125 1
2.1932800494335805 4.111207140466996 7.706277257299613 = 1.0 @ 349494.0 420.96044921875 1
4.111205908409747 1.1700893098641567 7.706301713911001 = 0.9999999998273006 @ 347725.0 624.545166015625 1
7.706211295165515 1.1700896839156707 4.111245107176149 = 0.9999999973479463 @ 346642.0 749.94091796875 1
7.706277254831533 0.6242284337140772 7.706277259439066 = 1.0 @ 345503.0 881.402099609375 1
4.16255210242235 0.6719250461694353 4.014374031968435 = 0.9016637351591391 @ 345008.0 939.281494140625 1
1.1603590560135522 2.212847611158658 7.749316343833977 = 0.997007778249113 @ 344556.0 991.423828125 1
0.647826684488291 3.886708334361579 7.465156298555686 = 0.9094245603926145 @ 344556.0 991.423828125 1
1.1700887895042964 2.193280048864001 4.111207140275024 = 1.0 @ 342824.0 1189.711181640625 1
1.1573510192448997 7.79159167579282 4.02014942111124 = 0.9876608651165608 @ 339851.0 1528.99609375 1
0.35335635828183476 7.871307942936104 4.224197108404466 = 0.9234964455042457 @ 339851.0 1528.99609375 1
2.1932443124689613 7.706229937056221 1.1700303877993408 = 0.9999999534267021 @ 339085.0 1614.815673828125 1
7.7062772478203065 4.111207147317093 1.170088785649279 = 1.0 @ 332472.0 2381.081787109375 1
4.111215288260515 4.111148664484585 2.1932764181734545 = 0.9999999965167063 @ 329825.0 133.480224609375 1
4.1112071450220204 4.111207143927854 0.6242284343713201 = 1.0 @ 328336.0 306.219482421875 1
2.1932800505143404 4.1112071397615395 1.1700887881973463 = 1.0 @ 327393.0 411.81298828125 1
0.6242284333488131 7.706277250526283 4.111207140707847 = 1.0 @ 325582.0 616.271484375 1
2.1932800479949415 7.706277263804237 4.111207142067301 = 1.0 @ 324695.0 720.118896484375 1
1.1700887861358862 2.193280052344194 2.1932800499768517 = 1.0 @ 320882.0 1147.824462890625 1
1.1700887888531681 4.111207143445633 2.1932800502053063 = 1.0 @ 317069.0 1582.09619140625 1
0.6109007762939376 7.874657509972342 1.1674570867987912 = 0.9844265102839 @ 316518.0 1645.077880859375 1
1.170088788051336 4.111207142079429 0.6242284346789483 = 1.0 @ 312257.0 2134.271484375 1
1.170258233558334 4.09155610077994 4.0959589320799505 = 0.9993870123225834 @ 307086.0 2723.79345703125 1
7.706277244222332 2.1932800535889876 2.1932800480189942 = 1.0 @ 297621.0 207.44921875 1
2.1932800498856104 1.1700887870093981 4.111207137205547 = 1.0 @ 294802.0 529.1962890625 1
4.111207140898938 2.1932800489910265 4.1112071466183675 = 1.0 @ 292977.0 737.331298828125 1
0.6241406240617323 2.193256520621939 7.6998624228233465 = 0.9999881100608541 @ 291306.0 925.029052734375 1
1.170088786985414 1.1700887879711104 7.706277248094057 = 1.0 @ 288375.0 1254.03125 1
4.111207144489678 0.6242284325610756 1.1700887876784356 = 1.0 @ 285598.0 1571.175537109375 1
4.111207142040767 1.1700887890107754 2.1932800509541397 = 1.0 @ 283045.0 1863.702392578125 1
0.6242284344767237 0.6242284337387382 4.111207147074058 = 1.0 @ 278434.0 2385.112060546875 1
7.706578552041301 4.111204819302171 0.6242327196312155 = 0.9999999737331335 @ 273865.0 2909.22412109375 1
0.6243762167388336 4.106054887301354 4.109644403513442 = 0.9999704484307794 @ 269478.0 3413.242919921875 1
4.111207140704057 0.6242284337041388 7.706277257483862 = 1.0 @ 267149.0 3675.615966796875 1
7.706277247206607 2.193280048241567 0.6242284341253812 = 1.0 @ 254324.0 477.71923828125 1
1.1700887873453398 7.7062772577978915 0.6242284336541288 = 1.0 @ 246381.0 1384.75830078125 1
7.705703869995652 0.6242258108119375 4.111468029386644 = 0.9999998403204952 @ 245074.0 1539.47900390625 1
1.170088788001167 1.1700887884638318 2.1932800524830744 = 1.0 @ 243501.0 1719.25732421875 1
7.706278897415217 7.70626379615065 1.1700848227518696 = 0.9999999997570412 @ 240836.0 2029.62353515625 1
2.193280052552998 1.170088786539543 7.706277260903098 = 1.0 @ 237219.0 2444.4501953125 1
0.3330821713883346 4.113231545254756 7.699045473593956 = 0.9999806593682512 @ 224212.0 275.96337890625 1
4.111207139705216 1.1700887881512287 0.6242284327735139 = 1.0 @ 223186.0 390.974609375 1
4.111207143369419 0.6242284340642845 2.1932800500572083 = 1.0 @ 221809.0 547.611328125 1
7.706277266237259 1.1700887884639941 1.1700887858195894 = 1.0 @ 217408.0 1049.925048828125 1
1.1701607320173089 4.121481314303772 1.1691722384319432 = 0.9998858788409817 @ 204607.0 2496.7255859375 1
7.706282572594679 7.706449072241636 0.6242391448792205 = 0.9999999868001792 @ 202166.0 2781.024658203125 1
4.12814329848587 0.33342270315276235 7.6017256371807225 = 0.9965887607800803 @ 189673.0 4206.351318359375 1
1.1700887878750426 7.706277244499061 1.1700887887423645 = 1.0 @ 184828.0 160.939208984375 1
4.111207145421681 7.706277249348166 0.6242284345568831 = 1.0 @ 181911.0 492.30517578125 1
2.193280053177642 7.706277243363772 0.6242284342713086 = 1.0 @ 181052.0 588.205322265625 1
4.11120713933889 2.1932800503105736 0.6242284338588888 = 1.0 @ 180095.0 695.323974609375 1
0.3331111128640917 7.6983406412007165 0.6240942050893842 = 0.9999802428073374 @ 163458.0 2602.042236328125 1
0.3359235008674723 7.804118908083406 7.67592230372833 = 0.9958344878769905 @ 141351.0 841.62841796875 1
0.6242399643307345 7.705908541654435 7.705746160604966 = 0.999999876992093 @ 122964.0 2955.320068359375 1
2.1932800512333994 2.193280048088294 4.111207141469596 = 1.0 @ 116393.0 3712.896240234375 1
2.193280048205263 2.1932800521529527 2.1932800480466086 = 1.0 @ 112626.0 166.60986328125 1
0.6242284338871493 1.170088786660962 4.1112071409086735 = 1.0 @ 107987.0 703.407958984375 1
2.193280052741566 4.111207141457041 0.6242284332344681 = 1.0 @ 97020.0 1972.640869140625 1
1.1680084187522894 0.6249666966214015 4.123594725394688 = 0.9997730882181814 @ 94761.0 2230.904296875 1
2.1932800492308324 2.193280050928099 1.1700887884812292 = 1.0 @ 90346.0 2731.358154296875 1
2.193280052083656 1.170088787828702 0.6242284335509543 = 1.0 @ 89263.0 2857.8359375 1
7.717370165339713 0.6239836062277208 1.16921169221746 = 0.9999535792588229 @ 74310.0 1433.0830078125 1
7.8465728847742735 0.62419105436411 2.20567647408038 = 0.994060343952964 @ 66325.0 2338.96142578125 1
7.67536142884254 0.33294305203865265 4.105494279346355 = 0.9996976367903867 @ 63688.0 2639.368408203125 1
0.6242284334498817 4.111207142414748 1.1700887863348979 = 1.0 @ 54555.0 3687.7705078125 1
7.7653455680802415 0.623886445927079 0.6243369921769027 = 0.9990232223086428 @ 51834.0 3994.0341796875 1
0.6242284340229999 1.1700887859077835 7.706277259398847 = 1.0 @ 13771.0 160.396240234375 1
