-7.708313737258403 -0.8003211014421774 = 186.7309088310239 @ 199236.0 78.2802734375 1
-7.083506408948584 4.85805688106038 = 186.73090883102392 @ 198600.0 154.41259765625 1
-7.708313735249716 5.482864206398303 = 186.73090883102392 @ 197911.0 234.725830078125 1
-7.083506407627358 -7.708313733060157 = 186.7309088310239 @ 197246.0 312.22314453125 1
-0.8003211011976005 4.858056878404577 = 186.73090883102392 @ 196569.0 391.60791015625 1
4.858056879031922 5.482864206540814 = 186.73090883102392 @ 195772.0 488.11279296875 1
4.8580568767972725 -0.8003211015288115 = 186.73090883102392 @ 194231.0 669.43310546875 1
5.4828642042211255 4.858056881032441 = 186.73090883102392 @ 192198.0 906.046875 1
-1.4251284269894953 5.482864205348188 = 186.73090883102387 @ 189541.0 1216.2197265625 1
-7.083506406465809 -1.4251284299057676 = 186.7309088310239 @ 185816.0 1660.19775390625 1
4.858056880388817 -7.083506407056302 = 186.73090883102392 @ 180999.0 2225.37890625 1
-0.8003210997429768 -7.708313736510972 = 186.73090883102392 @ 176678.0 83.994873046875 1
-1.4251284291533028 -0.8003211006179557 = 186.73090883102387 @ 175581.0 218.77197265625 1
-0.8003210998179383 -1.4251284289306587 = 186.7309088310239 @ 174820.0 308.76220703125 1
-1.4251284295437194 -7.083506406474123 = 186.7309088310239 @ 172283.0 606.62939453125 1
5.4828656722576445 -1.4251267173120439 = 186.7309088194543 @ 160674.0 1985.743896484375 1
-7.708313043589945 -7.0835054746510275 = 186.73090882798442 @ 153833.0 653.2978515625 1
5.482864206249159 -7.708313737122216 = 186.73090883102392 @ 130916.0 248.2177734375 1
