-7.708313735411066 5.482864205391918 = 186.73090883102392 @ 199236.0 75.429443359375 1
-7.7083137364330465 -0.8003211022634024 = 186.73090883102392 @ 198624.0 145.97900390625 1
-0.8003211003832821 -7.7083137343181445 = 186.73090883102392 @ 197983.0 218.8212890625 1
4.858056879979502 5.48286420619566 = 186.73090883102392 @ 197282.0 299.001953125 1
-7.083506409199401 -1.425128429837574 = 186.7309088310239 @ 196557.0 384.386474609375 1
-7.0835064078596846 4.858056880976024 = 186.73090883102392 @ 195832.0 466.4404296875 1
4.858056877931498 -0.8003211017952884 = 186.73090883102392 @ 195107.0 548.65185546875 1
-0.8003211007066073 4.858056880184188 = 186.73090883102392 @ 194406.0 627.28271484375 1
4.858056878421623 -7.083506406763705 = 186.73090883102392 @ 192409.0 854.275146484375 1
5.482864208521735 -7.708313734883076 = 186.73090883102392 @ 191684.0 936.177001953125 1
-1.4251284278994962 -7.083506407207254 = 186.7309088310239 @ 190359.0 1086.34521484375 1
-7.083506407034105 -7.708313735985703 = 186.73090883102392 @ 189034.0 1241.331298828125 1
-0.8003211013964681 -1.4251284291672002 = 186.7309088310239 @ 179993.0 2272.447998046875 1
-1.4251292564299918 -0.8003215695502596 = 186.73090882893928 @ 176308.0 166.028076171875 1
5.482864206512651 4.858056880325266 = 186.73090883102392 @ 169271.0 978.21484375 1
5.482864059810957 -1.425128282165273 = 186.73090883092632 @ 168918.0 1021.8388671875 1
-7.708311240478429 -7.083507215716753 = 186.73090881507207 @ 164437.0 1542.33740234375 1
-1.425131949039872 5.482866215778271 = 186.7309087932143 @ 147844.0 133.0576171875 1
