4.1112071469368745 4.111207147441331 = 1.0 @ 199320.0 60.852783203125 1
2.1932800483358688 4.111207141996902 = 1.0 @ 198708.0 133.162841796875 1
7.706277260865615 7.706277254438788 = 1.0 @ 198187.0 191.399658203125 1
2.1932800507337755 7.706277260096312 = 1.0 @ 197642.0 251.730712890625 1
4.111207143656872 7.706277261986317 = 1.0 @ 196605.0 366.713134765625 1
2.1932800499400016 1.1700887881087156 = 1.0 @ 195460.0 497.80322265625 1
7.706277249864572 2.193280048224611 = 1.0 @ 193127.0 754.306640625 1
2.19328004971303 0.6242284336076825 = 1.0 @ 190902.0 997.223388671875 1
1.1700887893042093 7.706277264322966 = 1.0 @ 188833.0 1224.607666015625 1
4.111207147238743 2.193280052965351 = 1.0 @ 186596.0 1475.904052734375 1
1.1700887865897442 2.193280052882863 = 1.0 @ 185451.0 1601.898681640625 1
7.697190943764766 0.6242004766599044 = 0.9999651535274996 @ 180386.0 162.955810546875 1
2.1619581889282835 2.1899721573934166 = 0.9947796297860176 @ 180033.0 203.06689453125 1
7.706277250140432 1.1700887880790043 = 1.0 @ 179464.0 265.554443359375 1
7.706277243963608 4.111207145076754 = 1.0 @ 178931.0 323.629150390625 1
0.6284975858226655 1.144891600997817 = 0.9870378216223302 @ 167338.0 116.052978515625 1
1.1938012984092552 1.2338149645211878 = 0.9212949715266381 @ 167338.0 116.052978515625 1
0.33205919540923706 4.092698672269482 = 0.9992830975866542 @ 165624.0 307.23291015625 1
0.5861452242493004 4.137371052295947 = 0.9031587417348422 @ 165624.0 307.23291015625 1
4.111207142803096 0.6242284344058376 = 1.0 @ 161906.0 732.025146484375 1
0.6242284344273636 2.1932800523432823 = 1.0 @ 157093.0 373.505859375 1
4.111207141042674 1.1700887856098523 = 1.0 @ 150216.0 220.550048828125 1
1.1700887860778157 4.111207139460102 = 1.0 @ 147331.0 537.64501953125 1
4.173765900720365 0.3328733588365226 = 0.9943043007578667 @ 136346.0 1765.8564453125 1
0.6242284336103138 7.706277259385179 = 1.0 @ 131629.0 521.314208984375 1
1.1700887863755665 0.6242284347248536 = 1.0 @ 91192.0 268.560546875 1
7.718553209007011 0.32956549602336294 = 0.9972232814415063 @ 88572.0 560.703369140625 1
0.33748446202354787 7.692908260113473 = 0.9954945492394539 @ 80315.0 219.73779296875 1
0.3330184350571914 1.1700887876817658 = 1.0 @ 73030.0 117.09619140625 1
0.6242284332683143 0.6242284332213603 = 1.0 @ 65693.0 958.182861328125 1
0.6211162729603348 0.33291510835072674 = 0.9993732020305128 @ 63276.0 1231.105712890625 1
