-1.4251284284094559 -0.8003211001391642 -0.8003211009820469 = 2709.093505572828 @ 397484.0 278.002197265625 1
5.482864208285958 -0.8003211005947185 -1.425128428469537 = 2709.093505572828 @ 395384.0 526.387451171875 1
5.4828642050359 -7.083506409946915 -7.708313736329876 = 2709.0935055728282 @ 394273.0 659.848876953125 1
-0.8003211007999722 -7.083506410113391 4.858056878859303 = 2709.0935055728282 @ 393134.0 798.2607421875 1
-0.8003211014638444 -0.8003211010568393 -7.708313736154706 = 2709.0935055728287 @ 391995.0 933.598388671875 1
-1.4251284282467593 -7.083506407550617 -7.083506407449146 = 2709.093505572828 @ 389694.0 1208.781494140625 1
-0.8003210993996641 -0.8003211002289906 4.858056879952381 = 2709.0935055728287 @ 387519.0 1465.08935546875 1
-1.4251284286641819 -7.083506408205482 -0.8003211006508087 = 2709.093505572828 @ 386422.0 1598.98095703125 1
4.858056881506352 5.482864207538085 5.482864205339913 = 2709.0935055728282 @ 384079.0 1881.363037109375 1
-0.8003210997309171 -7.7083137359020295 -0.8003210987208871 = 2709.0935055728282 @ 381792.0 2153.155517578125 1
-0.8003211012643013 -7.708313735388947 5.482864205995389 = 2709.0935055728282 @ 380513.0 2304.45849609375 1
-0.8003211001503602 -0.800321100026441 -1.425128427852893 = 2709.093505572828 @ 366046.0 4028.457275390625 1
-7.083506408815376 5.482864204034892 -7.708313737472414 = 2709.0935055728282 @ 352251.0 5671.297119140625 1
4.858056878943531 -0.8003211004075548 -0.8003211016237192 = 2709.0935055728282 @ 349642.0 5979.594482421875 1
-7.083506409486491 -0.800321099071935 4.858056879167834 = 2709.0935055728282 @ 342165.0 150.595458984375 1
-0.8003211009778057 4.858056878052425 -0.8003211009472648 = 2709.0935055728282 @ 340998.0 288.395751953125 1
5.482864207443206 -7.708313734258722 -0.800321104901929 = 2709.093505572828 @ 338641.0 566.71240234375 1
5.482864203928704 -1.4251284282739856 -7.083506407828492 = 2709.093505572828 @ 337474.0 704.32470703125 1
-7.0835064077094 -0.8003211004101302 -1.4251284289889656 = 2709.093505572828 @ 332261.0 1336.00048828125 1
5.48286420764777 5.482864207444702 -7.708313735379333 = 2709.0935055728287 @ 329708.0 1638.7119140625 1
-7.083506409645063 -7.08350640855894 4.85805687907162 = 2709.0935055728287 @ 326833.0 1983.29150390625 1
4.858056880148874 -7.083506408191173 5.482864207984409 = 2709.0935055728282 @ 324322.0 2281.76806640625 1
5.4828642079973875 4.858056879533573 -7.083506407735232 = 2709.0935055728282 @ 318759.0 2949.899658203125 1
-7.0835064095947375 -1.425128429410692 5.482864207985541 = 2709.093505572828 @ 317424.0 3107.225830078125 1
-1.42512842692302 5.482864205916587 -0.8003211001132383 = 2709.093505572828 @ 310433.0 3947.931884765625 1
-7.70831373757398 5.482864207303574 5.4828642061979975 = 2709.093505572828 @ 305598.0 4530.196533203125 1
-7.083506408490942 4.85805687761655 5.482864205874134 = 2709.0935055728282 @ 304529.0 4658.060302734375 1
-7.708313736144644 -0.8003210997569916 -7.083506408257236 = 2709.0935055728282 @ 300156.0 5186.913330078125 1
-7.708313734935656 -0.8003211001987436 5.482864206697812 = 2709.0935055728282 @ 298793.0 5348.58154296875 1
-7.083506408238495 -7.083506406366287 -1.4251284266264104 = 2709.093505572828 @ 284064.0 1144.626708984375 1
5.482864206470266 5.482864205668778 4.85805687870849 = 2709.0935055728287 @ 271935.0 2590.9775390625 1
-0.8003211005871194 -1.425128428219057 5.482864207236904 = 2709.093505572828 @ 267212.0 3156.457275390625 1
-7.708313736726856 5.482864205487323 -0.8003211002624 = 2709.0935055728282 @ 263581.0 3594.98486328125 1
-0.8003210999798297 -1.4251284274656484 -0.8003210991149149 = 2709.093505572828 @ 262428.0 3733.600830078125 1
4.858056878460788 -0.8003211009443614 5.48286420585353 = 2709.0935055728282 @ 252147.0 4974.546142578125 1
-0.8003210998256155 -7.083506406958823 -1.425128429081729 = 2709.093505572828 @ 250308.0 5194.50439453125 1
-1.425128429124186 5.482864207893132 -7.083506409269887 = 2709.093505572828 @ 242229.0 133.85107421875 1
4.858056879497093 -7.083506406989999 -7.083506408941749 = 2709.0935055728282 @ 240908.0 292.43310546875 1
-1.4251287422743297 -0.8003218192264889 -7.083506390089462 = 2709.093505552921 @ 238411.0 590.53515625 1
-7.0835064070044504 -1.4251284282301238 -7.083506406068115 = 2709.093505572828 @ 232778.0 1275.717041015625 1
-7.0835061559999675 -7.708313156513537 -0.800321970354319 = 2709.0935055352015 @ 219291.0 2901.079833984375 1
-7.083506405534625 -0.8003211000583977 -7.708313733968991 = 2709.0935055728282 @ 216696.0 3220.6240234375 1
5.482865133764785 -7.083506676770258 -1.4251283735402425 = 2709.0935055428495 @ 201445.0 5084.589599609375 1
5.482864207979318 4.858056879725561 5.482864209823947 = 2709.0935055728282 @ 184924.0 1992.5341796875 1
-7.083506407090398 4.8580568779901245 -0.8003211005601062 = 2709.0935055728282 @ 174951.0 3205.72998046875 1
-7.0835064079393035 5.482864206717123 -1.4251284278779204 = 2709.0935055728282 @ 169696.0 3848.482666015625 1
-7.708313735403392 -0.8003211011909178 -0.8003211009801209 = 2709.0935055728282 @ 150151.0 122.5068359375 1
-0.8003211015444471 4.858056880093793 -7.083506409164556 = 2709.0935055728282 @ 147682.0 424.679443359375 1
-7.083506407473689 4.858056876849583 -7.083506408535799 = 2709.0935055728282 @ 138759.0 1507.301513671875 1
5.482863877759628 -7.708313741585517 -7.0835060281358535 = 2709.0935055647383 @ 134568.0 2015.327880859375 1
4.85805630336859 5.482864390527526 -7.083507972756606 = 2709.0935054820106 @ 133891.0 2101.33056640625 1
5.482864205915205 -0.8003211003357791 -7.708313734724468 = 2709.0935055728287 @ 131688.0 2365.3515625 1
5.482864207888728 5.482864208586874 -1.4251284289599961 = 2709.093505572828 @ 130563.0 2498.44970703125 1
-7.708313735351323 5.482864206970849 -7.083506407841369 = 2709.0935055728282 @ 108172.0 5204.508544921875 1
-0.8003211001773449 5.482864207133272 -1.425128428786772 = 2709.093505572828 @ 101671.0 5986.935302734375 1
-7.083506407515586 -1.4251284275188523 -0.8003211005146297 = 2709.093505572828 @ 96686.0 584.68115234375 1
-7.708313734420022 -7.083506408095646 -0.8003211005766777 = 2709.0935055728282 @ 76255.0 3054.93603515625 1
4.858057413996328 -0.8003207663554454 -7.083505081026129 = 2709.0935055031414 @ 71196.0 3665.028564453125 1
-7.083506407396865 -7.083506407616071 -7.708313734451542 = 2709.0935055728287 @ 68083.0 4052.4716796875 1
-0.8003211002693211 5.4828642056953845 4.8580568790496645 = 2709.0935055728287 @ 60028.0 5043.712158203125 1
-1.4251284287023598 -0.8003211005293702 5.482864206129718 = 2709.093505572828 @ 57475.0 5355.70166015625 1
5.482864206940963 4.858056879297061 -0.800321099062881 = 2709.0935055728282 @ 43614.0 812.87353515625 1
5.482864208300361 -1.4251284274043878 5.482864207352007 = 2709.0935055728282 @ 30183.0 2453.8388671875 1
4.858056878337907 5.4828642071746785 -0.8003211020487886 = 2709.0935055728282 @ 11362.0 4748.833984375 1
4.858055839214108 -7.083506128259185 -0.8003209901430931 = 2709.093505533386 @ 4823.0 476.222900390625 1
-0.8003210993745633 -7.708313736930263 -7.083506406731934 = 2709.0935055728282 @ 2494.0 758.9541015625 1
