5.482864209066291 4.858056880374855 -7.083506407118535 = 2709.0935055728282 @ 397484.0 279.753662109375 1
-0.8003210998507906 -0.8003211003228918 -1.425128427593055 = 2709.093505572828 @ 396308.0 418.441162109375 1
-7.0835064079980805 5.482864207334002 -7.708313735682443 = 2709.0935055728282 @ 395141.0 556.881591796875 1
-0.8003211000670185 -0.8003211009204899 4.8580568787632945 = 2709.0935055728282 @ 391594.0 987.841064453125 1
4.858056878103612 5.4828642067204525 -7.083506409647321 = 2709.0935055728282 @ 387011.0 1532.970703125 1
-1.4251284287117334 -7.083506407262009 -7.083506407160003 = 2709.093505572828 @ 382190.0 2109.984619140625 1
-7.7083137353237685 -7.083506408883263 -0.8003211005920879 = 2709.0935055728282 @ 380953.0 2260.0869140625 1
-0.8003211015281747 4.858056878686982 -7.083506409190594 = 2709.0935055728282 @ 378428.0 2561.4404296875 1
5.48286420612718 -7.708313733932959 5.482864207023769 = 2709.0935055728287 @ 377149.0 2713.65185546875 1
-7.083506408024739 4.8580568776755815 -0.8003210997974224 = 2709.0935055728282 @ 373686.0 3127.2392578125 1
-0.8003210991373586 5.482864207168571 4.85805687788247 = 2709.0935055728287 @ 369103.0 3676.985107421875 1
-7.708313737732544 5.482864205846673 -0.8003210990597297 = 2709.0935055728282 @ 367852.0 3824.3232421875 1
5.4828642061760595 5.482864207792548 -1.4251284283941899 = 2709.093505572828 @ 361855.0 4539.048095703125 1
-1.4251284285006933 -0.8003211004992733 5.482864206776824 = 2709.093505572828 @ 359624.0 4809.928955078125 1
-0.8003211001975715 4.858056878071119 -0.8003211019398896 = 2709.0935055728282 @ 354845.0 5377.024658203125 1
-7.083506405198119 -7.70831373643267 5.482864206509528 = 2709.0935055728282 @ 353538.0 5540.60205078125 1
-7.7083137350060635 5.4828642069951385 -7.083506407393714 = 2709.0935055728282 @ 349935.0 5974.69287109375 1
4.85805687765791 -0.8003211001637244 5.482864206402019 = 2709.0935055728282 @ 343770.0 6711.35693359375 1
-1.4251284273548208 -0.8003210998439124 -7.083506407682757 = 2709.093505572828 @ 341179.0 144.46435546875 1
-0.8003210997771805 -7.0835064090400595 -1.4251284280745078 = 2709.093505572828 @ 340110.0 271.5439453125 1
-0.800321100412119 -0.8003211004205302 -7.708313735056064 = 2709.0935055728287 @ 335723.0 794.04638671875 1
-7.708314359402317 -0.8003202755185462 -7.083507489647654 = 2709.0935055003115 @ 324462.0 2154.4140625 1
-7.083506086610951 -1.4251264000564035 5.482865235658491 = 2709.093505396475 @ 303331.0 4702.166748046875 1
-7.083506408390265 -0.8003210990588722 -1.4251284273668368 = 2709.093505572828 @ 299098.0 5214.3623046875 1
5.48286420629958 -1.4251284284231664 -0.8003211006282336 = 2709.093505572828 @ 295481.0 5648.076416015625 1
-1.4251284279135203 5.482864204694151 -0.8003211015795507 = 2709.093505572828 @ 288060.0 869.684814453125 1
5.482864207383607 -7.083506408285644 4.8580568775333095 = 2709.0935055728282 @ 273747.0 2596.679931640625 1
4.858056880805238 5.482864209287888 5.482864208395308 = 2709.0935055728282 @ 272580.0 2736.38916015625 1
-7.083508134687073 -1.42512875488993 -7.083506643997016 = 2709.0935054718057 @ 271805.0 2833.06982421875 1
-0.8003213184021263 -1.425128528270477 -7.083506404096662 = 2709.0935055709665 @ 270792.0 2958.08056640625 1
-7.083506681589392 -7.083506562076918 -7.708313768545785 = 2709.0935055696195 @ 264893.0 3671.275146484375 1
-1.4251279465081268 -7.083506403388487 -0.800320901184006 = 2709.0935055637033 @ 260534.0 4198.230224609375 1
5.482864205904992 -7.083506407988064 -1.4251284291102286 = 2709.093505572828 @ 255713.0 4777.8388671875 1
-0.8003211006016648 5.482864206442296 -1.425128429635039 = 2709.093505572828 @ 248960.0 5589.4580078125 1
4.858056879704899 -7.083506404651441 5.482864210841262 = 2709.0935055728282 @ 246393.0 5896.732666015625 1
-1.425128427311193 5.482864205723311 -7.083506406182892 = 2709.093505572828 @ 244334.0 141.58154296875 1
-1.425128428486327 -0.8003210989784582 -0.8003211018691468 = 2709.093505572828 @ 233941.0 1394.337890625 1
-7.083506407549246 4.858056879341442 5.4828642068435 = 2709.0935055728282 @ 231304.0 1715.19140625 1
5.482864206516165 5.4828642067096345 -7.708313736252637 = 2709.093505572828 @ 220085.0 3066.733642578125 1
-7.083506857991395 4.858056747259669 -7.083506964851265 = 2709.093505555786 @ 213612.0 3848.60498046875 1
-0.8003211004073915 -7.708313736473668 5.4828642089596356 = 2709.0935055728282 @ 208749.0 4436.680419921875 1
-7.083506410504234 -1.4251286361017355 -0.8003213066921117 = 2709.093505570003 @ 195658.0 745.317626953125 1
4.8580568778680036 5.482864207260077 -0.8003210994385103 = 2709.0935055728287 @ 194477.0 888.20947265625 1
4.858056879864515 -0.8003211004410499 -7.083506405864178 = 2709.0935055728282 @ 193352.0 1022.30810546875 1
-7.083506407948346 -0.800321099410744 -7.708313736658658 = 2709.0935055728282 @ 189819.0 1452.206787109375 1
5.482864207232586 -7.708313735834294 -7.083506406482188 = 2709.0935055728282 @ 188624.0 1595.153564453125 1
-0.8003211014484135 4.858056879029251 5.482864209146312 = 2709.0935055728282 @ 187429.0 1737.349853515625 1
-0.8003210999494794 -7.083506406167411 -7.708313737013354 = 2709.0935055728287 @ 183924.0 2162.3056640625 1
5.482864208533206 4.858056879676285 5.482864205346767 = 2709.0935055728282 @ 174147.0 3340.921630859375 1
5.482864311633616 -0.8003210574533637 -7.708313792251838 = 2709.093505572304 @ 152880.0 506.716552734375 1
5.482864205782354 -7.708313733879001 -0.800321099169124 = 2709.0935055728282 @ 146981.0 1218.0908203125 1
-7.708313735518017 -7.083506408732654 5.482864205776082 = 2709.0935055728282 @ 137442.0 2367.342529296875 1
5.4828642059527795 -0.8003211003908128 4.8580568810627245 = 2709.0935055728282 @ 132803.0 2936.29736328125 1
5.482864243329953 -7.08350633718626 -7.708313646502734 = 2709.093505572356 @ 128108.0 3502.968017578125 1
-7.708313734888483 -7.083506408624484 -7.083506406480611 = 2709.0935055728282 @ 124701.0 3923.037353515625 1
4.858056878492407 -7.083506406461646 -0.8003211018955633 = 2709.0935055728287 @ 111872.0 5481.739990234375 1
-7.083506408392147 -7.708313435036044 -7.083507576887543 = 2709.0935055259442 @ 90045.0 1938.58349609375 1
5.48286420686911 4.858056877661541 -0.8003211006658715 = 2709.0935055728282 @ 74794.0 3811.31298828125 1
-0.8003211009673723 -7.70831373578393 -0.8003211006065496 = 2709.0935055728282 @ 73557.0 3960.95703125 1
-7.0835060683559465 -0.8003204523396651 4.858056653142351 = 2709.0935055539453 @ 68456.0 4580.61962890625 1
-1.4251278416987097 5.482862667313433 5.482863842379275 = 2709.093505480961 @ 61087.0 5487.31005859375 1
-0.80032110073099 -7.083506406411012 4.858056877856287 = 2709.0935055728282 @ 59850.0 5638.307373046875 1
-0.8003210983037772 -7.708313736104634 -7.083506409569883 = 2709.0935055728282 @ 52331.0 600.08447265625 1
-7.083571715116341 -7.083454013349615 -1.4251608950900951 = 2709.0932451809185 @ 34686.0 2754.058349609375 1
-7.083506406973478 -7.08350640710021 4.858056879650805 = 2709.0935055728282 @ 33435.0 2904.650634765625 1
-1.4251284271805154 -7.083506407022925 5.482864206898119 = 2709.093505572828 @ 18664.0 151.215087890625 1
-7.708197237322625 -0.8002307298876554 -0.7999360763179038 = 2709.088032369261 @ 10259.0 1180.976318359375 1
