0.8333333331830255 0.6249999999183075 = -2.0 @ 199140.0 78.487548828125 1
0.16666666678611836 0.12499999975785314 = -2.0 @ 198456.0 153.38720703125 1
0.5000000003911127 0.3749999999463874 = -2.0 @ 197071.0 301.861328125 1
0.50000000023603 0.8750000000069877 = -2.0 @ 196370.0 376.68798828125 1
0.4999999999550655 0.6249999999836271 = -2.0 @ 194181.0 611.37890625 1
0.16666666654771153 0.3750000001406353 = -2.0 @ 192760.0 767.96435546875 1
0.1666666667797973 0.8750000000536643 = -2.0 @ 191399.0 915.137939453125 1
0.4999999999894468 0.1249999996476616 = -2.0 @ 189942.0 1070.757568359375 1
0.8333333334279183 0.8750000003624026 = -2.0 @ 188653.0 1213.807373046875 1
0.833333333307728 0.3749999999047888 = -2.0 @ 183836.0 1728.103759765625 1
0.8333333334340526 0.12499999987907755 = -2.0 @ 182415.0 1878.473388671875 1
0.16447436185250394 0.6195902691572867 = -2.090740078900751 @ 169062.0 307.952880859375 1
