7.706277231956954 2.1932800483699992 7.706277245445102 = 0.9999999999999998 @ 398884.0 104.7119140625 1
1.1700887875689916 4.111207137310664 4.111207147080213 = 1.0 @ 397932.0 211.42138671875 1
7.706277261391049 4.111207142943677 1.1700887887838913 = 1.0 @ 397031.0 309.65234375 1
7.706277258860966 2.193280050186429 0.624228433502019 = 1.0 @ 395976.0 425.010986328125 1
7.706277253187205 2.193280052934486 2.1932800526143854 = 1.0 @ 394907.0 545.853271484375 1
2.193280053884812 7.7062772687883205 4.11120714153447 = 1.0 @ 393950.0 650.798095703125 1
7.706277260874245 7.706277261100474 1.170088785805856 = 1.0 @ 393105.0 742.077392578125 1
7.706277261893645 4.111207147951687 7.706277251280592 = 1.0 @ 392344.0 824.958251953125 1
7.70627725447967 7.706277257631855 2.193280053137222 = 1.0 @ 391429.0 924.2138671875 1
4.11120714928778 4.11120714804532 7.706277249432943 = 1.0 @ 390570.0 1018.201416015625 1
1.1700887890095226 7.706277258634886 4.111207136398649 = 1.0 @ 387709.0 1335.935302734375 1
7.70627726383243 7.706277259539345 4.111207145270972 = 1.0 @ 386836.0 1431.91845703125 1
4.1112071502050185 7.706277270231052 4.111207145123371 = 1.0 @ 385053.0 1626.71435546875 1
7.706277253288332 4.111207142830103 2.1932800521592593 = 1.0 @ 384110.0 1732.83984375 1
4.1112071431961335 7.706277264134553 0.6242284334704458 = 1.0 @ 383041.0 1848.81494140625 1
2.1932800524577805 4.111207142002504 7.7062772489217775 = 1.0 @ 381230.0 2045.72607421875 1
1.1670044662998396 2.1892832111719223 4.159169688626085 = 0.997588771434355 @ 377767.0 2423.380615234375 1
7.706277249353449 7.706277258120741 7.706277263642408 = 1.0 @ 376894.0 2523.3662109375 1
4.111207141241294 7.7062772636708665 7.706277264982938 = 1.0 @ 374285.0 2812.840087890625 1
7.7062772564530775 1.170088786693339 7.706277255894411 = 1.0 @ 372362.0 3037.680908203125 1
7.706277251942384 4.11120714541553 4.111207144957538 = 1.0 @ 368647.0 3443.968994140625 1
4.111164390033383 7.705266627467492 1.17012403412876 = 0.9999996963932294 @ 367144.0 3607.405029296875 1
4.111207143951255 2.1932800488840436 4.111207143134947 = 1.0 @ 361931.0 4189.474853515625 1
1.1700887882846236 7.706277253221419 2.1932800529891936 = 1.0 @ 360148.0 4384.724365234375 1
4.111207148508533 2.1932800499602467 7.706277246341895 = 1.0 @ 359261.0 4481.455322265625 1
1.1700887877275523 4.111207139473151 7.70627726382005 = 1.0 @ 358220.0 4594.67724609375 1
1.170088784290239 7.706277267762469 7.706277250800815 = 0.9999999999999998 @ 357291.0 4696.053466796875 1
4.111207147427525 2.1932800482674546 2.193280048225185 = 1.0 @ 356278.0 4805.871337890625 1
7.7058238558841685 0.6241770350470541 7.706281888720921 = 0.999999829291949 @ 351405.0 89.4169921875 1
2.1932800497103098 4.111207143279559 2.1932800480661596 = 1.0 @ 350210.0 222.748291015625 1
4.1112071444479215 4.111207142205926 4.111207137976247 = 1.0 @ 349379.0 313.590576171875 1
2.193280050775846 7.706277257768263 7.7062772578488685 = 1.0 @ 346168.0 671.40869140625 1
2.193280047450355 1.1700887868738705 4.111207140097884 = 1.0 @ 339793.0 1389.636962890625 1
0.6242284332418668 2.1932800517875677 0.6242284332487136 = 1.0 @ 338584.0 1522.392333984375 1
2.193242196439315 7.705884063777696 2.1933330237059545 = 0.9999999419229186 @ 338215.0 1562.514892578125 1
2.1932800500238168 1.170088786201888 7.706277267966161 = 1.0 @ 332834.0 2165.89404296875 1
4.21837743646675 3.9782896335903626 2.2645581082049686 = 0.954281424547367 @ 332745.0 2175.846435546875 1
2.1932511350469848 7.706194592692408 1.1701305308532102 = 0.9999999739738963 @ 332334.0 2220.732421875 1
7.706277166158493 0.33301843954760774 1.1700887796988904 = 0.9999999999999944 @ 330327.0 2447.27099609375 1
0.6242284338978153 2.1932800506234025 2.1932800503312984 = 1.0 @ 328866.0 2609.316162109375 1
2.193280052546455 4.11120713729325 4.111207139760727 = 1.0 @ 325029.0 229.1982421875 1
7.7062772593170035 2.1932800484369266 4.111207141017998 = 1.0 @ 324184.0 325.61669921875 1
7.704293238421497 7.708202306274606 0.6241586781350231 = 0.9999976470904477 @ 321897.0 580.13623046875 1
0.6241948400869517 2.1935297878477225 7.708052800598774 = 0.999998851116616 @ 320702.0 718.273193359375 1
7.706277267229859 1.1700887882529516 4.111207139955702 = 1.0 @ 318863.0 922.30810546875 1
7.493239128787527 2.21878867034647 0.3490821233274066 = 0.9484519260239487 @ 317836.0 1037.737548828125 1
4.111207137622208 1.1700887856099422 1.1700887869231358 = 1.0 @ 316319.0 1204.403076171875 1
2.1932575901440026 7.706282926268788 0.624232928377278 = 0.9999999973790112 @ 313864.0 1475.814208984375 1
1.174447386958117 4.239984048982132 2.2184312223725535 = 0.9818757963263696 @ 313229.0 1552.347900390625 1
1.1701001426195474 1.1700811862449771 4.111408862318607 = 0.9999999576048741 @ 310396.0 1867.321533203125 1
1.1699816121042728 2.195992271254091 2.192830552838187 = 0.9999737052683485 @ 307899.0 2148.573974609375 1
2.1932419206236693 2.193179741766229 7.706363979297876 = 0.9999999579893238 @ 307166.0 2230.695068359375 1
2.241499891171635 1.158039850365558 2.163825268736565 = 0.9873225756436061 @ 306965.0 2253.66162109375 1
2.3372546743078293 2.1865373552384613 2.1420926212600495 = 0.925458576974175 @ 306965.0 2253.66162109375 1
0.6242284338026801 7.70627725361674 2.1932800504927488 = 1.0 @ 305107.0 2459.3076171875 1
4.111517291282727 0.3329937465565155 4.11141436494073 = 0.9999997712025233 @ 299114.0 185.696044921875 1
7.7062772603593 1.170088786468497 1.170088787157925 = 1.0 @ 298129.0 295.082763671875 1
4.111207141764519 1.1700887873998187 4.111207140981814 = 1.0 @ 297214.0 395.850830078125 1
4.111207143012734 4.111207141738327 1.1700887886535913 = 1.0 @ 294969.0 644.32470703125 1
2.1933546602603955 2.1931539396742386 1.17005759565457 = 0.999999913765061 @ 294054.0 746.13330078125 1
2.193280051399209 2.193280049796189 4.111207141146647 = 1.0 @ 290325.0 1169.152587890625 1
1.1700887885097704 1.1700887871925654 1.1700887865248577 = 1.0 @ 288906.0 1336.75048828125 1
4.111207140242419 4.111207139657591 0.6242284340038102 = 1.0 @ 287011.0 1546.0859375 1
0.6169246013263965 4.215405117143832 7.799099476744866 = 0.9849211124902634 @ 285480.0 1715.517333984375 1
7.7062772615569965 4.1112071487776225 0.624228434074015 = 1.0 @ 284439.0 1828.93994140625 1
1.1996307796201475 0.6644080654940552 4.117148136345745 = 0.9268782059451453 @ 281130.0 2198.156494140625 1
0.33314332162685883 4.120259552179452 4.085917072512469 = 0.9992826509244055 @ 273537.0 3043.39111328125 1
1.1700995485492556 2.193319491490349 7.706167818603767 = 0.9999999898396583 @ 268800.0 3579.093505859375 1
4.076576056113706 0.6237907274161137 4.2259682242635215 = 0.9862462103277339 @ 261197.0 685.8974609375 1
0.6243624556411165 1.1701385469900012 7.696707435786408 = 0.9999734681234738 @ 258826.0 947.908203125 1
1.170088785481954 7.7062772525805885 1.1700887861395 = 1.0 @ 252115.0 1697.727294921875 1
4.118745725267867 7.706923197363689 0.3330799773604716 = 0.9999433791071988 @ 245698.0 2416.619873046875 1
0.6242740217228289 4.110881751716443 4.11130143682497 = 0.999999797933538 @ 237153.0 3373.444580078125 1
1.1700888160513558 0.6242277776860463 7.7062812620820855 = 0.9999999999770823 @ 229606.0 488.739990234375 1
0.6257140765763818 7.524464809143088 1.1767639002049388 = 0.9899109944193205 @ 225751.0 925.01708984375 1
2.193276272961986 0.6242285206463932 7.70630955231884 = 0.9999999996575077 @ 223716.0 1150.392822265625 1
7.706277266249292 1.1700887857094906 2.1932800479903816 = 1.0 @ 220561.0 1499.195068359375 1
0.6242414726393459 7.714337290721847 7.711982348103836 = 0.9999726522878076 @ 213346.0 2305.374267578125 1
7.70627725013351 0.6242284338826455 4.111207147103082 = 1.0 @ 205767.0 3148.66015625 1
7.7062772494464 2.193280052494059 1.1700887857094897 = 1.0 @ 202752.0 3483.783203125 1
1.115096957371667 2.2237165421012066 1.2093569360340035 = 0.9409621680514584 @ 201501.0 3625.58740234375 1
4.1112071371865095 7.706277258922585 2.193280052083234 = 1.0 @ 193968.0 419.739013671875 1
4.1112071425759655 1.1700887894806553 7.70627725119553 = 1.0 @ 190323.0 823.04443359375 1
0.6242284335481199 4.111207140485943 1.1700887863667089 = 1.0 @ 187952.0 1084.661865234375 1
0.6242284344444616 4.111207140607791 2.1932800538918342 = 1.0 @ 176859.0 2328.250244140625 1
4.111207137880432 0.6242284326485364 7.706277249813224 = 1.0 @ 164562.0 3706.750244140625 1
4.111207141372104 1.1700887868134047 2.1932800509020014 = 1.0 @ 154845.0 768.020751953125 1
0.6200962559348743 2.113682810513638 3.963265818442575 = 0.9546125430762123 @ 152852.0 989.836181640625 1
7.6278366883931055 0.6247833136371882 2.198165280094878 = 0.998161327350851 @ 145651.0 1788.776123046875 1
2.1932389169721427 4.1109827775259395 1.1700594442968297 = 0.9999999340143563 @ 140886.0 2325.66845703125 1
1.1950438492290074 1.166735232328707 7.837683460147425 = 0.987714381865505 @ 140139.0 2411.665283203125 1
0.6308705489701889 0.6578346671774331 7.481660882877049 = 0.9388700504573627 @ 137978.0 2655.24267578125 1
2.193280052080372 2.193280052244203 0.6242284336062879 = 1.0 @ 91207.0 517.77587890625 1
2.196043025739025 0.33295945283906514 7.6745916346072836 = 0.9996901755176311 @ 89242.0 733.1005859375 1
4.111207149022107 0.6242284334151373 1.1700887877973485 = 1.0 @ 85163.0 1187.71435546875 1
1.1684049829993015 7.755424263760718 0.33278566532206116 = 0.9992839322174596 @ 67280.0 3207.80712890625 1
4.111191760498137 0.6242442457864142 2.193288723461015 = 0.9999999888122844 @ 59131.0 286.157470703125 1
0.33337257176238155 7.655999298495661 2.2886779369113057 = 0.969508804404579 @ 49354.0 1388.64306640625 1
1.1700887884386963 1.170088786057337 2.1932800521171196 = 1.0 @ 47837.0 1556.0849609375 1
7.703121441051503 0.6243746928338422 1.1700537406693299 = 0.9999962741432846 @ 44066.0 1978.159912109375 1
7.706277261650781 1.1700887874692325 0.6242284334421264 = 1.0 @ 42871.0 2109.965087890625 1
1.1700887892013645 4.111207142938118 1.1700887876607589 = 1.0 @ 37770.0 2688.419189453125 1
2.193280053922719 1.170088786915628 1.170088786690354 = 1.0 @ 19191.0 1617.0634765625 1
