0.5000000000995181 0.12499999995553475 = -2.0 @ 199128.0 81.951904296875 1
0.16666666661586518 0.3750000001752776 = -2.0 @ 198456.0 154.70166015625 1
0.8333333330452277 0.3750000001494741 = -2.0 @ 197803.0 225.7099609375 1
0.5000000000873572 0.8749999998013382 = -2.0 @ 197114.0 299.67919921875 1
0.8333333322851676 0.1250000003178721 = -2.0000000000000018 @ 196545.0 360.58203125 1
0.8333333334746658 0.6249999998749434 = -2.0 @ 195808.0 440.534912109375 1
0.4999999998400793 0.3750000000519885 = -2.0 @ 195119.0 519.9765625 1
0.49999999998960326 0.6249999999722702 = -2.0 @ 193722.0 673.71240234375 1
0.166666666898393 0.6250000000345522 = -2.0 @ 191533.0 915.60693359375 1
0.8333333333378529 0.8750000001029724 = -2.0 @ 187568.0 1348.986328125 1
0.16666666665625912 0.8749999998420033 = -2.0 @ 184887.0 1639.2392578125 1
0.16666666663759638 0.12499999985975048 = -2.0 @ 180046.0 2179.27685546875 1
