0.16287607224384174 3.781509972555453 = -9.605834827801853e-23 @ 199248.0 201.62158203125 1
-1.4814715358968258 3.6740226851155966 = -7.409285530499479e-23 @ 198636.0 403.393310546875 1
-2.1849843511337537 1.687053938818973 = 0.0 @ 191371.0 2782.103271484375 1
-0.4996950653825645 -4.012597084801944 = 0.0 @ 189734.0 3320.39111328125 1
1.7577435915031088 1.5957372555000355 = 0.0 @ 174109.0 260.55517578125 1
4.1412569311731104 2.4770118105436456 = 0.0 @ 171692.0 1094.701171875 1
-3.395113022192713 -3.317307196310982 = 0.0 @ 170835.0 1379.537353515625 1
-0.49969513978065566 -4.012596923650325 = -0.0246498527042053 @ 108794.0 1310.278564453125 1
-0.49969577954921174 -4.012597577943929 = -0.07019018471504947 @ 55392.0 3687.5439453125 1
-0.49969435535165646 -4.012596659888373 = -0.07407697893218684 @ 55392.0 3687.5439453125 1
