5.4828642063905555 5.482864205667879 -7.708313736230734 = 2709.0935055728282 @ 396238.0 442.962890625 1
-7.083506405165811 5.48286420771761 -1.4251284276763605 = 2709.093505572828 @ 394922.0 604.197509765625 1
-0.8003211007354778 -1.4251284279630325 5.4828642064685695 = 2709.093505572828 @ 393713.0 751.6826171875 1
4.858056878798125 5.482864205721369 -0.8003211006922133 = 2709.0935055728282 @ 391314.0 1051.619140625 1
-0.8003210994546881 -7.708313736280401 -0.8003210995072401 = 2709.0935055728282 @ 388971.0 1345.677001953125 1
-1.4251284277819776 -7.083506407955802 -0.8003211007847963 = 2709.093505572828 @ 387846.0 1484.637939453125 1
5.4828642086188975 -7.708313734481342 -7.083506404832137 = 2709.0935055728282 @ 385517.0 1770.859619140625 1
-0.8003210997918351 -7.083506406996176 4.8580568773995 = 2709.0935055728282 @ 384434.0 1903.0830078125 1
-7.708313734436301 5.482864208057452 -0.8003211002699826 = 2709.0935055728282 @ 383295.0 2044.391357421875 1
5.482864205998136 -0.8003210998809663 -7.708313733997995 = 2709.0935055728287 @ 380770.0 2357.29638671875 1
5.482864207339301 4.858056879211675 -7.083506407640191 = 2709.0935055728282 @ 379645.0 2500.03369140625 1
-7.708313736598391 -7.083506408108723 -7.0835064084768735 = 2709.0935055728282 @ 371576.0 3495.059814453125 1
-0.8003210996643154 -7.708313734810797 5.4828642062631125 = 2709.093505572828 @ 369163.0 3796.015625 1
-7.08350640818102 -7.083506405960318 -7.70831373542539 = 2709.0935055728282 @ 367982.0 3942.303466796875 1
-0.800321101915711 -1.4251284281988388 -7.0835064051274035 = 2709.093505572828 @ 366745.0 4095.74755859375 1
-7.708313734306357 -0.8003211001141308 -7.083506407159414 = 2709.0935055728287 @ 358634.0 5108.370849609375 1
-7.708313735627291 -0.800321102760216 -0.8003211011404371 = 2709.0935055728282 @ 356291.0 5395.41845703125 1
-7.083506408490032 -7.083506408843741 4.8580568763644125 = 2709.093505572828 @ 339406.0 149.42626953125 1
-1.4251284299388827 5.482864206266768 -0.8003211010369402 = 2709.093505572828 @ 337077.0 435.714599609375 1
-1.425127736519208 5.482863490279041 5.482863387644162 = 2709.0935055186806 @ 329596.0 1369.645263671875 1
5.482864206270795 5.482864207951937 4.858056878847963 = 2709.093505572829 @ 327281.0 1657.641845703125 1
-7.083506408808162 -7.708313736083367 5.482864207284903 = 2709.0935055728282 @ 325442.0 1889.24658203125 1
5.4828642060248844 -7.0835064062539335 -1.4251284295393865 = 2709.093505572828 @ 318297.0 2784.95458984375 1
-7.708313736387522 5.482864207162941 -7.08350640916244 = 2709.0935055728282 @ 316178.0 3047.39404296875 1
-0.8003210984872147 5.482864205801688 -1.425128428274131 = 2709.093505572828 @ 305295.0 4406.155517578125 1
-0.8003211010584131 -1.4251284281739858 -0.8003210990481692 = 2709.093505572828 @ 302434.0 4764.413818359375 1
-7.083506925987063 -1.4251272743950496 -0.8003231932095 = 2709.09350537878 @ 300623.0 4988.533447265625 1
5.482864205502071 4.858056879656219 5.482864206311816 = 2709.0935055728282 @ 294864.0 5700.5595703125 1
5.4828642063870126 -0.8003211008604084 -1.4251284278440166 = 2709.093505572828 @ 291545.0 157.580322265625 1
5.482864206389101 -1.4251284289257524 -0.8003210988991263 = 2709.093505572828 @ 289230.0 441.864501953125 1
-7.083506407173369 -7.708313734987966 -0.8003211004856223 = 2709.0935055728282 @ 287951.0 600.301025390625 1
-7.0835066719178394 5.482865434912783 4.85805728608062 = 2709.0935055166187 @ 281002.0 1469.699951171875 1
5.482862397173128 -0.800321728588076 4.858055320558411 = 2709.0935053730905 @ 279163.0 1697.11669921875 1
-7.708313735251094 -7.083506407386247 -0.8003210981827183 = 2709.0935055728282 @ 276008.0 2095.9130859375 1
-7.083506349062173 4.858056097440251 5.482863080068901 = 2709.0935055113755 @ 253883.0 4854.470703125 1
5.482864206852091 4.858056878279045 -0.800321097822304 = 2709.093505572828 @ 249500.0 144.0126953125 1
-0.800321099633719 4.858056879876502 -0.8003211011561847 = 2709.0935055728282 @ 242831.0 983.18798828125 1
4.858056568143184 -7.083506201612714 5.482864606434355 = 2709.0935055630785 @ 242126.0 1071.510986328125 1
-7.708313734881406 -7.083506406780644 5.482864205563874 = 2709.0935055728282 @ 232041.0 2330.60107421875 1
5.48286420601368 -7.70831373435893 -0.8003211028428509 = 2709.0935055728282 @ 228102.0 2821.92236328125 1
5.482864187438804 -1.4251287365685779 5.482864478193581 = 2709.093505567238 @ 227285.0 2922.639404296875 1
-7.083506524422371 4.858056666204764 -7.083506167963094 = 2709.0935055690184 @ 223360.0 3417.908935546875 1
-7.083506406253804 -7.083506405335194 -1.4251284253313852 = 2709.093505572827 @ 221353.0 3668.910888671875 1
-7.083505101266235 5.482864601754065 -7.7083156529374195 = 2709.09350538879 @ 217106.0 4199.00048828125 1
5.4828641317112705 -1.4251289209705018 -7.083506610942008 = 2709.093505563114 @ 209793.0 5113.729248046875 1
-1.4251284303714011 -7.083506409012938 -7.083506405401652 = 2709.093505572828 @ 207380.0 5412.141357421875 1
4.858056878260152 5.482864205902575 -7.0835064087914015 = 2709.0935055728282 @ 198237.0 375.08251953125 1
-0.8003211014469048 -0.8003210992169361 -7.708313735259081 = 2709.093505572828 @ 193444.0 975.021728515625 1
-0.8003211009515231 -0.8003211013787696 -1.4251284279592387 = 2709.093505572828 @ 177185.0 3011.978271484375 1
-0.8003211009189407 4.858056878976052 -7.08350640785718 = 2709.0935055728282 @ 171720.0 3701.14208984375 1
-1.4251284289486508 5.482864208491491 -7.0835064053317796 = 2709.093505572828 @ 164351.0 4624.410400390625 1
-7.708313737189966 -0.8003211019454872 5.482864207828701 = 2709.093505572828 @ 151638.0 1101.803955078125 1
4.85805687925801 -0.8003211002082748 -7.0835064070474205 = 2709.0935055728282 @ 128071.0 4080.235107421875 1
-7.083505778394635 4.858056794453785 -0.8003210041329697 = 2709.093505559594 @ 124888.0 4478.08544921875 1
4.858056878335939 5.482864205500261 5.482864206506958 = 2709.0935055728287 @ 118069.0 216.061279296875 1
-7.083506408064316 -7.708313735410817 -7.083506408141674 = 2709.0935055728282 @ 114690.0 643.300537109375 1
-7.083506407872047 -1.4251284284847112 -7.083506408833156 = 2709.093505572828 @ 92355.0 3456.5869140625 1
-0.8003211011730829 -0.8003210993783665 4.858056880077784 = 2709.0935055728287 @ 88514.0 3934.696533203125 1
5.4828642060839865 -7.083506406225377 4.858056879450304 = 2709.093505572829 @ 80305.0 4964.010986328125 1
-1.4251288120708787 -0.8003206995528137 5.4828642873832765 = 2709.093505562486 @ 71484.0 521.063232421875 1
-1.4251284276091203 -0.8003211006070022 -0.800321099978401 = 2709.093505572828 @ 65501.0 1280.785400390625 1
5.482864204798389 -7.08350640625949 -7.7083137357775 = 2709.0935055728282 @ 51734.0 3015.5869140625 1
-0.8003209743759317 -7.708314213316895 -7.083506518347762 = 2709.093505564205 @ 41901.0 4254.3720703125 1
-7.083506408108612 -1.4251284292839477 5.482864206022523 = 2709.093505572828 @ 18212.0 1877.178466796875 1
4.858057546162265 -7.083507839614577 -7.083507437627304 = 2709.09350545802 @ 16121.0 2145.9365234375 1
