4.111207146370299 1.170088787638197 7.7062772482953275 = 1.0 @ 398730.0 121.053955078125 1
2.1932800487294863 2.1932800511749537 7.706277249896219 = 1.0 @ 397638.0 244.93115234375 1
7.706271758304219 0.6242295656444494 4.111180701400113 = 0.9999999992472868 @ 396527.0 369.29638671875 1
7.706277261691191 4.111207141365457 4.111207141559883 = 1.0 @ 395724.0 460.2275390625 1
4.111207143520983 7.706277263844998 7.7062772573811165 = 1.0 @ 394893.0 553.90380859375 1
4.111207141784811 4.111207143337585 4.111207144585646 = 1.0 @ 394034.0 648.612548828125 1
7.706277250019161 7.706277254236635 7.706277257989661 = 1.0 @ 393231.0 738.42431640625 1
7.706277255491846 4.11120714503277 0.3330184353917153 = 1.0 @ 392176.0 855.524658203125 1
7.706277252485803 7.7062772574918625 4.111207140965911 = 1.0 @ 391303.0 953.828857421875 1
7.706277258067535 1.1700887888775529 7.706277257120021 = 1.0 @ 390416.0 1051.679443359375 1
2.1932800497997604 7.7062772520255125 7.706277258158823 = 1.0 @ 389599.0 1144.614013671875 1
1.172005998532228 7.740566762424688 7.7256588427616615 = 0.9995217154781363 @ 386990.0 1435.35107421875 1
1.1700887878055064 4.111207144335753 4.111207145883014 = 1.0 @ 386117.0 1533.20263671875 1
1.1700887883172415 1.1700887881689792 1.170088787661855 = 1.0 @ 384992.0 1657.444091796875 1
7.70627726084618 4.111207137173817 7.706277248808644 = 1.0 @ 383209.0 1855.984619140625 1
7.7080982266453715 7.708868196391677 1.1701479363549856 = 0.9999971436920455 @ 380390.0 2170.354248046875 1
4.11120714598224 7.706277259381099 4.1112071426655925 = 1.0 @ 377809.0 2457.649658203125 1
4.111207139572017 2.193280048747451 7.706277262037298 = 1.0 @ 376978.0 2550.2421875 1
2.1932800514998214 7.706277263121919 4.111207146992176 = 1.0 @ 375265.0 2741.10107421875 1
0.624228434643744 7.706277263476781 7.70627726266821 = 1.0 @ 374252.0 2853.760009765625 1
4.111207140837999 4.111207146979004 7.706277254450037 = 1.0 @ 373309.0 2959.46923828125 1
7.706277264579318 2.193280049813528 7.706277266804972 = 1.0 @ 372422.0 3057.46826171875 1
7.706277254425598 1.1700887878108919 4.111207143128283 = 1.0 @ 369729.0 3358.39453125 1
2.1932800497175924 7.70627726322676 2.1932800482843637 = 1.0 @ 368898.0 3450.51708984375 1
0.6242923536513914 4.112139566671801 7.701128848956557 = 0.9999915243613582 @ 366485.0 3719.796142578125 1
4.111207144235611 4.111207143955628 2.193280053657106 = 1.0 @ 362938.0 4116.440185546875 1
7.7062772544959115 2.1932800500995695 4.111207142246836 = 1.0 @ 360371.0 4403.28271484375 1
7.70627726131079 2.1932800509839208 2.1932800511510147 = 1.0 @ 357636.0 4707.981689453125 1
2.1932800481196804 4.1112071413463775 7.706277256726851 = 1.0 @ 355895.0 4901.69140625 1
7.706277154390772 4.111207275899659 2.1932800859638664 = 0.9999999999999754 @ 352908.0 5237.531494140625 1
4.111207143369399 7.706277259082854 1.170088788819954 = 1.0 @ 351731.0 109.17724609375 1
1.17008878665789 4.111207139494441 1.1700887872310146 = 1.0 @ 350032.0 301.628173828125 1
7.706254001336036 7.706267751989581 2.193309135091469 = 0.9999999968921609 @ 348221.0 509.02685546875 1
2.1932800494128375 2.193280051451874 4.1112071421593175 = 1.0 @ 347250.0 617.88525390625 1
1.1696439841876747 2.290384654195557 7.920791478104352 = 0.9567193159909559 @ 347105.0 635.059326171875 1
2.1932800493192124 1.1700887892624863 0.6242284326246813 = 1.0 @ 345070.0 866.400634765625 1
4.111207140964758 7.70627724634913 2.193280053340304 = 1.0 @ 344169.0 966.1103515625 1
4.111207139220514 4.11120714140678 0.6242284336585047 = 1.0 @ 342484.0 1156.079833984375 1
0.6242284333052263 7.706277248917601 2.1932800522501146 = 1.0 @ 341499.0 1267.17578125 1
2.19328005074396 1.1700887869464875 2.1932800477733694 = 1.0 @ 339576.0 1485.254638671875 1
7.695398353834034 1.1698896513348314 2.1923311154591865 = 0.9999631349396054 @ 338017.0 1659.63232421875 1
2.19328005137621 2.193280049278785 1.1700887865478884 = 1.0 @ 337060.0 1767.013671875 1
7.26038036731374 0.31887288542186254 7.605828365654218 = 0.9087481720793309 @ 336047.0 1882.826416015625 1
4.111206395226 4.111207281803124 1.170088792854077 = 0.9999999999994293 @ 333928.0 2122.707275390625 1
2.193280051633974 0.6242284338688477 1.1700887893791496 = 1.0 @ 331991.0 2342.9951171875 1
4.111207142729279 2.193280049608354 2.1932800536193433 = 1.0 @ 329564.0 2620.902587890625 1
7.706277265247638 4.111207139245148 1.1700887873347705 = 1.0 @ 327473.0 2858.685546875 1
4.111207147197015 1.170088787210604 4.111207143942249 = 1.0 @ 324108.0 3239.705078125 1
0.34113549358154754 7.862975022238093 7.9237302495341755 = 0.9708277757602981 @ 322413.0 173.56787109375 1
0.6080228228965098 7.914617821955801 7.9583149517989025 = 0.9596315964399219 @ 322413.0 173.56787109375 1
1.1701275049448123 7.706254153049411 4.111387268651302 = 0.99999994961032 @ 321451.0 282.550048828125 1
0.6253990329775925 7.625351753564193 0.6227733067394567 = 0.9979950280125562 @ 318716.0 590.92138671875 1
2.1924140101351806 7.716688857236916 0.6240883630574566 = 0.9999661800620676 @ 316905.0 793.643310546875 1
4.111240074585718 2.193239215345538 4.1111773982821065 = 0.9999999922806563 @ 315318.0 974.597412109375 1
0.34756784544543673 3.9763561819239284 7.729320405949925 = 0.9514697291495045 @ 311323.0 1435.752197265625 1
4.222248092467699 7.635215715541504 0.6210410467312597 = 0.9863659345923768 @ 311038.0 1468.645751953125 1
2.2043824538863483 1.1880267874111943 4.085083120121618 = 0.9950477464696008 @ 310557.0 1524.64990234375 1
2.1932800486506503 7.706277244881701 1.1700887894045398 = 1.0 @ 306814.0 1947.782958984375 1
7.803822282205073 7.545827708682533 0.33557504899197566 = 0.9890410437127812 @ 305395.0 2110.7607421875 1
0.6400043952503773 7.313865172156206 4.3224186308974835 = 0.9042108621588949 @ 305222.0 2130.5341796875 1
7.7480773960660905 3.963732187467334 0.631065987005047 = 0.9755411365452389 @ 304671.0 2193.21142578125 1
7.9151354556460936 0.34356880749913044 2.132687878536281 = 0.9590747875861256 @ 294572.0 3330.973876953125 1
0.625395177095879 0.6269415818687407 7.543258898124432 = 0.9920383609110435 @ 292219.0 239.903076171875 1
4.11120717728948 0.6242284374385366 7.706277246348825 = 0.9999999999999982 @ 288994.0 608.44580078125 1
1.1711828920599048 4.113199962891872 7.750754177471292 = 0.9994296931823936 @ 284523.0 1115.274658203125 1
0.6242352526102708 4.1112521187498 2.1932639995306578 = 0.9999999951239047 @ 264036.0 3438.71923828125 1
2.1932800527750276 2.19328004901678 2.1932800497852414 = 1.0 @ 263163.0 3537.810791015625 1
2.193280053683215 4.111207145122462 2.193280051431023 = 1.0 @ 261002.0 3782.624267578125 1
0.32909748956047524 2.236940699934344 7.80437309624534 = 0.9885472672003333 @ 259373.0 3967.163330078125 1
0.5944960927417406 2.2336371877150545 7.6957830369592495 = 0.9555308921381418 @ 259373.0 3967.163330078125 1
2.19328005050732 0.6242284334664885 7.706277257599366 = 1.0 @ 258495.0 4064.626708984375 1
7.7062772477225545 2.193280051409925 1.1700887879380175 = 1.0 @ 251340.0 790.12841796875 1
7.739814528187697 0.631814352936568 7.854103462772036 = 0.9912577641618563 @ 245847.0 1409.451416015625 1
2.1932800532367653 4.111207148444352 4.111207148347197 = 1.0 @ 242188.0 1824.643310546875 1
4.095678590735132 0.6190431142439097 4.127990980419333 = 0.9983257490543451 @ 234707.0 2670.677734375 1
7.884059342480841 1.1659609117446514 0.623880895036287 = 0.9911543635260915 @ 227226.0 3514.54638671875 1
7.733286811892759 1.1702619184268286 1.1705819587992654 = 0.9997926756495097 @ 224085.0 3869.925537109375 1
2.2400662914381746 7.35072442677422 0.3292738487229947 = 0.953971746403027 @ 220584.0 229.448974609375 1
4.111207139035165 1.1700887888054758 2.193280051755483 = 1.0 @ 214755.0 895.42431640625 1
4.1110611011968015 2.1932473172979363 1.1700946764656281 = 0.9999999748335366 @ 213672.0 1015.820068359375 1
2.193280053321562 4.111207142993333 1.170088787283133 = 1.0 @ 211861.0 1220.644287109375 1
1.1702410622852795 4.11151807833825 2.193114139068476 = 0.9999995270600357 @ 208748.0 1570.975341796875 1
1.1700887877902686 2.1932800520046767 2.193280052265552 = 1.0 @ 200959.0 2454.723876953125 1
1.170088785504839 2.1932800514315787 4.1112071440392475 = 1.0 @ 198896.0 2688.051025390625 1
4.107465264342673 0.33299300606117865 7.699427303196484 = 0.9999729035661296 @ 194481.0 3190.0322265625 1
1.1701978922817209 1.1693778584829801 7.7257966053315315 = 0.9998870469303578 @ 153544.0 4247.3154296875 1
7.706277264115449 2.1932800506544035 0.6242284334670216 = 1.0 @ 147971.0 403.55615234375 1
4.111207140745766 1.170088787430009 1.170088787820551 = 1.0 @ 146804.0 534.209716796875 1
2.193280051066533 0.6242284342148023 4.111207142146568 = 1.0 @ 130545.0 2454.9208984375 1
2.1932800544655593 1.1700887875938535 7.7062772485739135 = 1.0 @ 122466.0 702.739013671875 1
1.1700887880940265 7.706277249269425 0.6242284336066121 = 1.0 @ 110911.0 2021.169189453125 1
2.1932800481822974 4.111207141795667 0.3330184351626702 = 1.0 @ 85066.0 1974.97509765625 1
1.105083112901144 1.1297397921594081 2.2216068775356446 = 0.9239582608502919 @ 81981.0 2327.7861328125 1
0.6196343748099249 1.1783230438888834 8.302335831307422 = 0.9099638971439055 @ 70986.0 3574.327392578125 1
7.734963771178824 7.71223191401072 0.6240571511487925 = 0.9997587361962519 @ 68433.0 3863.292724609375 1
1.170088785962663 0.6242284343424178 4.11120714048826 = 1.0 @ 64960.0 327.048095703125 1
0.6242490285133372 4.1111746604709944 4.111245291543182 = 0.9999999793833683 @ 62757.0 576.683837890625 1
0.33320685277952833 7.601567158000147 7.69623333805967 = 0.9968517798765193 @ 53428.0 1645.954833984375 1
0.33301843507425605 7.7062772516791345 1.1700887882435453 = 1.0 @ 42227.0 116.9755859375 1
1.1700887880913378 0.624228434305528 7.706277261960296 = 1.0 @ 35600.0 869.20458984375 1
0.6150360592144909 8.017357472737313 4.137977622870989 = 0.9698743058016088 @ 18291.0 2843.68115234375 1
1.1700906121928243 7.706208408119724 2.193278770628672 = 0.9999999986234949 @ 16284.0 3075.089111328125 1
0.6242689918114385 1.1691351996790662 7.664542269308338 = 0.9994974787708203 @ 13899.0 3343.727294921875 1
7.706277252285339 0.6242284341632007 1.170088787735238 = 1.0 @ 2838.0 890.41845703125 1
