2.1932800501208134 7.706277266238995 4.1112071489462 = 1.0 @ 398828.0 107.082763671875 1
4.111207139771675 7.7062772525399925 7.706277251048483 = 1.0 @ 398030.0 195.6474609375 1
4.111207141769167 7.706277266939028 4.11120714843537 = 1.0 @ 397213.0 284.690673828125 1
7.7062772548866185 7.706277265042132 7.706277244671623 = 1.0 @ 396410.0 372.23193359375 1
7.706277255366776 7.706277254709116 1.170088785937809 = 1.0 @ 395439.0 478.14453125 1
7.706277259401168 1.1700887874822232 1.1700887875807544 = 1.0 @ 394300.0 606.41845703125 1
7.706277255164775 2.193280049454823 4.111207140812863 = 1.0 @ 393399.0 704.431884765625 1
7.706277250440979 4.1112071433302075 1.1700887868924954 = 1.0 @ 392526.0 799.365966796875 1
2.1932800497830334 0.6242284342469703 2.193280050111708 = 1.0 @ 390645.0 1023.943603515625 1
0.6242284334966567 7.7062772528835985 2.193280049893768 = 1.0 @ 388694.0 1241.34375 1
1.1700852721672454 2.1932761580451143 7.706302961777477 = 0.9999999996116238 @ 387373.0 1385.625 1
1.1700887869997376 1.1700887858818707 0.6242284334438315 = 1.0 @ 386332.0 1502.685546875 1
4.11120714581406 2.193280048759583 2.193280048296937 = 1.0 @ 385417.0 1603.068359375 1
7.706277265561751 4.111207137794168 7.706277265923293 = 1.0 @ 383718.0 1794.002197265625 1
1.1700887870477759 2.193280047324734 4.11120714446706 = 1.0 @ 380227.0 2185.53857421875 1
2.193280048435996 4.111207146331145 4.11120714377097 = 1.0 @ 377674.0 2469.70166015625 1
0.6242284330667239 0.6242284338413285 7.706277268679901 = 1.0 @ 376675.0 2579.063232421875 1
1.170088788083778 7.706277262121561 2.1932800506628936 = 1.0 @ 375704.0 2686.776123046875 1
7.706277267636454 7.706277242592377 2.193280048276407 = 1.0 @ 373753.0 2903.100341796875 1
4.111207142342278 2.193280047430744 1.170088787125212 = 1.0 @ 371872.0 3116.0498046875 1
7.706277258257179 7.706277255188111 4.111207142491401 = 1.0 @ 370103.0 3311.648681640625 1
4.111207140782092 4.111207142023373 2.193280053002783 = 1.0 @ 369216.0 3413.58935546875 1
4.11120714945274 2.1932800516173963 7.706277249277788 = 1.0 @ 368273.0 3517.597412109375 1
7.706277258703582 1.170088785900604 7.706277255039877 = 1.0 @ 366602.0 3702.220703125 1
4.142983614181703 7.594221854042555 0.3329201481393388 = 0.9954415377492043 @ 363153.0 4079.826416015625 1
7.698271631505795 0.6241074101074021 7.714313520836916 = 0.9999632626968884 @ 355728.0 4914.94873046875 1
4.111207135809602 7.706277254894683 2.193280051508438 = 1.0 @ 354855.0 5012.197998046875 1
2.193280050168923 7.7062772466589475 7.706277251950928 = 1.0 @ 353744.0 5133.163818359375 1
1.1700887868520118 0.6242284340804103 4.111207148931824 = 1.0 @ 352703.0 5248.238037109375 1
7.706277251767353 4.1112071435457604 4.111207145347028 = 1.0 @ 350826.0 93.886474609375 1
7.706277267316339 2.19328004744122 7.706277247567418 = 1.0 @ 349883.0 197.675048828125 1
7.751074646183396 7.5624979264056105 0.623914333212513 = 0.9935416534249923 @ 349696.0 218.9560546875 1
4.111207145805411 1.1700887878790764 4.111207136063597 = 1.0 @ 347829.0 429.734375 1
1.170112992515928 7.706244331017961 7.706600177733832 = 0.9999999632996404 @ 347362.0 481.519287109375 1
2.1932891337178124 4.1112129796923504 2.1932736027900988 = 0.9999999995365239 @ 346895.0 534.139404296875 1
4.111207146175565 4.111207138136258 7.706277264913982 = 1.0 @ 346050.0 627.6875 1
7.719113431697997 0.33300311562779716 4.107370037295499 = 0.9999392695043086 @ 344099.0 841.167724609375 1
4.111207147548774 2.193280052457769 0.6242284327782922 = 1.0 @ 341112.0 1175.730712890625 1
4.111138144289592 1.1700717302309047 7.70635976808917 = 0.9999999898528338 @ 340645.0 1228.19873046875 1
2.1932800503158827 4.111207138729321 7.706277256733574 = 1.0 @ 339744.0 1328.823974609375 1
1.1700887878319999 4.1112071415464975 4.111207143814093 = 1.0 @ 337149.0 1626.4326171875 1
7.633255898409732 7.75077224406923 0.3340440831234856 = 0.9977805223543792 @ 336612.0 1687.69580078125 1
1.1700887861766172 7.706277268670496 4.111207146645235 = 1.0 @ 335291.0 1835.037841796875 1
2.2023822186443747 4.247358925102756 1.1525862199899959 = 0.9783998751913228 @ 335104.0 1856.04345703125 1
7.7062772430215105 2.193280048893246 1.1700887877299908 = 1.0 @ 334189.0 1956.84228515625 1
4.111224108915411 4.1111896563652115 4.111202501369702 = 0.9999999993933977 @ 332140.0 2185.977294921875 1
7.706277269385952 2.1932800516749418 2.1932800496966722 = 1.0 @ 330357.0 2386.066650390625 1
7.706277257598504 1.1700887889007932 4.111207140806572 = 1.0 @ 328406.0 2603.28173828125 1
1.170088788643131 7.706277246974389 1.170088788147954 = 1.0 @ 327421.0 2712.273681640625 1
2.1932800489240747 1.1700887883835605 7.7062772625673555 = 1.0 @ 326296.0 2841.754638671875 1
7.386923231867664 7.850632058203846 0.6206416137112991 = 0.9643104389281758 @ 322259.0 3290.01708984375 1
0.6242284341103516 4.111207140099534 1.1700887859491749 = 1.0 @ 320476.0 3487.277099609375 1
4.111207146187544 4.111207141642166 1.1700887879662407 = 1.0 @ 311445.0 413.8125 1
7.706277262165503 4.111207143791041 2.1932800526281944 = 1.0 @ 310474.0 521.539794921875 1
1.17008878681278 2.1932800541334774 1.1700887871286079 = 1.0 @ 307935.0 808.843994140625 1
4.111207143328357 7.7062772684823235 1.1700887864772815 = 1.0 @ 306992.0 913.712646484375 1
0.6208309522432726 4.1352984575031115 7.742896762266132 = 0.998560403373022 @ 306791.0 936.29833984375 1
1.1700892424452407 1.1700883628381937 4.111207941636391 = 0.999999999994656 @ 297602.0 1973.485595703125 1
1.1700950040031868 4.111200094793736 7.706314549041902 = 0.9999999990902724 @ 292375.0 2563.21728515625 1
2.192949347009552 7.714356942829995 1.170475737841229 = 0.9999794972936922 @ 290746.0 2742.883056640625 1
1.1700887890340599 1.170088786707078 2.1932800498226084 = 1.0 @ 288795.0 2960.01416015625 1
0.6308589307125954 7.573479823342044 8.004285463940667 = 0.9694112451521174 @ 287222.0 3145.3115234375 1
0.34275432487945 7.294338783081686 7.525483120879984 = 0.9278585519315936 @ 287222.0 3145.3115234375 1
0.6245143808674006 2.195325335788972 7.678449841875221 = 0.999763938249483 @ 283926.0 209.59912109375 1
2.1924214780889226 0.6272099867268731 1.1770221287405058 = 0.9990375233581388 @ 276753.0 1016.078857421875 1
2.1932800508347974 2.1932800524562293 1.1700887872333385 = 1.0 @ 272058.0 1548.508056640625 1
1.1700887887962053 4.111207148211246 0.6242284342697965 = 1.0 @ 265557.0 2282.3349609375 1
1.170088788499221 4.111207141148082 2.19328004729671 = 1.0 @ 259868.0 2925.786865234375 1
4.111207145085782 1.1700887880175666 1.1700887867468608 = 1.0 @ 254837.0 3498.48046875 1
7.706277260309256 0.3330184358223924 7.7062772557231085 = 1.0 @ 251028.0 112.237060546875 1
2.148427197338143 0.633510790768064 7.801945293728956 = 0.9867513598521409 @ 250939.0 122.40673828125 1
2.1932397451574346 7.70626212967104 2.193335100751667 = 0.9999999838078015 @ 250108.0 215.662353515625 1
0.3358416153249054 7.86406692670867 7.687892325821705 = 0.9918943117745287 @ 249949.0 234.0244140625 1
0.624228434785975 1.1700887885237004 4.111207138519687 = 1.0 @ 228664.0 2618.689697265625 1
2.351069696511114 2.1283038071552394 0.3315992270705974 = 0.9074801777821375 @ 222961.0 3255.32177734375 1
7.706277259234156 0.33301843541743475 2.1932800495958675 = 1.0 @ 217678.0 3851.45947265625 1
2.193692519524066 7.701057687090079 0.624137783490431 = 0.9999914080811181 @ 203705.0 1107.380126953125 1
7.872326940049078 0.6284467710381205 4.123464176266568 = 0.9915506287590317 @ 203476.0 1134.819580078125 1
0.6241811756941718 4.109751256242255 4.11220175613116 = 0.9999968383960853 @ 166431.0 1099.419677734375 1
2.193280051160062 2.193280052649408 4.111207140938463 = 1.0 @ 164564.0 1306.234375 1
7.646736893516231 1.168508281374422 2.1894380104611715 = 0.9989161729950173 @ 154717.0 2410.032470703125 1
4.111207137483295 2.193280051044098 4.11120714104115 = 1.0 @ 146312.0 3349.96728515625 1
7.706277267803356 0.6242284337641975 1.1700887880139896 = 1.0 @ 143493.0 3666.006103515625 1
2.1932800501776564 2.1932800478260157 2.193280049918713 = 1.0 @ 142564.0 3768.177001953125 1
1.1700887886116313 1.1700887876883814 7.706277254058668 = 1.0 @ 135381.0 205.64111328125 1
4.044704323672646 0.6104999022395625 7.584660156599988 = 0.9831602070216658 @ 112150.0 2816.296142578125 1
1.1700887894258818 0.6242284338524493 7.706277245168006 = 1.0 @ 109289.0 3135.020751953125 1
7.706277257226005 2.1932800518621653 0.333018435716165 = 1.0 @ 104052.0 349.64306640625 1
1.1719736933647165 7.641547308300271 0.6252506694503682 = 0.9987270488810238 @ 101527.0 625.87109375 1
7.706277254762191 0.6242284335112697 2.1932800515077093 = 1.0 @ 98764.0 929.520751953125 1
0.3330184356242997 4.1112071432871655 2.1932800518508766 = 1.0 @ 90821.0 1823.815673828125 1
0.624472495288253 7.751631551313058 4.103420172042448 = 0.999363799982592 @ 81688.0 2842.364013671875 1
2.149209694721078 1.134106666714283 4.067886034925937 = 0.9751602185688809 @ 71547.0 3986.078857421875 1
4.107259062811473 7.703330258547152 0.6242991159798637 = 0.9999819631078135 @ 67496.0 4430.213134765625 1
4.111207137181209 1.170088787586161 2.1932800526142473 = 1.0 @ 53159.0 326.279052734375 1
7.7064589876309775 4.111214171794341 0.6241830488863694 = 0.9999999025752018 @ 48982.0 800.718017578125 1
0.6242284341640839 1.17008878664666 1.1700887883753075 = 1.0 @ 47913.0 919.198974609375 1
2.1932800473961467 2.19328005074758 7.706277266711752 = 1.0 @ 38290.0 1998.117431640625 1
2.205889758750402 7.906383630156627 0.33669261969260234 = 0.9865548714486434 @ 25965.0 3381.566162109375 1
4.044161970685335 4.10067773223619 0.3301974342711603 = 0.9941892507336001 @ 21190.0 9.24072265625 1
4.182163935240736 4.065429546644861 0.6247125666277173 = 0.9930340055850617 @ 21190.0 9.24072265625 1
