2.193280050723154 7.706277250219386 4.1112071492417845 = 1.0 @ 399010.0 87.62353515625 1
7.733408002031602 0.6241936317868558 7.6830552418895754 = 0.9996423291233478 @ 396952.0 316.856201171875 1
7.706277259544782 7.70627725548104 2.193280051858675 = 1.0 @ 396009.0 422.689697265625 1
7.706277248131034 4.1112071449087155 1.1700887878129087 = 1.0 @ 395122.0 520.33984375 1
4.111207142140716 7.706277259940853 4.11120714195971 = 1.0 @ 394235.0 617.064208984375 1
7.706277249654411 7.706277254403583 7.706277252002606 = 1.0 @ 393460.0 701.929443359375 1
2.193280047339715 1.170088788429027 7.706277260172927 = 1.0 @ 392377.0 821.328369140625 1
7.7062772567998845 2.1932800503244403 7.706277263206087 = 1.0 @ 391532.0 913.8134765625 1
4.111207135697081 2.1932800489060202 4.111207138170666 = 1.0 @ 389777.0 1109.73046875 1
2.19328005096391 4.111207137812864 1.1700887888474925 = 1.0 @ 388764.0 1227.373291015625 1
0.6242284332015146 4.111207140330951 2.1932800531590897 = 1.0 @ 386855.0 1441.148193359375 1
7.706277266540547 7.70627725266114 4.111207139329942 = 1.0 @ 386024.0 1532.744873046875 1
7.706277262784107 7.706277265343217 1.1700887867412502 = 1.0 @ 385151.0 1629.279296875 1
2.193280048702325 4.11120714218052 7.706277263577477 = 1.0 @ 382752.0 1893.2470703125 1
2.193280051089967 2.1932800533682535 2.1932800502123526 = 1.0 @ 381837.0 1994.43994140625 1
4.111207148448998 4.111207140263678 4.111207146740517 = 1.0 @ 380894.0 2098.235107421875 1
7.544880224055343 1.1718038870577063 1.1688415791902558 = 0.9925064574998039 @ 378019.0 2413.7412109375 1
7.706277264589768 4.1112071423269185 7.70627726728552 = 1.0 @ 377188.0 2506.38037109375 1
4.111207145555651 4.111207144061469 7.706277252345085 = 1.0 @ 374439.0 2810.8408203125 1
1.1700887867271637 4.111207138991765 7.706277255165629 = 1.0 @ 371788.0 3101.5263671875 1
4.111207147223988 4.1112071456557935 1.1700887871283778 = 1.0 @ 368367.0 3482.0908203125 1
7.706277252772419 4.111207142870747 4.111207138192808 = 1.0 @ 362860.0 4085.934326171875 1
4.111207143497092 7.706277248893571 7.706277243632229 = 1.0 @ 362029.0 4177.525634765625 1
7.706277241778153 2.1932800579460983 4.111207125660822 = 0.9999999999999994 @ 360176.0 4381.7548828125 1
2.1932800511074046 4.111207142036276 4.111207146634436 = 1.0 @ 358407.0 4578.277587890625 1
7.706277250232416 4.111207142640754 2.1932800504774876 = 1.0 @ 356624.0 4775.485107421875 1
2.193280048241098 7.706277261535982 7.706277252455402 = 1.0 @ 355681.0 4879.44921875 1
4.111207143998003 1.1700887882567164 7.706277252542979 = 1.0 @ 354682.0 4989.583251953125 1
2.1932800482302612 7.706277256850816 1.1700887880687938 = 1.0 @ 350789.0 109.220703125 1
4.111207145906007 7.706277268281182 2.1932800513853166 = 1.0 @ 349916.0 204.95654296875 1
1.1984995276709252 7.621202852281876 7.792849053415007 = 0.986323750790693 @ 349701.0 229.464111328125 1
7.697055163601396 0.6241596968563023 1.168254472317167 = 0.9999348780712674 @ 349346.0 267.95068359375 1
4.111207141153007 7.706277268315575 1.1700887855428204 = 1.0 @ 347479.0 473.226318359375 1
0.6242284342335617 2.1932800500041485 7.706277249609741 = 1.0 @ 345584.0 683.69384765625 1
2.1932800542754727 0.6242284343903888 7.70627725912662 = 1.0 @ 344095.0 849.0693359375 1
2.193280052686253 2.1932800512121537 7.706277245346857 = 1.0 @ 340296.0 1276.111083984375 1
4.111207143283188 7.706277245028567 0.6242284339006062 = 1.0 @ 338891.0 1430.7919921875 1
0.33208187020472385 4.06348296533181 7.800187477028759 = 0.9951559213585188 @ 337164.0 1623.88671875 1
0.6400632589784625 4.025751802175197 7.881468020954863 = 0.9738828380122269 @ 337164.0 1623.88671875 1
7.706277265355415 4.111207148020634 0.33301843490408095 = 1.0 @ 335978.0 1753.241943359375 1
7.662970079550041 0.6249684418342676 2.1961981615344275 = 0.9994179534153105 @ 331297.0 2268.694580078125 1
1.1704894923890605 7.804470015816422 1.1737072105579724 = 0.9971708710091236 @ 327134.0 2725.632568359375 1
4.111207140545815 1.170088787280436 0.6242284343286135 = 1.0 @ 325005.0 114.541015625 1
4.111207145825814 4.111207139430646 2.1932800535164017 = 1.0 @ 324076.0 217.1640625 1
2.193319770917621 7.706157376963529 2.1932084704937767 = 0.9999999727481184 @ 323329.0 301.6240234375 1
2.192809217874968 2.1955955871682464 0.3331244219003562 = 0.9999789874279774 @ 320020.0 666.893798828125 1
7.7199625333523105 2.193651157490398 0.6240946332775675 = 0.9999462902285153 @ 317663.0 927.4921875 1
4.111207142997228 2.1932800500068046 7.7062772632381575 = 1.0 @ 316496.0 1055.923583984375 1
4.111207143519803 0.6242284332818173 1.1700887890851686 = 1.0 @ 314755.0 1249.64453125 1
7.706277259369482 1.17008878575148 4.111207143217241 = 1.0 @ 312790.0 1465.019287109375 1
4.111207143848918 0.6242284332652376 4.111207141271088 = 1.0 @ 307143.0 2083.8046875 1
2.193280051989171 2.1932800495811575 4.111207139964574 = 1.0 @ 305332.0 2287.075439453125 1
7.741227993377937 2.193332942024396 1.1709923799060271 = 0.999648840593784 @ 305229.0 2298.7763671875 1
7.706249738815515 2.1932469806873898 2.1932866494756142 = 0.9999999958475212 @ 304020.0 2433.513427734375 1
0.673820533947513 7.679395706909149 7.75865885130944 = 0.9062807464655285 @ 303833.0 2454.837646484375 1
4.11120901212661 2.1933118160732463 1.1700855277031776 = 0.9999999963712793 @ 302485.0 2602.546875 1
1.170088787132595 2.1932800517319992 1.1700887878882493 = 1.0 @ 301472.0 2713.91064453125 1
2.197430963030793 0.6248396842539704 4.141901351846714 = 0.999002751646181 @ 294817.0 3454.156982421875 1
4.111207145414343 2.193280051782251 2.1932800514372026 = 1.0 @ 293482.0 3603.06298828125 1
4.111207143556533 1.1700887867127345 4.111207143356814 = 1.0 @ 292049.0 3761.67236328125 1
7.700045359120476 0.6340995000312014 4.084058297583854 = 0.9951634692896056 @ 291376.0 16.70703125 1
2.193280050603534 4.111207143981147 0.624228433590644 = 1.0 @ 290293.0 137.1845703125 1
7.706277251236298 1.1700887868689314 2.193280048159771 = 1.0 @ 289322.0 244.302001953125 1
2.181632528674188 3.992990268314348 2.134098439276192 = 0.9730473013749719 @ 288659.0 321.533203125 1
1.1701406649717259 2.1932248277368163 4.111288923128641 = 0.9999999500788059 @ 287296.0 477.957275390625 1
1.170088788467359 4.111207148530426 2.1932800486862587 = 1.0 @ 285541.0 674.621826171875 1
2.1932452242387765 2.1932351041036493 1.170114796970828 = 0.9999999805632318 @ 285074.0 725.740234375 1
2.1932256572738273 1.1701018513724029 2.193275738741919 = 0.9999999876070702 @ 283347.0 922.95654296875 1
7.535046594927892 1.2299662847898387 7.694129505909815 = 0.9509211799209583 @ 282474.0 1023.378173828125 1
2.1993902437077124 0.6255004273357936 2.212332118120426 = 0.9985559640959145 @ 282189.0 1055.552734375 1
1.0924663870990696 7.674639224909446 4.249659682411216 = 0.9061069859496655 @ 280700.0 1221.61767578125 1
0.640578678010862 7.492835844956205 1.2377765241221752 = 0.9245220764418913 @ 273919.0 1992.786376953125 1
1.1750652182916534 0.6259462612902517 7.975834559979882 = 0.9800663266712182 @ 270824.0 240.897216796875 1
1.1700887965041356 2.1932800875998657 7.706277346854883 = 0.999999999999992 @ 265471.0 835.631591796875 1
2.1932800512525636 1.1700887880132433 4.11120713911791 = 1.0 @ 261140.0 1315.34326171875 1
4.10674276941899 0.6241491418213176 7.724545061082167 = 0.9998866274051734 @ 240751.0 3598.01513671875 1
7.670206314945609 7.717267425858959 0.6242199506046172 = 0.9995993463375812 @ 238716.0 3821.395751953125 1
1.1605258951073947 1.1747399301850323 7.894789350873207 = 0.9889285775484864 @ 233531.0 4393.968994140625 1
0.6242284334025675 7.7062772587700294 2.193280052486385 = 1.0 @ 230632.0 104.625732421875 1
1.170093774161098 7.7062897185985015 2.1934173175905594 = 0.9999999343760184 @ 223291.0 922.059326171875 1
0.32716492759502025 7.734590885321179 7.806849524136475 = 0.9917501931093722 @ 213122.0 2059.642822265625 1
0.6242284334278728 7.70627725009362 4.111207138486631 = 1.0 @ 207294.0 2719.97607421875 1
1.1697199081084697 4.115162238830782 4.110081798241109 = 0.9999816838995443 @ 200489.0 571.9267578125 1
4.111207148058421 1.1700887870394816 1.1700887883032527 = 1.0 @ 187464.0 2032.525634765625 1
7.7062772620236 4.1112071440337505 0.6242284332285469 = 1.0 @ 172273.0 1093.99365234375 1
7.706277261734572 1.1700887864830292 0.6242284328713791 = 1.0 @ 153914.0 3128.910400390625 1
4.111207138291169 4.111207149992811 0.6242284334900661 = 1.0 @ 153069.0 3222.20458984375 1
0.6242284337132292 2.19328005337307 2.1932800476875567 = 1.0 @ 149186.0 3651.326904296875 1
1.1700887875801775 2.193280048316274 2.193280050927982 = 1.0 @ 145009.0 4113.545654296875 1
1.1700887876741006 0.33301843520889934 1.170088787722268 = 1.0 @ 142904.0 4344.14892578125 1
0.3330184351984618 7.706277249239845 1.1700887869495515 = 1.0 @ 141821.0 4463.547607421875 1
0.6242284335872947 4.111207148100632 4.111207142290236 = 1.0 @ 136430.0 568.421875 1
4.1112071426580785 0.6242284329230585 2.1932800478334404 = 1.0 @ 96949.0 669.555419921875 1
0.6242651508251659 0.624126936292909 7.698362281733197 = 0.9999819021157829 @ 89384.0 1505.01123046875 1
0.6205147304782584 1.2149646190820593 7.712866431183701 = 0.9760649484733961 @ 89267.0 1519.221435546875 1
7.706008103766259 7.706433153365894 0.33302010733168386 = 0.9999999724276764 @ 63072.0 272.728515625 1
0.3396654582566867 3.9740112598133086 2.233340281194824 = 0.9690500167269296 @ 57481.0 904.497802734375 1
2.19328005139223 1.170088789210913 1.1700887893295875 = 1.0 @ 43812.0 2427.858154296875 1
0.3335826532351859 7.570251401870336 4.133721867445604 = 0.9941832126861347 @ 40055.0 2845.231689453125 1
2.1923004528178165 0.6240858994240431 1.1703350296850823 = 0.9999950666524733 @ 30254.0 435.55224609375 1
2.193280000420946 7.706276605665105 0.333018425336284 = 0.999999999999857 @ 21905.0 1365.5859375 1
0.6242113451291725 1.169974345718009 4.113368084377286 = 0.9999952258459206 @ 18792.0 1712.11279296875 1
4.111209387254205 1.1700882699076505 2.193281094956975 = 0.9999999999879939 @ -11.0 330.2177734375 1
