4.111207138968347 4.111207140450178 7.706277249793472 = 1.0 @ 399024.0 84.93212890625 1
2.1932800496799674 7.70627725535702 2.193280047099875 = 1.0 @ 398100.0 186.6796875 1
7.706277258815161 7.706277257322901 7.70627724586562 = 1.0 @ 397311.0 272.95361328125 1
7.7062772538112885 2.1932800510461523 7.70627726059479 = 1.0 @ 396382.0 373.95654296875 1
7.706277251714357 4.1112071386581395 7.706277254645963 = 1.0 @ 395565.0 465.805419921875 1
7.706277268028727 1.1700887892703955 7.706277249735003 = 1.0 @ 394608.0 571.276611328125 1
4.12120265938201 4.118226301274283 0.333150738196666 = 0.9998505966501101 @ 392433.0 806.734130859375 1
7.706277261237205 7.706277255383033 4.1112071494599105 = 1.0 @ 389950.0 1081.18212890625 1
7.706277259767845 7.706277252394648 1.1700887873928536 = 1.0 @ 389049.0 1179.584228515625 1
0.6242284333617295 7.706277255773108 0.6242284338785827 = 1.0 @ 385390.0 1576.929443359375 1
4.111207142250815 7.706277254614677 4.111207142954441 = 1.0 @ 384531.0 1673.54296875 1
2.193280050368305 7.706277253581285 7.706277249093511 = 1.0 @ 383658.0 1772.4462890625 1
7.706277254035377 4.111207137986082 4.111207141511788 = 1.0 @ 381987.0 1955.40966796875 1
4.111207146053303 1.1700887865660599 2.193280054012489 = 1.0 @ 380120.0 2163.80078125 1
2.193280049876916 1.1700887873520636 7.706277245759898 = 1.0 @ 374851.0 2738.787353515625 1
7.706277252798429 7.706277261500156 2.1932800529819683 = 1.0 @ 373992.0 2832.625244140625 1
4.1112071390851925 7.706277248802946 7.7062772489389735 = 1.0 @ 370655.0 3202.373291015625 1
4.111207146430372 1.170088786940967 1.1700887865252771 = 1.0 @ 369698.0 3311.965576171875 1
7.706277257512944 4.111207143410866 2.1932800513917776 = 1.0 @ 367117.0 3593.49267578125 1
4.111207124085813 2.193280050554993 2.1932800492796747 = 0.9999999999999996 @ 364676.0 3866.97607421875 1
0.6231120981798777 1.169888211302204 7.728092453455197 = 0.999812938742122 @ 362319.0 4130.46728515625 1
0.6242284327991415 4.111207143102263 7.7062772505263135 = 1.0 @ 358548.0 4545.77294921875 1
4.11120714057259 2.193280051888463 4.111207144518621 = 1.0 @ 356653.0 4751.626220703125 1
7.7062772636383965 1.1700887859477263 4.111207137168474 = 1.0 @ 352070.0 5251.185302734375 1
1.1700887881698727 2.193280052447097 1.1700887867043592 = 1.0 @ 349143.0 103.81298828125 1
7.706277249336517 4.11120713841087 1.170088785600947 = 1.0 @ 347864.0 247.983642578125 1
2.1933138711011333 1.1700705555124604 2.193233383368016 = 0.9999999844449203 @ 346501.0 400.37548828125 1
0.6242284339350187 2.1932800538788157 2.193280053279112 = 1.0 @ 345124.0 552.341064453125 1
2.193280049147288 4.111207143213492 4.1112071464401545 = 1.0 @ 343957.0 683.9697265625 1
4.111207146954274 4.11120713631902 2.1932800488018884 = 1.0 @ 343112.0 775.37890625 1
0.6242284341542694 4.1112071503530325 2.193280048275654 = 1.0 @ 342197.0 874.965087890625 1
7.706277261739871 2.19328005114764 4.1112071440581675 = 1.0 @ 340918.0 1018.8857421875 1
4.111269878549914 7.706311173887276 2.1932880602727898 = 0.9999999955739792 @ 339597.0 1162.885009765625 1
1.1700887884523614 7.706277248042089 4.111207136516804 = 1.0 @ 338192.0 1318.6337890625 1
1.1700887866445786 2.1932800519547446 4.1112071438063875 = 1.0 @ 335933.0 1575.762939453125 1
4.1112071434896915 4.111207141433761 1.1700887884674065 = 1.0 @ 332176.0 1990.275390625 1
1.1628599950142768 7.523062302431889 7.980031990275808 = 0.9696538165345656 @ 331709.0 2042.423095703125 1
1.1700830110214326 4.1111109341446275 1.1701147502928617 = 0.9999999822608672 @ 329184.0 2324.0400390625 1
4.111207141606112 7.706277250210697 1.170088789560712 = 1.0 @ 328255.0 2425.97998046875 1
7.706277254863125 2.1932800517334012 2.193280047072523 = 1.0 @ 325548.0 2728.889404296875 1
4.111065815440174 1.1700517824489598 4.111274653900537 = 0.999999959139376 @ 325081.0 2779.579833984375 1
7.706368482412048 7.706453609406731 0.6242360338741617 = 0.9999999864657718 @ 324166.0 2881.27099609375 1
7.7167904685075115 1.1707155490295402 1.169712303963983 = 0.9999625180585134 @ 320521.0 3282.2001953125 1
0.6247697017139829 7.721882854930214 2.1948040874885195 = 0.9999112315461727 @ 318364.0 219.97021484375 1
2.19328005153505 4.1112071452487555 7.706277256226525 = 1.0 @ 317463.0 318.41845703125 1
2.1935443983192013 7.703555447227547 0.6242430666420816 = 0.9999976689320056 @ 315358.0 554.427734375 1
1.169828890721039 0.6240410160829976 7.713013598259671 = 0.9999849506586955 @ 313099.0 802.748046875 1
4.111207142710452 4.111207138710827 4.111207146251159 = 1.0 @ 311624.0 967.934814453125 1
2.1932800523410103 2.193280049409103 7.706277262540137 = 1.0 @ 308175.0 1353.1171875 1
2.193280049797372 4.111207148386876 1.1700887865267948 = 1.0 @ 307232.0 1456.59765625 1
2.1934916751092355 2.1933755246696856 4.111942522411382 = 0.9999992801134636 @ 306793.0 1504.343994140625 1
1.0954815415715091 4.050836814789722 2.1498321754663436 = 0.9199403368342283 @ 302476.0 1990.287109375 1
1.1700887842006742 4.111207169935229 7.706277216683317 = 0.9999999999999987 @ 299517.0 2318.06884765625 1
1.1365793105639284 1.1114883565092994 4.240550557955617 = 0.9271241765394069 @ 299050.0 2371.403076171875 1
4.111207143429953 2.193280051068816 7.706277258699995 = 1.0 @ 297729.0 2522.277099609375 1
4.111207142099923 2.1932800474655045 1.1700887876650554 = 1.0 @ 295764.0 2739.564453125 1
0.5923331158779986 7.663725183834183 7.5409912876635286 = 0.9468810844914388 @ 295171.0 2807.05517578125 1
1.2058104963555154 7.415713804607416 7.268311821724623 = 0.905273017503404 @ 295171.0 2807.05517578125 1
1.1700887855732196 2.1932800506980414 0.6242284324598502 = 0.9999999999999999 @ 294069.0 2931.4404296875 1
0.6242284343899257 7.706277259261372 4.1112071466730375 = 1.0 @ 289724.0 3412.640625 1
1.1700887887618314 7.7062772630767675 2.193280049756366 = 1.0 @ 282247.0 721.3916015625 1
7.706277256368642 0.6242284335676018 4.111207148937512 = 1.0 @ 277818.0 1214.041748046875 1
2.1932800509465507 7.706277245524898 4.111207146800752 = 1.0 @ 271919.0 1878.55859375 1
8.056575953386202 0.6122362088996868 7.2922799535945755 = 0.9118111257004813 @ 267700.0 2348.2119140625 1
7.706277242491411 0.6242284340844988 1.1700887873155439 = 1.0 @ 256527.0 113.1484375 1
7.240539899459952 2.203864328089197 0.6163840122250979 = 0.9342523922369237 @ 252980.0 512.2001953125 1
7.366093829457195 2.1791862358950835 1.1101369915473025 = 0.9208559669187613 @ 252980.0 512.2001953125 1
1.141850186515979 7.40939700258123 0.6421260606157947 = 0.9514785014165934 @ 252872.0 523.808837890625 1
2.193280051396525 0.6242284332850758 2.1932800522904787 = 1.0 @ 251873.0 633.987548828125 1
4.1112071435899304 1.1700887873426706 0.6242284335040632 = 1.0 @ 249250.0 924.674072265625 1
1.1446499779003023 2.1759723342682866 8.128981886162629 = 0.9445261527661044 @ 243085.0 1620.318359375 1
2.193280053801094 4.111207141211458 0.6242284344210042 = 1.0 @ 238544.0 2128.475341796875 1
7.706355009182937 1.1700708918560996 2.1932891655099715 = 0.999999994116895 @ 237321.0 2263.23779296875 1
1.1700887870145884 2.1932800494242515 2.1932800473903344 = 1.0 @ 234656.0 2563.4658203125 1
4.111207142401083 0.6242284332591673 1.1700887878373483 = 1.0 @ 232607.0 2792.145751953125 1
1.1700887864813634 4.111207144694274 4.111207136732474 = 1.0 @ 222148.0 978.865234375 1
4.100290866113925 7.6741004220785465 0.6073380708624961 = 0.9871280799716364 @ 203971.0 3007.732177734375 1
4.093159156274859 7.726664300073946 0.3561874766409877 = 0.9269639216554114 @ 203971.0 3007.732177734375 1
0.6231017396909075 0.3337764542836105 2.2138815286369464 = 0.9984037356162991 @ 196461.0 259.822509765625 1
7.706277270115266 4.1112071472444836 0.6242284337223223 = 1.0 @ 194580.0 465.94873046875 1
2.1932817175412955 1.170081043431264 4.111201854140316 = 0.999999999232744 @ 186945.0 1325.12890625 1
1.170088786366814 1.1700887876901633 1.170088788311412 = 1.0 @ 182488.0 1814.71435546875 1
7.7062772516982205 1.170088786455525 0.6242284338738101 = 1.0 @ 181013.0 1982.272216796875 1
1.1700887882655497 1.1700887866073861 2.1932800488091098 = 1.0 @ 178110.0 2305.1279296875 1
4.111028276796678 1.1700873659812505 7.706777517724125 = 0.999999898196023 @ 172575.0 2913.945068359375 1
0.33303079888184645 4.107620025034921 1.1705452804797147 = 0.9999847420251039 @ 168076.0 3423.302490234375 1
7.7681689583909055 0.6241262027251079 2.18784098608681 = 0.9988309070846237 @ 163157.0 3973.24609375 1
7.706277261609326 4.111207140462559 0.333018435136786 = 1.0 @ 160590.0 4257.88818359375 1
0.3332282699249703 7.6800669705717475 1.169696284777809 = 0.9997980737914951 @ 109885.0 2365.5625 1
4.110355852473726 0.6242049422016533 7.70491924257297 = 0.9999987439839313 @ 101956.0 3261.534423828125 1
2.1935768376646227 1.1700590011712397 1.1702213008802838 = 0.9999994703269051 @ 89733.0 577.538330078125 1
4.1112071387732145 0.6242284335561893 2.193280052454596 = 1.0 @ 87978.0 772.8447265625 1
0.6242284333787463 4.111207136991598 4.111207144759033 = 1.0 @ 83241.0 1306.61328125 1
4.111207146129108 0.6242284335404739 4.1112071397173855 = 1.0 @ 81332.0 1516.82080078125 1
1.1700887858549731 4.111207144224317 0.6242284335180578 = 1.0 @ 72969.0 2452.67333984375 1
2.1932800524825544 4.1112071475969945 2.1932800517390647 = 1.0 @ 66594.0 3158.215087890625 1
4.111207140836416 4.111207140078251 0.6242284334780739 = 1.0 @ 53993.0 716.55810546875 1
4.229580036232111 0.3218714603002081 2.2751431151345587 = 0.9453966770662998 @ 39526.0 2345.8173828125 1
7.707962810821446 2.1933270633867425 0.33306690560746344 = 0.9999988421560249 @ 3283.0 120.76025390625 1
0.3329642549323591 1.169574126308586 4.109600679145847 = 0.9999937871333884 @ -12.0 492.6240234375 1
