-0.8003211010125988 -1.425128429813641 = 186.7309088310239 @ 199152.0 82.50390625 1
4.858056874243738 5.482864203672142 = 186.73090883102387 @ 197856.0 227.663330078125 1
-0.8003211019720292 -7.708313736263866 = 186.73090883102392 @ 188911.0 1244.908447265625 1
-1.425128429226063 -0.800321100376594 = 186.7309088310239 @ 186842.0 1477.04296875 1
5.482864206134549 -7.708313734443179 = 186.73090883102392 @ 186177.0 1550.826171875 1
-7.083506408288743 4.858056877698248 = 186.73090883102392 @ 185560.0 1623.319580078125 1
4.858056880229613 -7.083506408690846 = 186.7309088310239 @ 179843.0 2290.50439453125 1
5.482864206344956 4.8580568769780985 = 186.73090883102392 @ 179058.0 2379.660400390625 1
-7.0835064091976685 -7.708313733619169 = 186.73090883102392 @ 174881.0 78.86376953125 1
-7.70831373514636 -0.8003210991522668 = 186.73090883102392 @ 173820.0 199.6630859375 1
-1.4251284286001673 -7.083506408903121 = 186.7309088310239 @ 171631.0 454.093017578125 1
4.858058577896248 -0.8003197705802582 = 186.73090882038747 @ 165542.0 1140.80908203125 1
-7.708313131114929 5.482866210467321 = 186.73090882129983 @ 163653.0 1359.130126953125 1
-7.083507069347031 -1.4251288760820615 = 186.73090882958897 @ 159368.0 117.53662109375 1
-0.8003218194191446 4.858055660471087 = 186.73090882642174 @ 158991.0 160.648681640625 1
-7.708310262684239 -7.083507860893732 = 186.73090879824775 @ 158614.0 203.81640625 1
-1.4251294964883185 5.48286501634186 = 186.73090882691602 @ 157517.0 331.692138671875 1
5.482863944401608 -1.4251285206071387 = 186.73090883085192 @ 148236.0 1400.55224609375 1
