0.16287607226983467 3.781509972575536 = -4.215149930912063e-20 @ 199284.0 185.433349609375 1
-1.481471535908964 3.6740226851265203 = -9.894075662680143e-21 @ 196356.0 1107.861572265625 1
-0.4996950653825767 -4.012597084801949 = 0.0 @ 192931.0 2186.572265625 1
4.141256933495993 2.4770118095920046 = 0.0 @ 187790.0 3803.825439453125 1
-2.1849843511337554 1.6870539388189705 = 0.0 @ 178149.0 6832.91943359375 1
-3.3951128663756007 -3.317306769159357 = -1.6913142032636112e-09 @ 172172.0 607.058349609375 1
-0.49969522423620805 -4.012597091082001 = -0.017921334310571455 @ 160323.0 4603.38671875 1
-0.4996951935150692 -4.012596926416659 = -0.03249225915481051 @ 160323.0 4603.38671875 1
1.7577435909368626 1.5957372542379944 = 0.0 @ 139833.0 1888.308837890625 1
-2.184984362153139 1.6870534004050213 = -0.03852445708753419 @ 111500.0 4830.93212890625 1
-2.18498414116125 1.6870526560168615 = -0.0904759615162703 @ 111500.0 4830.93212890625 1
-1.561544363356249 4.400020194838319 = -7.848276303822493e-09 @ 52016.0 3899.913818359375 1
