-0.8003211004364246 -1.4251284288782649 = 186.7309088310239 @ 199224.0 75.511474609375 1
4.8580568773344925 -0.8003211007281569 = 186.73090883102392 @ 198624.0 144.689208984375 1
-0.8003211002788174 -7.70831373537328 = 186.7309088310239 @ 197983.0 218.15576171875 1
-1.425128429527766 5.482864206099528 = 186.7309088310239 @ 197294.0 296.220458984375 1
5.482864205875347 -1.4251284290720123 = 186.7309088310239 @ 196569.0 380.548828125 1
-0.8003210991399308 4.858056879274274 = 186.73090883102392 @ 195904.0 457.514892578125 1
-7.708313737390737 -0.8003210998286275 = 186.7309088310239 @ 195203.0 537.074951171875 1
5.482864204985812 -7.70831373557216 = 186.73090883102392 @ 194538.0 613.16845703125 1
-7.708313736452935 -7.083506406450572 = 186.73090883102392 @ 193129.0 778.637451171875 1
-7.083506407400741 -7.708313736827142 = 186.73090883102392 @ 184148.0 1818.010986328125 1
4.858056877726712 5.482864206139821 = 186.73090883102392 @ 181923.0 2079.799072265625 1
5.482864204815398 4.858056879474629 = 186.7309088310239 @ 181030.0 2181.92138671875 1
-1.4251284284957495 -7.083506409379634 = 186.73090883102387 @ 178805.0 2443.244873046875 1
-7.083506407249595 -1.4251284255358008 = 186.7309088310239 @ 177948.0 2541.600830078125 1
-7.708313736797804 5.482864206839578 = 186.73090883102395 @ 176315.0 84.107666015625 1
4.858057850566684 -7.083504577295186 = 186.73090882141977 @ 173958.0 357.564453125 1
-7.083934479782559 4.857889876673204 = 186.7304388665167 @ 157757.0 30.1142578125 1
-1.4251284292958715 -0.8003211001627292 = 186.73090883102387 @ 137320.0 323.514404296875 1
