5.482864206185243 4.85805687864084 -0.8003211013910954 = 2709.0935055728282 @ 395328.0 538.982666015625 1
-7.70831373410555 -0.8003210993369857 -7.083506408204785 = 2709.0935055728287 @ 394236.0 668.0283203125 1
5.48286619549665 -0.8003221522958838 -1.4251256983399516 = 2709.0935051585448 @ 388575.0 1347.105712890625 1
-0.8003210997068185 -1.4251284274095128 5.482864207023878 = 2709.093505572828 @ 382746.0 2042.59375 1
-0.8003211004646087 5.482864206935793 4.858056879337235 = 2709.0935055728287 @ 378023.0 2609.95458984375 1
-7.083506408814177 5.482864206836458 -7.708313736511121 = 2709.0935055728282 @ 376968.0 2737.115478515625 1
-1.4251284289486654 -0.8003211003732886 -0.80032110073556 = 2709.093505572828 @ 374625.0 3015.9072265625 1
-7.083506407140044 -7.083506409396336 4.858056880124495 = 2709.093505572829 @ 368796.0 3714.575927734375 1
-0.8003210994864355 -1.4251284287384534 -0.8003210992757993 = 2709.093505572828 @ 351781.0 5745.219482421875 1
5.482864205761799 -7.708313735229849 5.482864207684726 = 2709.0935055728282 @ 350474.0 5901.46484375 1
-7.083506406425713 -7.083506409099499 -7.708313736812832 = 2709.0935055728282 @ 349307.0 6040.51953125 1
-1.4251284276254288 -0.8003211023948937 -7.083506406925836 = 2709.093505572828 @ 346894.0 6331.841796875 1
-7.083506409069487 -1.4251284285442263 5.482864207628317 = 2709.093505572828 @ 345671.0 6476.813720703125 1
-0.8003211011019432 -7.708313736433871 -7.083506408878276 = 2709.0935055728282 @ 340990.0 7035.820556640625 1
-7.708313736326053 5.482864207942551 5.482864206991583 = 2709.0935055728282 @ 334269.0 210.602783203125 1
5.482864142433137 -7.708313578371763 -0.8003215108582581 = 2709.093505566461 @ 333606.0 289.86767578125 1
-7.0835064068167855 -0.800321099786027 -1.4251284296677422 = 2709.093505572828 @ 329835.0 745.478271484375 1
-7.08350640632162 -1.4251284282505858 -0.8003211005127884 = 2709.093505572828 @ 328696.0 882.554931640625 1
4.858056879014606 -7.083506407251343 -7.083506406887903 = 2709.0935055728282 @ 322895.0 1575.064697265625 1
5.4828642092045206 5.4828642087177055 4.858056879990594 = 2709.0935055728282 @ 319292.0 2012.638671875 1
-7.083506409425528 -7.083506406223657 -1.425128428508024 = 2709.093505572828 @ 317551.0 2226.147705078125 1
-7.083506828053592 5.482865173237669 -1.4251290759970376 = 2709.093505523026 @ 312744.0 2798.19140625 1
-7.0835064055115184 -7.708313735335578 -0.8003211028317755 = 2709.0935055728282 @ 311381.0 2968.959228515625 1
-7.083506406228594 4.858056878128048 5.482864207112011 = 2709.093505572828 @ 304978.0 3742.183349609375 1
4.858056880283799 5.482864205001406 -7.083506404991937 = 2709.093505572828 @ 303699.0 3893.608642578125 1
-0.8003213112885608 -7.083506576202795 -1.4251284161695252 = 2709.0935055704867 @ 302910.0 3988.962890625 1
-0.800321100825059 5.482864208318417 -1.4251284298161433 = 2709.093505572828 @ 301575.0 4157.59765625 1
4.858056879106472 -0.8003211010982104 -7.083506407353314 = 2709.0935055728287 @ 300366.0 4302.889892578125 1
5.482864207647557 4.858056878605334 5.482864206920404 = 2709.0935055728282 @ 293627.0 5114.56396484375 1
-1.4251284284233274 5.482864206344749 -0.8003211005792856 = 2709.093505572828 @ 292460.0 5253.578857421875 1
-7.083506739193813 -0.8003205647348532 -7.708313498884363 = 2709.0935055582077 @ 291573.0 5366.627685546875 1
-7.083506409938616 4.858056880395944 -7.083506407263201 = 2709.0935055728282 @ 288100.0 398.379638671875 1
4.8580568801203245 -7.083506405367174 5.482864205125685 = 2709.0935055728282 @ 286947.0 535.91015625 1
-0.8003213487566417 -0.8003192265102298 4.8580566311711175 = 2709.0935054561896 @ 281608.0 1181.13916015625 1
-7.708313736808291 -7.08350640660407 -7.083506407103844 = 2709.0935055728282 @ 274827.0 2019.81201171875 1
-7.0835068054595975 -0.8003201940477754 4.858057029778565 = 2709.093505540642 @ 269740.0 2646.128662109375 1
4.858056878547709 -0.8003210990933951 -0.8003211002751021 = 2709.0935055728282 @ 266333.0 3059.9951171875 1
-0.800321024196169 -7.708313434573508 5.482864791262811 = 2709.093505558624 @ 257060.0 4192.291259765625 1
-0.8003211007085586 -0.8003210995033423 -1.4251284283651056 = 2709.093505572828 @ 254605.0 4490.03271484375 1
-7.708313735296207 -7.0835064077258085 -0.8003210997334211 = 2709.0935055728282 @ 249340.0 123.17236328125 1
-0.8003211000008645 4.858056878050201 -7.083506409882308 = 2709.0935055728282 @ 248257.0 253.3017578125 1
-7.70831373474771 5.4828642052120555 -0.8003211002485493 = 2709.0935055728282 @ 245872.0 540.474853515625 1
5.482862906009759 5.4828646779244865 -1.4251282929176827 = 2709.0935055108475 @ 241821.0 1032.158935546875 1
5.482864209298878 5.482864205918757 -7.708313731940055 = 2709.093505572828 @ 227746.0 2742.740234375 1
5.482864433443376 4.858057945031075 -7.083506264390193 = 2709.0935055320842 @ 220125.0 3672.489990234375 1
-0.80032109888832 5.482864205873446 -7.708313736654096 = 2709.0935055728282 @ 213414.0 4485.643798828125 1
-7.083507201013429 -7.708313991048524 -7.083506641534362 = 2709.093505548685 @ 212023.0 4654.08984375 1
4.858074829026365 5.482947518104446 5.482750402753507 = 2709.0928569288 @ 210338.0 4861.293212890625 1
-1.4251284299888147 -0.800321101131644 5.482864206470572 = 2709.093505572828 @ 204793.0 154.3994140625 1
4.858056877698035 -0.8003211004829499 5.482864205965326 = 2709.0935055728282 @ 203696.0 289.186767578125 1
-1.425128428092561 -7.083506406276031 -0.8003211000638527 = 2709.093505572828 @ 202515.0 430.382568359375 1
-0.8003211018814398 -0.8003211004065303 -7.70831373529372 = 2709.0935055728282 @ 196630.0 1143.1572265625 1
-7.083506406043627 -7.708313736751107 5.482864205840979 = 2709.0935055728282 @ 191767.0 1735.697509765625 1
5.482864205768577 -0.8003211020899766 4.858056879951201 = 2709.0935055728287 @ 189494.0 2011.875732421875 1
-0.800321100882087 -7.708313736103781 -0.8003210995804945 = 2709.0935055728282 @ 178569.0 3357.3369140625 1
5.482864206342235 -7.7083137351823705 -7.083506406890736 = 2709.0935055728287 @ 166384.0 4844.389404296875 1
5.482864205203451 -7.083506408030588 -1.425128427276948 = 2709.093505572828 @ 160555.0 5552.7578125 1
-0.8003210994891616 -7.0835064078233 -7.708313735426421 = 2709.0935055728287 @ 151104.0 295.794189453125 1
-0.800321099522551 -7.083506407487808 4.858056880633997 = 2709.0935055728282 @ 144015.0 1152.757568359375 1
5.482864206827425 -7.083506408356309 -7.708313736557377 = 2709.0935055728282 @ 104030.0 132.58740234375 1
5.482864206298 -0.8003211005172777 -7.708313735181759 = 2709.0935055728287 @ 97669.0 915.854736328125 1
-7.708313735177802 5.482864207579335 -7.083506407619162 = 2709.0935055728282 @ 89530.0 1910.92333984375 1
5.482864206772802 -1.425128427999343 -0.800321100662093 = 2709.093505572828 @ 82581.0 2757.478759765625 1
5.482864206567902 -1.4251284279293794 -7.083506409111391 = 2709.093505572828 @ 64936.0 4908.5400390625 1
-0.800319322877084 4.858059209218499 -0.8003217944491627 = 2709.093505272454 @ 35339.0 3146.77685546875 1
-0.8003211006278136 -1.4251284292771564 -7.083506407253979 = 2709.093505572828 @ 24218.0 4536.62109375 1
4.858056877736901 -7.083506407958439 -0.8003210978066443 = 2709.0935055728282 @ 22463.0 4748.490966796875 1
-7.708313734781603 -0.800321100167909 -0.8003210993859599 = 2709.0935055728282 @ 10534.0 874.260009765625 1
