0.624179287514722 1.169969136603762 7.717081646685909 = 0.999967007577705 @ 397568.0 245.33544921875 1
4.111207148125085 1.1700887862591345 7.706277242586359 = 1.0 @ 396672.0 344.523193359375 1
1.170088786729325 7.7062772581581545 4.111207141856369 = 1.0 @ 395673.0 453.73388671875 1
1.170088788361064 7.706277254374032 2.193280047255052 = 1.0 @ 393736.0 670.04345703125 1
4.111207149223145 4.111207142643075 7.7062772516631854 = 1.0 @ 392905.0 760.870361328125 1
7.702720845588616 2.19330890021055 4.1118779565272 = 0.9999960021996581 @ 391668.0 895.301025390625 1
7.7062772631283645 7.706277253471904 4.111207145288774 = 1.0 @ 390809.0 994.205810546875 1
2.1932800543774147 7.706277269607294 7.70627725105368 = 1.0 @ 389978.0 1084.880615234375 1
4.1112071409259086 4.111207142190502 4.111207143226771 = 1.0 @ 389133.0 1178.9638671875 1
7.706277256626973 1.1700887876281778 4.111207139303814 = 1.0 @ 388022.0 1299.5849609375 1
7.706277261903322 4.111207141205753 4.111207145064127 = 1.0 @ 387205.0 1388.61474609375 1
4.111207146586621 2.1932800500150234 7.706277249054175 = 1.0 @ 386262.0 1490.746826171875 1
1.1700887855310953 4.111207142006471 2.1932800521759446 = 1.0 @ 385319.0 1593.5966796875 1
4.111207140215965 7.7062772637398504 4.111207141422219 = 1.0 @ 384530.0 1679.074951171875 1
1.170088787767406 7.706277267103143 7.706277248281657 = 1.0 @ 383629.0 1781.40478515625 1
4.111207138930786 7.70627725349143 7.706277243034215 = 1.0 @ 382630.0 1890.82958984375 1
2.1932800482895547 7.706277260788309 4.111207141123418 = 1.0 @ 381715.0 1992.338134765625 1
4.106518314994494 7.7023574672551165 1.1701007492473747 = 0.9999739805286122 @ 378378.0 2363.7939453125 1
2.1932800502481253 2.1932800490437327 4.111207144074324 = 1.0 @ 377505.0 2459.318603515625 1
7.706277257694639 7.706277253034853 7.706277254557271 = 1.0 @ 375106.0 2722.039306640625 1
1.1700887879875488 2.1932800519625952 2.1932800475623018 = 1.0 @ 372497.0 3012.668701171875 1
7.706277252643821 7.706277265739147 2.193280047891093 = 1.0 @ 369930.0 3294.9873046875 1
4.111207138724174 1.170088789483242 4.1112071415206355 = 1.0 @ 368021.0 3516.34716796875 1
7.706225990133512 1.1701019251054672 7.705992516654817 = 0.9999999744066159 @ 366966.0 3632.981201171875 1
7.75182079859332 0.6243884540185047 7.713601419555762 = 0.9994053330261522 @ 364749.0 3877.2412109375 1
7.706277243226237 4.111207146257737 1.170088788536853 = 1.0 @ 363022.0 4067.281005859375 1
0.6241567992730421 4.111227944803088 7.7101973436312905 = 0.9999954695482307 @ 361449.0 4244.762451171875 1
2.1932800498198697 4.111207138832834 4.111207140569904 = 1.0 @ 358042.0 4625.234130859375 1
4.111207141172958 2.1932800535216415 4.111207140431207 = 1.0 @ 357085.0 4729.502685546875 1
2.193280051027681 7.706277269013209 0.6242284343576107 = 1.0 @ 355316.0 4923.275146484375 1
2.1932800502947196 4.111207142060694 7.706277264656925 = 1.0 @ 354317.0 5032.78955078125 1
4.111207138895906 4.111207144405635 2.1932800482659722 = 1.0 @ 350578.0 100.890380859375 1
7.706277249189846 4.111207147057863 7.706277253602491 = 1.0 @ 349733.0 193.447998046875 1
7.785995692318256 2.193412193906774 0.623836534167028 = 0.9982296840852521 @ 347796.0 411.953125 1
2.1938235642747883 7.700868427251427 2.194288978539581 = 0.9999872354335579 @ 345271.0 692.195068359375 1
1.162383285973799 4.137589537828201 7.9432529916428125 = 0.9834184352175166 @ 339722.0 1310.611572265625 1
4.1111381336133554 7.706206949166389 0.6242263278015234 = 0.9999999937270033 @ 337589.0 1548.593994140625 1
7.706277254118798 4.111207140037953 2.193280050109077 = 1.0 @ 336044.0 1723.64404296875 1
4.111207143365042 2.1932800490063467 0.6242284343340133 = 1.0 @ 333757.0 1976.308837890625 1
7.7062772538633295 2.1932800482034502 2.193280050394302 = 1.0 @ 332828.0 2077.69677734375 1
7.70627726278173 2.1932800499342044 1.1700887867915946 = 1.0 @ 329953.0 2398.412109375 1
0.605493170184533 7.502883423209185 4.076269328304628 = 0.971576165216499 @ 328380.0 2577.416259765625 1
1.1700887874120667 4.111207147557198 4.1112071406764095 = 1.0 @ 327493.0 2674.884765625 1
7.706297972733401 2.1932903361177645 7.706474621791602 = 0.9999999885812565 @ 326998.0 2728.763671875 1
2.1932800545446125 2.1932800511891943 7.706277269814874 = 1.0 @ 324165.0 3051.586181640625 1
0.3323344362481597 2.185588267284866 7.61761270094449 = 0.9974944254195941 @ 321878.0 3305.97802734375 1
7.65852203259872 0.6240228547972781 0.6245184854246417 = 0.9993507820943416 @ 320011.0 3515.442138671875 1
2.1927680652176336 1.1699662785243696 7.713880011801346 = 0.999982703105031 @ 316786.0 3878.19677734375 1
7.706277250571389 1.1700887868041712 1.1700887873648123 = 1.0 @ 315801.0 3990.53857421875 1
4.11120714748152 7.706277256004459 2.1932800528749756 = 1.0 @ 314536.0 4133.0439453125 1
4.11120714407424 1.1700887860449911 0.6242284339792039 = 1.0 @ 312015.0 153.8291015625 1
4.111207147558368 2.193280050104301 2.1932800539247865 = 1.0 @ 311114.0 251.974853515625 1
1.1700887872962655 2.1932800500394025 4.1112071412663855 = 1.0 @ 309233.0 462.513671875 1
2.3434225014532912 0.6082403505241369 7.863769083539419 = 0.9116033049220564 @ 307688.0 636.220458984375 1
4.1112071490162 1.1700887860829436 2.193280049589221 = 1.0 @ 301397.0 1340.3662109375 1
7.7338415523562265 7.694547955397028 0.6241053196699762 = 0.9997482334497656 @ 298326.0 1684.8544921875 1
2.1932800506913495 0.6242284330405321 2.1932800495761096 = 1.0 @ 296291.0 1910.963134765625 1
7.7062772535363715 7.706277245705734 1.1700887886433282 = 1.0 @ 294522.0 2110.240966796875 1
4.111243746760648 4.111134986431039 1.1700793847868438 = 0.9999999924684129 @ 292921.0 2286.863525390625 1
0.32704954087608823 7.8634151722316235 2.2790822425913655 = 0.9635510621830861 @ 292398.0 2346.839599609375 1
0.6132587810811931 7.844665157590564 2.3318070829029436 = 0.9289223114117511 @ 292398.0 2346.839599609375 1
2.193280049050913 2.193280051746187 1.1700887870498613 = 1.0 @ 287348.0 2910.4873046875 1
0.6244713375175466 7.709509909996285 7.694049882075538 = 0.9999525209281135 @ 284865.0 3184.03515625 1
2.155237728502782 7.5498895341466135 1.1372437994331803 = 0.97450938007001 @ 282606.0 3445.03076171875 1
2.193298082119735 2.193272447778634 2.1932732031428066 = 0.9999999985108099 @ 280823.0 3641.542236328125 1
7.706277245911477 4.1112071436680315 0.624228433339875 = 1.0 @ 274550.0 110.546142578125 1
7.7062772424900166 0.6242284335899556 4.111207148468314 = 1.0 @ 272641.0 328.298828125 1
2.1932800528829968 1.1700887882209716 1.1700887888060807 = 1.0 @ 267232.0 930.383544921875 1
1.1680857771796886 2.17691188097001 7.6327050215661085 = 0.9974837395244422 @ 262663.0 1445.1796875 1
1.1700887871043544 0.6242284340384135 2.1932800488137385 = 1.0 @ 226038.0 1768.009033203125 1
1.1700887889292029 0.6242284346214537 4.111207139581614 = 1.0 @ 220825.0 2351.0673828125 1
1.1700887854131221 7.706277257408499 0.6242284334306537 = 1.0 @ 206236.0 114.528076171875 1
0.6242284336453185 1.1700887879880195 1.1700887877379191 = 1.0 @ 178049.0 3270.783447265625 1
4.111207144179661 2.193280051532011 1.1700887873429244 = 1.0 @ 166788.0 4529.094482421875 1
2.1932800542305313 1.170088787828219 4.111207148319244 = 1.0 @ 146123.0 1703.19140625 1
1.1700887863202567 1.1700887866433862 7.706277255486045 = 1.0 @ 128254.0 3704.3193359375 1
2.1932800507070804 1.1700887877940096 0.6242284344170013 = 1.0 @ 109843.0 1556.638671875 1
4.111207141882625 4.111207138135995 0.6242284345503253 = 1.0 @ 108914.0 1658.06005859375 1
2.1932800502737626 4.111207141451658 2.1932800486163275 = 1.0 @ 107943.0 1765.483642578125 1
2.1932800512013415 0.6242284336935927 1.170088787250264 = 1.0 @ 99776.0 2694.919189453125 1
2.1932800508898733 4.111207145202274 1.1700887862482836 = 1.0 @ 96467.0 3068.887451171875 1
0.6242284341893537 4.11120714085102 4.111207140426593 = 1.0 @ 93522.0 3406.646240234375 1
4.111207145179739 0.6242284334068251 2.1932800509863 = 1.0 @ 90927.0 3702.322509765625 1
0.6242284333948785 2.193280052605909 0.6242284337221727 = 1.0 @ 67938.0 2578.4775390625 1
7.706647318186882 1.1701994871018402 2.193378415729693 = 0.9999997788837414 @ 64251.0 2995.65087890625 1
1.1700887870701884 1.1700887881897224 4.111207139989767 = 1.0 @ 56718.0 238.10693359375 1
0.3159369449694489 1.127993832892762 2.2305957820581015 = 0.927991620029355 @ 21339.0 657.030029296875 1
0.6242284340955423 4.111207139262898 0.6242284335358144 = 1.0 @ 19262.0 893.656494140625 1
4.293656256770064 0.3125758284127065 7.829244808898651 = 0.9002167074749923 @ 19047.0 919.161865234375 1
2.18504000530637 2.1781689194685856 0.6226996047006216 = 0.9988673734221559 @ 13582.0 1530.830322265625 1
2.1933053244513117 1.1700659185810667 2.1932988483447993 = 0.9999999901960641 @ 12639.0 1642.150146484375 1
7.706277254498057 1.1700887885821436 0.6242284329382786 = 1.0 @ 6110.0 2385.177490234375 1
