4.111207136206982 2.193280051930446 = 1.0 @ 199272.0 67.314697265625 1
2.193280050497618 7.706277253388908 = 1.0 @ 198756.0 124.15771484375 1
4.111207143687305 7.706277265252804 = 1.0 @ 198259.0 177.4228515625 1
4.111207145339889 4.111207144364303 = 1.0 @ 197678.0 239.105224609375 1
2.2059217188131783 1.1707292169856727 = 0.999166963865175 @ 196317.0 383.83203125 1
7.706277259808343 7.706277264866674 = 1.0 @ 195232.0 503.975830078125 1
7.70627725670623 4.111207149291665 = 1.0 @ 194219.0 612.56884765625 1
7.706277253087696 1.170088787838568 = 1.0 @ 193554.0 683.136962890625 1
2.193280051453768 2.1932800512742587 = 1.0 @ 191893.0 858.64794921875 1
2.193280050796399 4.111207136299019 = 1.0 @ 189680.0 1093.30322265625 1
1.170088787565809 1.1700887884552917 = 1.0 @ 189027.0 1163.5732421875 1
0.6246170097511574 7.717747314078757 = 0.9999350183471474 @ 182098.0 1912.953857421875 1
1.1700887870584644 4.111207146435928 = 1.0 @ 181493.0 1977.340087890625 1
7.706277257342149 2.193280048133663 = 1.0 @ 180336.0 2100.330078125 1
1.1700887873225503 7.706277255663711 = 1.0 @ 179107.0 2230.514404296875 1
0.6242284336738838 4.111207136894263 = 1.0 @ 172506.0 723.7666015625 1
4.1112071432944415 0.33301843513801516 = 1.0 @ 169853.0 70.349365234375 1
4.111207145776828 0.6242284329599402 = 1.0 @ 169200.0 139.3662109375 1
4.0536588608462125 1.1473722597848817 = 0.9854617767026463 @ 162511.0 880.7607421875 1
0.33312396320202614 7.685848170389432 = 0.999821343255218 @ 159402.0 162.082763671875 1
2.1932800498236955 0.6242284338073646 = 1.0 @ 155701.0 569.40625 1
1.170088785973774 2.1932800510103827 = 1.0 @ 148332.0 252.954833984375 1
2.141709056574705 0.35115507650733613 = 0.9172402174094987 @ 146959.0 401.565673828125 1
0.6242284336370297 0.6242284341116984 = 1.0 @ 146030.0 501.089599609375 1
1.1702061631099945 0.6243017869906964 = 0.9999994032788375 @ 145557.0 552.242919921875 1
0.6242284342032818 2.193280051044756 = 1.0 @ 143968.0 729.760986328125 1
7.830690287836173 0.6336272958030073 = 0.9880282386996506 @ 139899.0 222.529052734375 1
1.1700887865313745 0.3330184355395834 = 1.0 @ 101522.0 247.182861328125 1
0.33301843549302507 0.6242284333386998 = 1.0 @ 76425.0 117.440673828125 1
0.32419339729439767 4.216639700454332 = 0.9661304462164533 @ 39688.0 119.651123046875 1
7.70627726864153 0.3330184356231004 = 1.0 @ 22731.0 1187.496826171875 1
