0.16666666670078503 0.6250000000402757 = -2.0 @ 199248.0 67.8759765625 1
0.8333333334484936 0.3750000003262437 = -2.0 @ 198600.0 137.319091796875 1
0.4999999997664171 0.37499999989842675 = -2.0 @ 197851.0 216.85546875 1
0.8333333331314157 0.6250000000207698 = -2.0 @ 195674.0 454.921875 1
0.16666666722054918 0.3749999999786313 = -2.0 @ 195021.0 524.119384765625 1
0.8333333335499439 0.12500000012042406 = -2.0 @ 194332.0 597.064208984375 1
0.16666666675735525 0.12500000000697803 = -2.0 @ 192899.0 749.652587890625 1
0.49999999992603905 0.625000000148663 = -2.0 @ 192234.0 825.0185546875 1
0.4999999997322254 0.12499999998188477 = -2.0 @ 191509.0 904.048583984375 1
0.1666666671007232 0.8750000002842344 = -2.0 @ 187352.0 1361.74658203125 1
0.4999999999685634 0.8750000002398591 = -2.0 @ 180135.0 2155.208251953125 1
0.8333322323094038 0.8749983254827808 = -2.0000000099084847 @ 173162.0 545.037109375 1
