7.7062772490036044 4.1112071374172166 4.111207141004451 = 1.0 @ 398996.0 91.03759765625 1
7.706277250582715 2.1932800525887863 4.111207139408056 = 1.0 @ 398170.0 188.229736328125 1
1.1700887883591944 7.706277257393378 2.193280054342832 = 1.0 @ 397269.0 290.33447265625 1
0.6242284334910244 7.706277260742547 2.1932800497469445 = 1.0 @ 396270.0 403.326904296875 1
2.193280049347092 7.706277261005889 4.111207141621631 = 1.0 @ 395355.0 505.94677734375 1
7.701156997794707 7.699328007021178 0.6242237089237995 = 0.9999790713259704 @ 393712.0 690.944091796875 1
2.1932800504120955 4.111207138150864 7.706277249992257 = 1.0 @ 392867.0 786.99365234375 1
2.1932800499291116 2.193280049420003 7.706277251746719 = 1.0 @ 391966.0 887.934814453125 1
7.7062772501458205 4.111207144305321 7.706277250143183 = 1.0 @ 391135.0 984.9638671875 1
4.111207149059924 4.11120714208904 7.7062772594374245 = 1.0 @ 390304.0 1079.19677734375 1
0.6242284342598197 1.170088788436451 4.111207137458208 = 1.0 @ 389417.0 1181.32470703125 1
4.111207140724754 4.111207144553654 4.111207145574703 = 1.0 @ 388530.0 1281.071044921875 1
4.111207142222684 7.706277255333864 7.706277260677402 = 1.0 @ 387727.0 1371.5029296875 1
4.111207140346814 1.1700887858443922 2.193280048536695 = 1.0 @ 386644.0 1496.3486328125 1
7.706277252081947 7.706277255395335 7.706277250007065 = 1.0 @ 385827.0 1588.88330078125 1
0.6240841048088782 7.700111555836628 7.718627617535135 = 0.9999456933351938 @ 384212.0 1770.848388671875 1
7.706277246859699 4.111207145874723 2.193280050163651 = 1.0 @ 383199.0 1884.488037109375 1
1.1700887869398846 1.1700887875730859 4.111207140811579 = 1.0 @ 381318.0 2095.917724609375 1
7.706277261385368 2.193280051937807 7.706277249901143 = 1.0 @ 378625.0 2407.502197265625 1
2.193280052157532 4.111207143512029 2.193280053569409 = 1.0 @ 377752.0 2505.376220703125 1
7.706277255905641 7.706277248284769 4.111207149797714 = 1.0 @ 376893.0 2608.170654296875 1
0.6242284338498671 4.111207140676865 4.1112071389459475 = 1.0 @ 372674.0 3087.553466796875 1
0.6250543717572711 2.1924314900071726 7.742029272488579 = 0.9996113620269063 @ 369827.0 3413.40234375 1
4.111207143405429 7.706277259605867 4.111207143356876 = 1.0 @ 367316.0 3697.8486328125 1
7.706277261503183 7.706277260114481 2.1932800488430813 = 1.0 @ 366401.0 3804.900390625 1
1.1700887892785712 2.193280046874124 1.1700887865449794 = 1.0 @ 364338.0 4037.72119140625 1
2.1932800519866493 2.193280050930806 2.193280049663854 = 1.0 @ 363437.0 4139.0595703125 1
7.706277264248324 2.1932800516064215 2.1932800498895806 = 1.0 @ 362536.0 4239.692138671875 1
4.1112071441130595 4.111207139758542 1.1700887890874774 = 1.0 @ 359955.0 4530.060302734375 1
4.111207139137175 1.1700887885979838 0.6242284329752823 = 1.0 @ 359040.0 4636.32080078125 1
4.11120714572819 7.706277256637413 2.1932800503996526 = 1.0 @ 358139.0 4738.96337890625 1
7.805642575571624 2.192327804598112 1.1701870009847217 = 0.9972648378914866 @ 354256.0 5181.89892578125 1
1.1701462792289643 7.707214373740898 4.110645104930501 = 0.9999994018041628 @ 349663.0 214.64404296875 1
4.111207145762556 2.19328004891033 7.706277246479595 = 1.0 @ 348426.0 360.629638671875 1
4.111288937390711 2.19331323844462 2.193292718334625 = 0.9999999890309871 @ 347749.0 438.5380859375 1
4.111207136569612 0.6242284343017049 7.706277262902105 = 1.0 @ 346162.0 619.97021484375 1
1.1700887862183251 4.1112071393488305 7.7062772540774525 = 1.0 @ 345247.0 729.89306640625 1
7.87264249635117 1.1511597120332104 1.1752715280772705 = 0.987676592976571 @ 343156.0 965.89404296875 1
2.1932800484566077 2.1932800500240432 4.111207138844543 = 1.0 @ 342199.0 1074.2216796875 1
4.111207139752802 2.193280050482546 4.111207144484427 = 1.0 @ 341368.0 1167.43896484375 1
2.1932800526678484 7.706277256356639 1.170088786658366 = 1.0 @ 339445.0 1387.64306640625 1
7.729489981266424 0.6242160576748671 4.110751388374264 = 0.9998490333489265 @ 332706.0 2174.74365234375 1
4.111207149660853 1.1700887880469106 4.111207137069002 = 1.0 @ 329929.0 2497.479736328125 1
4.111207143709176 1.1700887885775997 7.7062772579992 = 1.0 @ 323470.0 3256.065185546875 1
2.1932800482513004 0.62422843415372 7.706277244763349 = 1.0 @ 322359.0 3382.391845703125 1
2.193280051026301 7.706277261107542 7.706277248896869 = 1.0 @ 320996.0 3536.74560546875 1
1.1700887880305637 4.111207140554041 1.1700887880375674 = 1.0 @ 319105.0 153.251220703125 1
1.1700745662483778 7.706352538540034 7.70629092771067 = 0.9999999958949998 @ 317070.0 394.904541015625 1
0.6242284337574392 4.111207141228369 2.1932800500282275 = 1.0 @ 315413.0 589.936279296875 1
7.706277252777786 1.170088788199814 2.193280049216499 = 1.0 @ 314288.0 717.195556640625 1
4.111268433583668 4.111132842222884 2.1931972583864416 = 0.9999999671023412 @ 312071.0 973.1845703125 1
2.193294490435344 4.111141478281756 1.1700732782618624 = 0.9999999920975611 @ 309630.0 1252.45068359375 1
7.69268054504361 2.1932092939730414 0.6243361101580968 = 0.9999475132315954 @ 306629.0 1610.158203125 1
7.703142773554957 0.6242736273178385 7.705375161678626 = 0.9999969257717158 @ 304426.0 1867.24169921875 1
0.5936546622300111 1.1316839557202916 2.291902588387819 = 0.9087263688279228 @ 300557.0 2311.760009765625 1
0.6241671366150009 4.1065420887127555 0.3330551046139248 = 0.9999781533881051 @ 295708.0 2873.093994140625 1
2.194041537190376 1.16980406894631 7.714680102148452 = 0.9999772105564857 @ 292683.0 327.67333984375 1
1.1700887868901548 4.111207138879129 4.111207138189041 = 1.0 @ 287568.0 921.51708984375 1
0.3330184354989009 2.1932800501296112 4.111207145874912 = 1.0 @ 282439.0 1517.456298828125 1
7.706102768800856 7.706363731222639 1.1700995207992082 = 0.9999999879542452 @ 282028.0 1564.20751953125 1
1.1434436987987384 2.213353449955101 7.391107623929129 = 0.961171180281641 @ 280483.0 1746.308349609375 1
4.111207137948843 2.193280051278472 0.6242284329563731 = 1.0 @ 278042.0 2031.41552734375 1
0.6275999623027184 4.026178491995766 7.726787508826513 = 0.9921457541906529 @ 276399.0 2220.407470703125 1
2.1933067838495917 7.706350807193722 2.1932660985443913 = 0.9999999953313237 @ 276030.0 2262.25390625 1
1.1700887882456155 4.111207142436053 2.1932800505582897 = 1.0 @ 274359.0 2457.71337890625 1
2.193280049468886 1.1700887866140703 2.1932800491577464 = 1.0 @ 272296.0 2697.858642578125 1
8.02657526438106 1.1963466763932604 8.128163894816192 = 0.9183282691590067 @ 268753.0 297.006103515625 1
0.624228432658984 7.706277254531985 4.111207145596051 = 1.0 @ 267894.0 398.20947265625 1
2.1932800534495605 4.111207141457932 4.111207141697726 = 1.0 @ 267105.0 488.9248046875 1
4.1112071468103135 7.706277261642725 1.1700887868687606 = 1.0 @ 258728.0 1452.74072265625 1
7.708253529434579 4.110533848408463 1.1702906407449072 = 0.9999979611719663 @ 254971.0 1892.364013671875 1
1.2375225299771562 2.197456208125201 4.162917487727258 = 0.9463678785978248 @ 252754.0 2159.044189453125 1
2.193280054032139 1.1700887893188048 0.6242284339683947 = 1.0 @ 248395.0 2658.555419921875 1
7.664317087361706 1.1676204446499168 7.720035556570981 = 0.9993759470889401 @ 239392.0 636.80908203125 1
7.706277254739952 1.1700887868994763 4.1112071420320815 = 1.0 @ 237175.0 895.29638671875 1
4.1509227573282175 4.135274961525065 0.648856257349433 = 0.9732480003872912 @ 237086.0 905.951171875 1
4.111207144626838 1.1700887871507692 1.1700887899311452 = 0.9999999999999999 @ 211773.0 249.9326171875 1
0.33301843590077085 0.624228433170231 2.193280052584319 = 1.0 @ 210788.0 361.488525390625 1
4.1112071496494185 0.6242284344242272 2.193280048974382 = 1.0 @ 200227.0 1591.312255859375 1
4.105082100147595 0.333254587827852 7.729302546500473 = 0.9998062424383265 @ 197716.0 1875.3818359375 1
1.1700887858654179 2.1932800535540524 2.193280049180468 = 1.0 @ 193581.0 2367.892822265625 1
1.1704090021362297 1.1686627866678447 7.668175823310424 = 0.999564608416552 @ 191700.0 2591.529541015625 1
2.192193513618421 4.1008314094689124 0.6242995005234457 = 0.9998892721063042 @ 174367.0 1049.2119140625 1
4.107065665860339 2.190455606429054 0.33300011234102056 = 0.9999553451109988 @ 166984.0 1898.803955078125 1
2.193280053727365 1.1700887874146941 1.1700887875060815 = 1.0 @ 162303.0 2443.968994140625 1
7.666890054636753 1.1696451503548468 0.624600965931557 = 0.9995541495655051 @ 143416.0 532.82958984375 1
1.170088789472532 0.6242284330143006 7.706277265298566 = 1.0 @ 116685.0 3646.72265625 1
4.111207144044848 7.706277255921425 0.6242284341164893 = 1.0 @ 115350.0 3802.424072265625 1
2.1932800538282065 1.1700887871084682 4.1112071487063595 = 1.0 @ 98927.0 357.22412109375 1
4.111207139861378 2.193280049253899 1.1700887876080999 = 1.0 @ 93714.0 960.147705078125 1
2.1932800510212545 0.6242284332322561 4.111207143402867 = 1.0 @ 70343.0 3665.572509765625 1
4.111207140951108 7.706277263170875 0.33301843534425596 = 1.0 @ 27898.0 137.684814453125 1
2.193401674293984 0.3329996125473583 7.712856763792244 = 0.9999877567817507 @ 23413.0 634.572998046875 1
1.170088788640974 0.6242284330974933 4.111207144754365 = 1.0 @ 20944.0 917.041259765625 1
7.706277245822771 0.6242284340372808 2.193280050494589 = 1.0 @ 19553.0 1072.4716796875 1
4.108727272659031 0.624249896121515 4.111243567808181 = 0.999993911226278 @ 5996.0 2593.0400390625 1
