0.4999999999353589 0.12499999963979994 = -2.0 @ 199176.0 73.60205078125 1
0.5000000000587208 0.37499999964608427 = -2.0 @ 198456.0 154.813720703125 1
0.500000000511832 0.6250000001190786 = -2.0 @ 197815.0 223.40087890625 1
0.16666666629364013 0.8750000000119906 = -2.0 @ 197102.0 299.115966796875 1
0.16666666689024676 0.6250000000367021 = -2.0 @ 196461.0 367.17529296875 1
0.8333333330293623 0.8749999999711721 = -2.0 @ 192508.0 791.493896484375 1
0.8333333333123567 0.624999999903007 = -2.0 @ 189359.0 1128.5126953125 1
0.166666667046253 0.374999999596393 = -2.0 @ 188670.0 1202.474853515625 1
0.8333333334172672 0.12499999962628981 = -2.0 @ 184585.0 1649.429931640625 1
0.8333333336288878 0.3749999999110217 = -2.0 @ 183896.0 1723.162109375 1
0.1666666664556251 0.12499999990256905 = -2.0 @ 179043.0 2244.856689453125 1
0.4993632840477641 0.8745323294264713 = -2.0012698686423036 @ 174566.0 253.377197265625 1
