0.4999999997661675 0.874999999641939 = -2.0 @ 199236.0 69.553466796875 1
0.5000000000025908 0.6249999997868169 = -2.0 @ 198516.0 146.90234375 1
0.8333333334756237 0.3750000001295713 = -2.0 @ 197887.0 213.9296875 1
0.4999999999755749 0.3750000000098273 = -2.0 @ 196550.0 355.953369140625 1
0.8333333330977281 0.8750000000371987 = -2.0 @ 195861.0 433.5537109375 1
0.16666666693963308 0.3749999999617766 = -2.0 @ 195148.0 509.755615234375 1
0.1666666667203209 0.12500000011972498 = -2.0 @ 192227.0 819.940673828125 1
0.8333333328886827 0.6249999997933041 = -2.0 @ 190830.0 967.93505859375 1
0.16666666650234235 0.625000000327024 = -2.0 @ 186661.0 1422.270263671875 1
0.5000000002901893 0.12500000031025008 = -2.0 @ 183872.0 1726.154052734375 1
0.166666666616645 0.8750000001650562 = -2.0 @ 181095.0 2021.012451171875 1
0.8333364333156986 0.12500309028369894 = -2.000000042509967 @ 159250.0 507.57666015625 1
