7.706277260120468 7.706277258334472 7.706277256631249 = 1.0 @ 399024.0 87.435546875 1
4.111207139406918 2.193280051236117 2.193280049892139 = 1.0 @ 398184.0 179.872314453125 1
4.111207141184944 7.706277264172155 7.706277255551487 = 1.0 @ 397381.0 266.899169921875 1
4.111207147639431 7.706277264618804 2.1932800528330745 = 1.0 @ 396382.0 376.1298828125 1
7.706277263588773 2.193280051517047 2.19328005042301 = 1.0 @ 395495.0 472.293212890625 1
7.706277248837969 7.706277262908188 4.111207148769763 = 1.0 @ 394678.0 561.695556640625 1
2.1932800495936546 7.706277251153982 7.706277251273844 = 1.0 @ 390655.0 1006.862548828125 1
7.705095885458768 7.708335365864323 1.1699952165288372 = 0.9999983132184971 @ 388312.0 1268.726806640625 1
2.1932800477388863 7.706277266098942 4.111207137986398 = 1.0 @ 387467.0 1362.896484375 1
1.1700887880949196 7.706277268167105 4.111207136585046 = 1.0 @ 385768.0 1550.8642578125 1
7.706277260762376 4.111207142379072 7.70627726359562 = 1.0 @ 384853.0 1650.011474609375 1
4.1112071399976 1.1700887885324274 4.111207139783872 = 1.0 @ 382314.0 1927.664794921875 1
4.111207144763443 4.111207145966013 4.1112071390692675 = 1.0 @ 381315.0 2041.25 1
4.11120714287848 7.7062772654305505 1.1700887879694848 = 1.0 @ 380414.0 2141.564208984375 1
4.111207148544394 7.706277252894119 0.6242284339347273 = 1.0 @ 379373.0 2256.039306640625 1
2.193280049057825 4.1112071405862975 2.193280047030128 = 1.0 @ 378444.0 2359.408203125 1
7.706277259733669 7.706277250328443 2.193280048400576 = 1.0 @ 377571.0 2460.04443359375 1
2.1932800516019872 4.1112071400210475 7.706277258308842 = 1.0 @ 375802.0 2655.9365234375 1
7.706277233499706 1.1700887900298242 1.1700887882908242 = 0.9999999999999998 @ 374845.0 2760.556396484375 1
4.112226910767447 4.113492592358341 7.715507934554047 = 0.9999699434391867 @ 372908.0 2972.28369140625 1
4.11120714127618 2.1932800488038624 7.706277249234651 = 1.0 @ 370229.0 3271.272705078125 1
0.624228433222194 4.11120713937141 4.111207142446582 = 1.0 @ 369188.0 3384.69482421875 1
4.111207144954491 4.111207144571357 2.1932800467453317 = 1.0 @ 368231.0 3488.5634765625 1
2.1928587616770745 2.1931081578887803 7.694809902945442 = 0.9999623232142569 @ 366504.0 3683.29833984375 1
2.1932800534563723 4.111207146106522 4.111207140879188 = 1.0 @ 362971.0 4075.568603515625 1
7.706277255751776 1.1700887875108423 4.111207145773707 = 1.0 @ 361118.0 4277.8603515625 1
7.706277259052683 2.1932800527271024 4.11120714632784 = 1.0 @ 359433.0 4466.91357421875 1
0.624229278370242 7.71269636850099 4.11074227647296 = 0.999988232510036 @ 357832.0 4643.00537109375 1
7.706277263309131 2.1932800482012818 7.706277254266302 = 1.0 @ 355181.0 4938.34326171875 1
7.706277254161727 1.1700887883853217 7.706277244797223 = 1.0 @ 354336.0 5030.96533203125 1
2.193280048021054 7.706277258214092 1.1700887866571286 = 1.0 @ 352655.0 163.53466796875 1
1.139608879631512 2.1943355654609284 7.789571217942991 = 0.9865278206749637 @ 352482.0 182.585205078125 1
4.111262549436501 7.7062389428874605 4.1111205086280425 = 0.9999999891597966 @ 351847.0 253.451904296875 1
1.1700887880437325 2.193280051496091 0.6242284345789545 = 1.0 @ 350554.0 395.668212890625 1
1.1700887861771065 0.6242284343763088 1.1700887875358243 = 1.0 @ 348603.0 617.708984375 1
2.1932800491335733 2.19328005130374 1.1700887865277239 = 1.0 @ 345840.0 929.120849609375 1
7.706244561754029 0.6242571492683071 7.706230198021196 = 0.9999999638107413 @ 344407.0 1089.22119140625 1
7.706433468796373 7.7060804897584365 0.6242152164849409 = 0.9999999748134429 @ 342638.0 1287.8671875 1
1.1700887861151412 7.70627724605686 7.706277268467025 = 1.0 @ 341667.0 1394.09765625 1
1.1700887892070477 4.111207142003506 1.1700887876245616 = 1.0 @ 340276.0 1547.341064453125 1
0.6242284335111014 0.6242284344178448 2.193280050078461 = 1.0 @ 339249.0 1659.48681640625 1
7.706281488012918 4.111273349963922 4.1111455247291575 = 0.9999999919287208 @ 338796.0 1713.223388671875 1
1.170080530995065 4.111115275591932 7.706504344332131 = 0.9999999763756513 @ 333849.0 2273.182861328125 1
7.775748844537642 0.3271019417655195 7.337927833740018 = 0.9541281490830957 @ 333676.0 2292.91748046875 1
7.734010952665967 2.1928730074146463 0.33303079188108636 = 0.9997843389304628 @ 329111.0 286.728271484375 1
4.111207143976444 1.1700887864796743 2.1932800532927694 = 1.0 @ 328224.0 389.08837890625 1
7.7062772505871475 2.193280054622429 1.1700887876082284 = 1.0 @ 327239.0 497.490478515625 1
7.706277270201746 4.1112071366159 2.1932800512267674 = 1.0 @ 324784.0 775.26416015625 1
4.11120714865381 4.1112071433126 1.1700887875813295 = 1.0 @ 323743.0 891.196533203125 1
4.111168705283235 1.1700930555103222 7.706250900643654 = 0.999999998126418 @ 322044.0 1079.19873046875 1
4.111207119730341 1.1700887957262176 1.1700887830258915 = 0.9999999999999984 @ 318273.0 1497.45361328125 1
4.111207141108865 2.1932800494846756 1.1700887871901957 = 1.0 @ 316042.0 1749.87939453125 1
4.111207141325146 0.6242284331626651 4.111207143838535 = 1.0 @ 307777.0 2669.908935546875 1
2.1942845133732543 0.3330525523751332 7.726221765218865 = 0.9998849889951162 @ 303544.0 3148.350341796875 1
2.1932800495244913 1.1700887870382806 4.1112071469648725 = 1.0 @ 302601.0 3253.043212890625 1
7.706277253150276 4.111207140171141 1.1700887861280067 = 1.0 @ 297640.0 3800.77783203125 1
0.6241988885863994 7.7054968366717675 1.17014798502546 = 0.999999749057988 @ 296221.0 3959.7216796875 1
0.6431190381003801 4.172403752892082 7.592551996916675 = 0.977986095185108 @ 295208.0 4074.29296875 1
0.6534061503185663 4.209102575195283 1.1724586071882959 = 0.9565635654973388 @ 291199.0 4525.427490234375 1
0.6242284334681178 0.6242284330628728 4.111207146055741 = 1.0 @ 286158.0 435.0234375 1
1.1700887875944894 1.1700887873714045 2.1932800512047583 = 1.0 @ 254541.0 3969.9462890625 1
1.1701713518602572 2.1934138302259725 4.111465256271573 = 0.9999997893277228 @ 242234.0 817.11279296875 1
0.62422843292698 1.170088788428415 4.1112071492228655 = 1.0 @ 222237.0 3059.028564453125 1
0.6201932404477352 7.797746937775707 8.022461200484292 = 0.9703951284124315 @ 221084.0 3192.188720703125 1
0.6169133447891411 7.452548448759051 7.338565349105801 = 0.9401268166462722 @ 218475.0 3485.513916015625 1
2.1932800501622625 2.193280049842168 2.193280050584206 = 1.0 @ 217560.0 3591.291748046875 1
1.1700887857223494 4.111207143432325 4.111207144578505 = 1.0 @ 194795.0 1870.53662109375 1
2.1932800488193505 2.193280053366802 4.111207136914795 = 1.0 @ 187034.0 2745.0654296875 1
7.703793978363733 1.1700188611378761 2.1948889081232976 = 0.9999892478750423 @ 184733.0 3001.5791015625 1
2.193283505945146 4.111219298014852 1.1700926924782262 = 0.9999999996273182 @ 183818.0 3104.89208984375 1
1.1700887868711631 0.6242284329404607 4.111207141991222 = 1.0 @ 173191.0 674.02978515625 1
1.1733241880503427 7.878698841235427 2.104359672981785 = 0.9636029028402202 @ 170512.0 973.88671875 1
1.1700887871906342 0.6242284336927112 7.7062772547833704 = 1.0 @ 164487.0 1660.763671875 1
2.1927062816298957 1.170157521437164 7.737111044523936 = 0.9997330837128531 @ 155900.0 2628.36669921875 1
1.1696488528193054 1.1706944283561105 4.092670715092814 = 0.9996528895058834 @ 154355.0 2804.7451171875 1
0.6235570256754183 4.108437854544019 2.194353394073548 = 0.9999691414080616 @ 151970.0 3076.2314453125 1
0.33302365881056173 0.3330167407521895 2.1931696246415213 = 0.9999999532182844 @ 144577.0 688.565673828125 1
4.111207143133131 2.193280049839544 4.111207139390876 = 1.0 @ 141786.0 1005.639892578125 1
7.707913552955616 0.33300524928763847 7.70989885072231 = 0.999995543399398 @ 132793.0 2013.055419921875 1
1.170088786628284 4.111207137668272 2.1932800508013464 = 1.0 @ 110882.0 1318.520263671875 1
2.193280050607339 7.706277255315192 2.1932800502432452 = 1.0 @ 110065.0 1408.00830078125 1
0.624228433991754 2.193280051179242 7.706277245252445 = 1.0 @ 99210.0 2639.356689453125 1
1.170088048300838 1.1700974668431854 7.706326141472277 = 0.9999999984056485 @ 95145.0 3103.8720703125 1
4.111381372217345 0.6300861007967948 7.81800917215037 = 0.9950995649451835 @ 83888.0 119.333984375 1
2.1932268602650065 1.1700749654443932 1.1700772467916152 = 0.9999999862503528 @ 73901.0 1247.27685546875 1
1.1973833006707872 2.1847475323675876 2.07044753321252 = 0.9370794730746729 @ 68282.0 1882.880615234375 1
7.706517522489383 0.6242348505079433 4.111229948783342 = 0.999999981525357 @ 29333.0 3493.727294921875 1
2.180980118991417 0.6244538166337046 7.607958920921708 = 0.9967267351163334 @ 9158.0 1341.552734375 1
0.6237125396460984 7.784769697675051 2.193078050636101 = 0.9982782982770111 @ 5485.0 1756.69287109375 1
4.100603565433819 2.1619798686827973 0.3326911061858439 = 0.9964352418238254 @ 1336.0 2227.484130859375 1
