1.1688117918753933 7.550701049622492 1.1679882762331493 = 0.9930178452319851 @ 397554.0 250.310302734375 1
7.7062772552933 4.111207146546075 4.111207149408089 = 1.0 @ 396686.0 345.714111328125 1
0.6242284329635462 4.111207143661619 7.7062772562363655 = 1.0 @ 395771.0 446.44091796875 1
7.706277258835328 4.1112071456055705 7.70627725336357 = 1.0 @ 394940.0 538.109375 1
2.1932799283641837 1.17008877074279 7.7062768367289225 = 0.9999999999998954 @ 393941.0 651.82861328125 1
7.7062772594374085 2.193280050218119 7.706277263984174 = 1.0 @ 393054.0 751.37939453125 1
4.111207142334555 7.706277268650725 4.111207140236221 = 1.0 @ 392209.0 845.322021484375 1
7.706277268624268 2.1932800475346883 4.111207141702049 = 1.0 @ 391266.0 948.66748046875 1
7.706277260879488 7.706277252580809 7.706277267949088 = 1.0 @ 390449.0 1041.5419921875 1
7.706277259412838 4.111207138268089 1.1700887883947788 = 1.0 @ 389450.0 1153.409912109375 1
7.706277260984084 2.193280050819454 1.1700887879200985 = 1.0 @ 388521.0 1257.719482421875 1
4.111207143705148 0.6242284337297331 1.1700887895267515 = 1.0 @ 387578.0 1360.900146484375 1
4.111207143264467 1.1700887878583077 7.706277258320342 = 1.0 @ 386621.0 1466.275146484375 1
2.1932800482299113 4.111207137061801 7.706277264543366 = 1.0 @ 383802.0 1775.025146484375 1
7.70627726177111 7.706277258113923 0.624228433171086 = 1.0 @ 382775.0 1892.26708984375 1
2.193280052810086 7.7062772473660575 7.706277265501653 = 1.0 @ 379788.0 2222.935302734375 1
7.706277267067089 4.1112071372653585 2.193280049911737 = 1.0 @ 378915.0 2322.728759765625 1
7.706277255170464 7.706277270160076 4.11120713556742 = 1.0 @ 378098.0 2413.422607421875 1
4.1112071493663045 4.11120713784681 2.1932800531112133 = 1.0 @ 377141.0 2518.008544921875 1
2.1932800542620328 4.111207146811172 1.1700887876703245 = 1.0 @ 375246.0 2726.762451171875 1
4.111207148074532 7.706277263308738 7.706277257869201 = 1.0 @ 374387.0 2821.38330078125 1
4.111207142275073 4.111207145262655 4.111207143959751 = 1.0 @ 373416.0 2927.287109375 1
1.170088788223447 2.1932800484205535 1.1700887882657076 = 1.0 @ 371563.0 3137.385986328125 1
7.70675515192107 1.170069741866931 7.705768702480073 = 0.9999998589054466 @ 370354.0 3270.729248046875 1
2.193280048725495 7.706277261925874 4.111207143489266 = 1.0 @ 368557.0 3472.02978515625 1
4.111207138588076 4.111207143181535 7.706277254963346 = 1.0 @ 367628.0 3573.914306640625 1
4.114612342617273 1.1704253379560305 4.091710656131325 = 0.9996106628274262 @ 355401.0 4935.350341796875 1
1.170088787495902 2.1932800494275226 7.706277251373815 = 1.0 @ 351536.0 118.613525390625 1
7.874058573726842 4.115014440138201 0.3369055114656908 = 0.9900418962840503 @ 351307.0 147.464111328125 1
7.894841495420407 4.026232183246957 0.6176530646335108 = 0.9811963409262368 @ 351307.0 147.464111328125 1
0.6242139414223299 7.705949920475934 2.1932261119661964 = 0.9999999508640898 @ 350163.0 273.579833984375 1
1.1700887887775324 7.706277249499663 2.193280053681518 = 1.0 @ 348492.0 460.41748046875 1
7.706214710443472 7.706051699562895 1.1700890571946296 = 0.9999999846226804 @ 346009.0 749.277099609375 1
2.193280053588592 2.1932800510420956 2.1932800523658584 = 1.0 @ 345122.0 848.50439453125 1
1.1623736804235145 7.71117424889007 7.602681830098704 = 0.996215901432105 @ 344893.0 874.19482421875 1
0.6411868948791009 7.740384709382843 7.47128390141479 = 0.9719151010065175 @ 344893.0 874.19482421875 1
2.193280050269728 7.706277249861005 2.193280050609092 = 1.0 @ 343035.0 1079.30810546875 1
7.706278843908565 7.706279882548968 2.1932803746371143 = 0.9999999999969935 @ 341658.0 1233.478271484375 1
1.1696988214755923 7.682050916177857 4.113075527302308 = 0.9998294860470385 @ 340687.0 1347.190673828125 1
4.111207141449175 2.1932800513984985 2.19328004844794 = 1.0 @ 339436.0 1488.35107421875 1
2.1932800498555975 2.1932800480649877 7.706277263886071 = 1.0 @ 338283.0 1616.88720703125 1
4.111207144440774 7.706277264475884 1.1700887884797622 = 1.0 @ 335394.0 1944.01708984375 1
1.1700887868341228 4.111207144881335 7.7062772557065005 = 1.0 @ 330699.0 2469.069091796875 1
4.111138845666133 2.1933014061672282 4.111199672999973 = 0.9999999937652859 @ 328902.0 2676.4501953125 1
4.111207139360174 2.1932800526241274 1.1700887886540705 = 1.0 @ 324323.0 355.54931640625 1
7.706277264901457 1.1700887885429783 2.1932800481793953 = 1.0 @ 323338.0 464.033935546875 1
7.706277252307317 0.6242284337712836 2.1932800508350425 = 1.0 @ 321961.0 616.337890625 1
4.111207147515818 0.33301843581937857 0.624228433419483 = 1.0 @ 319226.0 924.0556640625 1
0.624228433716027 4.111207142190756 4.111207142154311 = 1.0 @ 318227.0 1035.29833984375 1
7.669603610035553 0.6224206557475993 7.812882607373486 = 0.9963396841800036 @ 316108.0 1272.15576171875 1
4.1112071414086 2.1932800516679367 0.6242284337280523 = 1.0 @ 309495.0 2004.51318359375 1
4.111207137386953 1.170088788061995 1.1700887871682468 = 1.0 @ 308524.0 2116.209228515625 1
2.193280051554481 4.111207148788897 2.1932800491035374 = 1.0 @ 306251.0 2369.86767578125 1
4.111268654082308 7.705719690334159 2.1930441056390158 = 0.9999997161168588 @ 305028.0 2509.673828125 1
0.6242284339665273 0.6242284331367365 2.193280046802336 = 1.0 @ 303371.0 2695.407958984375 1
1.1700887872077315 2.193280051780299 4.111207138663659 = 1.0 @ 302344.0 2807.573486328125 1
1.1700887892924285 1.1700887872071015 2.193280050188284 = 1.0 @ 298377.0 3250.08251953125 1
0.6242284337300843 2.1932800491321784 1.1700887878520143 = 1.0 @ 292142.0 3959.90673828125 1
1.1700887872424348 4.111207148074784 4.1112071447984215 = 1.0 @ 291269.0 4056.66015625 1
4.111207145951337 1.1700887878264083 2.1932800531432406 = 1.0 @ 287134.0 4524.56689453125 1
7.706277246423345 1.1700887868618932 4.111207141231445 = 1.0 @ 284165.0 318.463623046875 1
1.170088787540257 7.70627725181499 0.6242284333010338 = 1.0 @ 277174.0 1115.01220703125 1
1.1701067693841507 1.1700769470195294 7.706144112874194 = 0.9999999893819789 @ 266557.0 2313.390625 1
2.193280047038167 2.1932800507019454 4.111207150009885 = 1.0 @ 265474.0 2435.08447265625 1
7.706277262695895 2.1932800487479738 2.1932800489615447 = 1.0 @ 263499.0 112.971923828125 1
2.19328005029435 4.111207136421297 4.111207141691083 = 1.0 @ 261380.0 352.598876953125 1
4.111207144171158 2.193280052794912 7.706277252849001 = 1.0 @ 258295.0 693.768310546875 1
7.75275194932708 1.1693357981723476 1.1698806471779066 = 0.9993902155741794 @ 253404.0 1239.179931640625 1
4.111207142700504 4.111207140777443 1.17008878914515 = 1.0 @ 246973.0 1962.721923828125 1
0.6242284331710964 7.706277251851978 4.111207147036004 = 1.0 @ 238694.0 2891.8515625 1
4.111116368689448 4.110826262597971 0.6242449923862146 = 0.9999998370841616 @ 233929.0 3425.315673828125 1
2.1932800509887596 0.6242284339060653 2.193280049631624 = 1.0 @ 232552.0 3579.7216796875 1
1.170088786197844 1.1700887875094688 4.1112071449962535 = 1.0 @ 229621.0 3914.388671875 1
4.038865432501255 7.714963578592583 0.6454186054096804 = 0.9763382939109695 @ 223376.0 375.279541015625 1
2.193280050368617 7.706277265513585 1.170088786177602 = 1.0 @ 222363.0 489.989990234375 1
2.193280052605215 7.706277252754139 0.6242284335257173 = 1.0 @ 218018.0 974.622802734375 1
2.1932800499451 1.1700887860879172 1.170088786333756 = 1.0 @ 208367.0 2064.046142578125 1
7.706126052539214 2.1933018573175587 0.6242430104538245 = 0.9999999828478858 @ 201250.0 2868.029296875 1
0.6242284331660509 4.111207147576345 2.1932800531022316 = 1.0 @ 180809.0 2027.19287109375 1
4.023797523053118 0.5977293059268376 7.453285267076253 = 0.9430604792153616 @ 162188.0 373.383544921875 1
1.1700887880161785 1.170088788521497 0.3330184351224709 = 1.0 @ 160713.0 536.8662109375 1
2.1932800499181258 0.3330184358355645 4.111207144112455 = 1.0 @ 157124.0 945.038330078125 1
0.6242284328920602 2.1932800491990085 7.706277257841384 = 1.0 @ 154431.0 1246.947021484375 1
0.6241084956189814 7.716423008443581 1.1701597496976253 = 0.999970473006 @ 150576.0 1684.5849609375 1
2.2618720326652277 2.1939784135840794 0.6490533747267397 = 0.9592891479037832 @ 150431.0 1702.260986328125 1
1.169389276896336 2.1903974552826866 2.1948521989318066 = 0.9999566560231734 @ 134620.0 3484.3876953125 1
1.1700887873302779 4.111207143700067 2.1932800543292252 = 1.0 @ 96305.0 228.067138671875 1
2.193280050800342 0.3330184357614499 7.70627726032541 = 1.0 @ 69392.0 3272.024658203125 1
2.193280049069871 2.193280053899061 1.1700887881481337 = 1.0 @ 45535.0 2057.131591796875 1
0.33301843589585517 0.6242284340602208 4.1112071390569005 = 1.0 @ 12564.0 1948.151123046875 1
0.6242284342874163 2.193280048298631 2.193280047441235 = 1.0 @ 10767.0 2150.0244140625 1
