0.8333333328721154 0.12499999987145893 = -2.0 @ 199176.0 76.443603515625 1
0.833333333537273 0.37499999982907334 = -2.0 @ 197736.0 233.449462890625 1
0.49999999993209293 0.12500000004182932 = -2.0 @ 197047.0 307.5478515625 1
0.5000000000312772 0.8750000004109909 = -2.0 @ 196346.0 382.910888671875 1
0.1666666663680035 0.6250000000497763 = -2.0 @ 192285.0 821.480712890625 1
0.5000000002634742 0.6250000002372371 = -2.0 @ 190936.0 967.643798828125 1
0.5000000001048476 0.375000000061757 = -2.0 @ 189491.0 1124.5498046875 1
0.16666666686011386 0.12500000006194686 = -2.0 @ 187446.0 1345.3876953125 1
0.8333333338271539 0.8750000002497724 = -2.0 @ 184045.0 1717.473388671875 1
0.16666666675066502 0.374999999824499 = -2.0 @ 183260.0 1802.513427734375 1
0.8333333333049245 0.6250000002927646 = -2.0 @ 177735.0 2403.057861328125 1
0.16666666619576198 0.8750000000077796 = -2.0 @ 174110.0 384.250244140625 1
