2.1932800494500877 4.11120714692916 = 1.0 @ 199344.0 56.61083984375 1
4.1112071409376245 7.706277248042722 = 1.0 @ 198828.0 111.587890625 1
7.706277249894246 4.111207145816216 = 1.0 @ 198283.0 169.859375 1
1.170088786810975 7.706277254241687 = 1.0 @ 197714.0 229.649658203125 1
4.111207145744416 1.1700887859785567 = 1.0 @ 197133.0 290.59765625 1
7.706277253304497 7.706277249898694 = 1.0 @ 196612.0 349.477294921875 1
2.1932800506943497 2.1932800522185727 = 1.0 @ 195395.0 480.12841796875 1
1.1700887885092957 4.111207148107335 = 1.0 @ 194754.0 549.005126953125 1
4.111207141272888 4.111207149262953 = 1.0 @ 194245.0 603.1474609375 1
7.706277262887806 1.1700887886342746 = 1.0 @ 193712.0 659.312744140625 1
2.1932800513158943 7.706277259430603 = 1.0 @ 192687.0 768.3994140625 1
7.706277262015834 2.1932800483715016 = 1.0 @ 192082.0 832.151611328125 1
7.706277261424537 0.6242284337886113 = 1.0 @ 183653.0 1746.349853515625 1
4.111207137870104 2.1932800488190307 = 1.0 @ 180724.0 109.021240234375 1
4.111207148916594 0.6242284335875392 = 1.0 @ 179915.0 195.798095703125 1
0.6242284336655403 2.1932800498712566 = 1.0 @ 178110.0 395.462890625 1
2.3183218306092925 1.1420061211839503 = 0.9104124563471212 @ 177649.0 445.583251953125 1
0.6242284336630525 1.17008878541281 = 1.0 @ 176216.0 600.254638671875 1
0.3330184356591985 1.1700887872415118 = 1.0 @ 174579.0 782.131591796875 1
0.6243302474534335 7.691643858886514 = 0.999909021401421 @ 162318.0 179.3359375 1
1.1700887871132344 2.1932800480299277 = 1.0 @ 160261.0 402.56591796875 1
0.6242279177368848 4.111187089467672 = 0.9999999993881106 @ 130120.0 1077.9482421875 1
1.1700940167070208 1.1700801484385261 = 0.9999999981378677 @ 124047.0 444.062255859375 1
3.904572655677021 0.33225167861571214 = 0.934845099543864 @ 102462.0 866.222412109375 1
0.3330401343769299 7.678877349610931 = 0.9996827550216434 @ 79197.0 942.55078125 1
7.623666688096498 0.329658619261344 = 0.9945303986579165 @ 73336.0 1575.613037109375 1
0.33133208568645633 0.34049739981405547 = 0.9870747223109626 @ 58003.0 319.156005859375 1
1.170088787813017 0.6242284327675621 = 1.0 @ 56774.0 453.765625 1
2.1932800526233747 0.624228433972318 = 1.0 @ 48753.0 1322.7978515625 1
