0.16287607229854037 3.781509972591715 = -1.707399563542065e-19 @ 199260.0 195.644775390625 1
-1.4814715359017403 3.674022685120659 = -1.745957205874806e-21 @ 198600.0 414.557861328125 1
4.141256931938643 2.477011810000641 = 0.0 @ 185803.0 4582.49267578125 1
-0.4996950653825652 -4.0125970848019445 = 0.0 @ 183458.0 5342.415771484375 1
-2.184984351133744 1.6870539388189632 = 0.0 @ 176925.0 7466.285400390625 1
-3.395112730756041 -3.3173201125576655 = -1.3613461223243486e-06 @ 175352.0 142.67138671875 1
-0.4996951382337761 -4.012596931915492 = -0.02438130266657633 @ 159559.0 707.24609375 1
-0.49969499193965544 -4.012597576276415 = -0.04210557449115271 @ 159559.0 707.24609375 1
-0.4996950356774093 -4.012597425529649 = -0.04407169431020841 @ 159559.0 707.24609375 1
1.7577435906301084 1.5957372544479334 = 0.0 @ 157107.0 1636.031494140625 1
-0.4996929903939944 -4.012597284791932 = -0.08726449556796322 @ 150058.0 4311.6865234375 1
-0.4996945939833634 -4.0125956910108505 = -0.08688200981585971 @ 142127.0 2489.15966796875 1
-2.184984323189082 1.6870540943592043 = -0.019733386856961792 @ 125809.0 2398.921142578125 1
-2.1849841890564727 1.6870539167070864 = -0.021033991735496155 @ 125809.0 2398.921142578125 1
-0.4996949296076275 -4.012598379898469 = -0.08750400839170232 @ 99246.0 830.543701171875 1
-0.4996948953676484 -4.012597090068122 = -0.019731018559363874 @ 92848.0 3246.211669921875 1
-0.4996948352008458 -4.012597225229981 = -0.03434348894387903 @ 92848.0 3246.211669921875 1
-0.49969467148146895 -4.0125971545797565 = -0.04323284565237181 @ 92848.0 3246.211669921875 1
-0.4996947229083874 -4.012596342683333 = -0.08133660137464781 @ 8637.0 4169.078125 1
-0.4996938933026021 -4.012596828754141 = -0.09073779564574702 @ 8637.0 4169.078125 1
