7.70627725890618 0.6242284333709711 = 1.0 @ 199200.0 72.796875 1
7.7062772605199665 7.706277248239508 = 1.0 @ 198732.0 123.31494140625 1
0.624228433887453 1.1700887889285956 = 1.0 @ 196231.0 394.260009765625 1
0.3336589855399218 7.850564923007878 = 0.991329516374595 @ 193550.0 685.523193359375 1
4.11120713937413 4.111207144935195 = 1.0 @ 192489.0 799.85009765625 1
4.1112071368041345 7.70627724839989 = 1.0 @ 191428.0 917.047119140625 1
1.1700887881852393 4.111207142912755 = 1.0 @ 189119.0 1172.97802734375 1
2.193280049899322 7.7062772632951635 = 1.0 @ 188574.0 1232.104248046875 1
2.1932800512557473 4.111207143941946 = 1.0 @ 187993.0 1294.96630859375 1
7.706277259758645 2.1932800497522273 = 1.0 @ 186800.0 1427.11376953125 1
0.6242284335792806 2.1932800505374512 = 1.0 @ 186147.0 1499.52978515625 1
1.1701473182028792 7.707937332938896 = 0.9999987775663355 @ 183598.0 1777.1181640625 1
7.706277252780575 1.1700887863271112 = 1.0 @ 181265.0 2032.487060546875 1
4.111207137872762 1.1700887881084037 = 1.0 @ 180156.0 2152.134521484375 1
7.706277251056631 4.111207140488518 = 1.0 @ 177251.0 59.822998046875 1
1.1436592606012888 2.174034553850845 = 0.985066766453751 @ 173058.0 522.2763671875 1
2.193280051286523 1.1700887882225284 = 1.0 @ 168457.0 1028.904052734375 1
0.6242284336768836 0.6242284332371634 = 1.0 @ 164076.0 80.130859375 1
4.111207143310839 2.193280049985232 = 1.0 @ 160759.0 441.77197265625 1
0.624228433840361 4.111207147345898 = 1.0 @ 158378.0 701.75927734375 1
0.624631484567576 7.715607324176258 = 0.999952983531034 @ 143941.0 822.327392578125 1
1.1700887883693343 0.6242284342361021 = 1.0 @ 132048.0 348.225341796875 1
2.1932800517998126 2.193280049146454 = 1.0 @ 131443.0 413.493896484375 1
2.1933301665794125 0.624240652035842 = 0.9999999773696108 @ 120294.0 134.797607421875 1
1.1700887872229524 1.170088787246442 = 1.0 @ 95433.0 450.44482421875 1
4.111207144674664 0.6242284346024434 = 1.0 @ 56476.0 66.072509765625 1
0.3330184351265767 1.1700887870138112 = 1.0 @ 44511.0 190.460205078125 1
7.706277243489756 0.33301843512171037 = 1.0 @ 32078.0 217.64599609375 1
2.1932800409639426 0.33301843394894765 = 0.999999999999999 @ 21805.0 151.146240234375 1
0.33301843548744736 0.6242284339097692 = 1.0 @ 11720.0 1265.78515625 1
