-0.8003211001467858 -7.08350640679872 -7.70831373309761 = 2709.0935055728282 @ 395015.0 570.195556640625 1
4.858056879311059 -0.8003211007089983 -0.8003211004707844 = 2709.0935055728282 @ 393643.0 735.099609375 1
-1.4251284286988664 5.482864207220629 -7.083506407454301 = 2709.093505572828 @ 392336.0 893.358642578125 1
4.858056877316715 -7.083506406466467 5.48286420803166 = 2709.0935055728282 @ 389895.0 1191.349853515625 1
5.482864208538741 -7.083506406383372 -1.4251284274488873 = 2709.093505572828 @ 387650.0 1460.701904296875 1
5.482864206622583 -1.4251284280025707 -0.800321101676304 = 2709.093505572828 @ 386427.0 1605.28515625 1
5.482864207799731 -7.708313735953999 5.482864208956853 = 2709.0935055728287 @ 384084.0 1881.61572265625 1
-0.800321098495035 -7.083506407212717 4.85805687968641 = 2709.0935055728282 @ 376715.0 2764.63671875 1
-7.083506408161196 -7.083506406672144 -7.708313734769105 = 2709.0935055728287 @ 373182.0 3187.3056640625 1
4.8580568789782905 -7.0835064072195175 -7.083506408402209 = 2709.0935055728282 @ 366947.0 3935.239501953125 1
-0.8003211011278423 -7.083506406240547 -1.4251284280496828 = 2709.093505572828 @ 364492.0 4226.10986328125 1
5.482864206190331 -0.8003211011423401 -7.708313734812668 = 2709.0935055728282 @ 352139.0 5727.512939453125 1
5.482864207762848 4.858056879789709 5.4828642064953845 = 2709.0935055728282 @ 346156.0 6450.963134765625 1
-7.083506410446342 5.482864205676348 4.858056877786185 = 2709.0935055728282 @ 344961.0 6593.564453125 1
-1.4251284295003646 -0.8003211010049164 5.4828642071567995 = 2709.093505572828 @ 343766.0 6739.28466796875 1
5.482864205918272 4.858056879077447 -0.8003211005453221 = 2709.0935055728282 @ 340261.0 7170.2568359375 1
-1.4251284286163568 5.482864207418279 5.482864207133565 = 2709.093505572828 @ 339122.0 7306.625 1
-7.083506407753981 5.482864205029982 -1.4251284241581463 = 2709.0935055728273 @ 336741.0 265.27099609375 1
-7.0835064091151425 4.858056878483376 -7.083506409451482 = 2709.0935055728282 @ 326992.0 1463.0 1
-7.7083137374113715 5.482864205978863 -0.8003211012454782 = 2709.0935055728282 @ 306169.0 3981.5947265625 1
-1.4251284283024714 -0.8003210996627984 -0.8003211014161304 = 2709.093505572828 @ 297488.0 289.090576171875 1
-0.8003211011359199 -0.8003211006701412 -1.4251284275332539 = 2709.093505572828 @ 292317.0 914.1240234375 1
-7.70831373369398 -7.083506408564464 -7.083506408458613 = 2709.0935055728282 @ 284150.0 1904.827880859375 1
-7.083505988258472 -7.7083136135169905 5.482864503802994 = 2709.0935055638547 @ 280841.0 2308.535400390625 1
-0.8003213316740937 -1.425129346232754 5.482864394511345 = 2709.093505541492 @ 261138.0 4690.80322265625 1
4.8580558161517065 -0.8003216315573388 -7.083503895005164 = 2709.0935053231888 @ 253003.0 81.50439453125 1
-7.083506407328269 -0.8003210999290046 -1.425128428223562 = 2709.093505572828 @ 247958.0 689.152099609375 1
5.482864758408427 -7.0835058886660445 -7.708313056962638 = 2709.093505538864 @ 246133.0 908.616455078125 1
-7.083506409394973 -0.80032110089551 -7.708313736727915 = 2709.0935055728282 @ 244938.0 1057.134521484375 1
4.858056880238836 -7.083506407744254 -0.8003211007048857 = 2709.0935055728287 @ 239865.0 1669.011474609375 1
-1.4251284273233966 -7.083506407862794 5.482864207747961 = 2709.093505572828 @ 229346.0 2947.860107421875 1
-0.8003211017510246 -0.8003210997116249 -7.708313735751963 = 2709.0935055728282 @ 228067.0 3100.69775390625 1
-7.708313737494243 -0.8003211007619431 -7.083506407801957 = 2709.0935055728282 @ 221510.0 3896.20556640625 1
-0.8003210998968755 4.858056879104248 5.482864206653666 = 2709.0935055728282 @ 220371.0 4032.398193359375 1
-7.083506406381891 -7.7083137346048485 -0.8003210994736693 = 2709.0935055728282 @ 203682.0 150.738525390625 1
-7.083506407742739 -7.083506407496352 -1.4251284264573854 = 2709.093505572828 @ 200331.0 558.78369140625 1
-0.800321099499586 4.8580568790542475 -7.083506410575527 = 2709.0935055728282 @ 199164.0 699.193603515625 1
-1.425128428219986 -7.083506408463894 -7.083506407465274 = 2709.0935055728282 @ 196863.0 974.72021484375 1
5.48286420562022 5.482864206333164 -7.708313734440436 = 2709.0935055728287 @ 191244.0 1659.677001953125 1
-0.8003211002649327 5.482864206664064 -7.708313734541241 = 2709.0935055728282 @ 188901.0 1939.1083984375 1
-7.70831373559543 5.4828642065106035 -7.083506408857737 = 2709.0935055728282 @ 179782.0 3056.921630859375 1
4.858056880226394 -0.8003211005024213 5.4828642072656875 = 2709.0935055728282 @ 176333.0 3479.662109375 1
5.482864206794068 -1.4251284280149576 5.482864205967529 = 2709.093505572828 @ 168544.0 4430.24169921875 1
-7.708343233487674 5.4828297253835965 5.48283300602299 = 2709.0934068221804 @ 156863.0 5847.2216796875 1
-7.083506408667115 5.482864208611423 -7.708313736886614 = 2709.0935055728282 @ 155724.0 5989.900146484375 1
4.858056878811832 5.482864206703767 -0.8003211006403358 = 2709.093505572828 @ 154641.0 6120.563232421875 1
-0.8003211014098789 -7.708313736305334 5.482864205199332 = 2709.0935055728282 @ 146478.0 740.14501953125 1
4.858056878104209 5.48286420888749 5.482864206087728 = 2709.0935055728282 @ 142833.0 1186.89794921875 1
5.482864206209918 -1.4251284277769345 -7.083506407891351 = 2709.0935055728282 @ 138586.0 1700.385986328125 1
-0.8003210991581353 -1.425128428023061 -0.8003211007190983 = 2709.093505572828 @ 109363.0 5265.88232421875 1
5.4828640224460505 -7.7083128384697 -0.80032022478446 = 2709.093505519946 @ 106982.0 78.943115234375 1
-1.4251284286294648 -0.8003210993581977 -7.083506406133403 = 2709.093505572828 @ 104751.0 351.337890625 1
-0.8003210992209046 -7.708313734882045 -7.083506405450347 = 2709.0935055728282 @ 102184.0 663.576171875 1
-7.0835064083001535 4.858056878414688 -0.8003211011463163 = 2709.0935055728282 @ 84637.0 2811.603271484375 1
-7.08350641131099 4.858056879953105 5.482864208689506 = 2709.093505572828 @ 77380.0 3693.58935546875 1
-7.083506408581813 -7.708313734804902 -7.083506406544169 = 2709.0935055728282 @ 50905.0 1826.21826171875 1
-1.4251284282099248 5.482864205954199 -0.8003210999521836 = 2709.093505572828 @ 46756.0 2337.72021484375 1
-7.083506461135965 -0.8003210726493966 4.8580569042916695 = 2709.0935055726886 @ 43993.0 2679.332763671875 1
-7.708313736368536 -7.083506406606621 -0.8003211003850211 = 2709.0935055728282 @ 39522.0 3221.992431640625 1
