0.16666666673081412 0.37500000015611334 = -2.0 @ 199272.0 66.223388671875 1
0.5000000005028492 0.6249999997021061 = -2.0 @ 198576.0 141.2177734375 1
0.8333333332256885 0.12499999992500875 = -2.0 @ 197035.0 314.17626953125 1
0.16666666680063613 0.6249999999531116 = -2.0 @ 196406.0 381.8701171875 1
0.5000000001184051 0.37500000007338496 = -2.0 @ 194889.0 545.41650390625 1
0.5000000001393908 0.8749999999922321 = -2.0 @ 190912.0 977.220947265625 1
0.8333333328179059 0.37499999995859595 = -2.0 @ 190271.0 1050.333740234375 1
0.4999999999132771 0.1250000003429957 = -2.0 @ 184770.0 1655.150390625 1
0.833333333120005 0.8750000000256971 = -2.0 @ 181477.0 2016.5830078125 1
0.8333333328147339 0.6249999998315091 = -2.0 @ 180812.0 2087.525146484375 1
0.16666666658116416 0.8749999999862311 = -2.0 @ 176911.0 122.5869140625 1
0.16975325597117227 0.12506991231142783 = -2.0152421411750936 @ 172574.0 621.1279296875 1
