1.1700887872548622 4.111207144796007 = 1.0 @ 199164.0 75.09033203125 1
7.70627724357769 7.706277260646935 = 1.0 @ 198684.0 127.051025390625 1
1.1700887867514214 7.706277254145415 = 1.0 @ 197503.0 252.347412109375 1
4.111207140685078 7.706277261597144 = 1.0 @ 196910.0 314.78125 1
2.19328004676574 4.111207146973246 = 1.0 @ 195837.0 436.882568359375 1
4.1112071447486445 2.1932800505514276 = 1.0 @ 195280.0 496.5654296875 1
7.706277258504788 4.111207147259679 = 1.0 @ 194747.0 553.38134765625 1
2.1932800514428834 7.706277243192926 = 1.0 @ 191010.0 959.771728515625 1
7.706277259840685 2.1932800501526226 = 1.0 @ 190477.0 1015.832763671875 1
2.193280048912037 2.1932800486273054 = 1.0 @ 186080.0 1486.262939453125 1
0.6242802946645681 7.6313819317167475 = 0.9976172176107958 @ 184731.0 1637.01806640625 1
0.33301843599095 1.1700887871726646 = 1.0 @ 180650.0 78.56201171875 1
4.111207145993947 1.1700887877908386 = 1.0 @ 179769.0 174.164306640625 1
4.11105939875907 4.111208909338979 = 0.9999999677076674 @ 179428.0 210.998046875 1
0.624228434150223 1.170088786082659 = 1.0 @ 177239.0 451.0107421875 1
7.706277259667981 1.1700887858701654 = 1.0 @ 176670.0 512.19873046875 1
2.169086630454216 1.1622512240356306 = 0.9957985418987259 @ 176545.0 525.99951171875 1
4.111207149339066 0.6242284342824351 = 1.0 @ 173624.0 850.467041015625 1
0.6279118174533282 4.1434751155038265 = 0.9976075969383043 @ 173319.0 883.11572265625 1
2.242112042927622 0.6253365905941668 = 0.9878480995390702 @ 167738.0 111.1171875 1
2.19328005275445 0.33301843537961195 = 1.0 @ 157993.0 351.121826171875 1
1.17008878876972 0.6242284334922188 = 1.0 @ 155432.0 630.282470703125 1
7.706277258914289 0.6242284333484417 = 1.0 @ 150139.0 262.64404296875 1
0.32891433934640624 2.2428835935989295 = 0.9837087145304457 @ 143118.0 25.536376953125 1
7.814042293687081 0.32595701932033666 = 0.9837466781179411 @ 136717.0 729.664794921875 1
0.33446707399141906 7.641670678638301 = 0.9977581255387127 @ 124116.0 927.0634765625 1
1.1700887881102464 2.1932800501579375 = 1.0 @ 114827.0 523.590576171875 1
1.1745456705674886 1.2025178388893525 = 0.9810707273256077 @ 92078.0 709.902099609375 1
4.111207141198926 0.3330184350247973 = 1.0 @ 76973.0 72.2685546875 1
0.6242284331503617 2.193280052058149 = 1.0 @ 33852.0 1172.364501953125 1
