2.193280051497725 7.706277261928618 4.111207140129188 = 1.0 @ 399010.0 87.660888671875 1
4.111207139208589 4.111207141010132 4.111207138926004 = 1.0 @ 398128.0 185.519775390625 1
7.7062772497400465 7.7062772613618 4.11120713715151 = 1.0 @ 397339.0 271.399169921875 1
2.1932800505361905 7.706277254266826 2.1932800491176105 = 1.0 @ 396410.0 373.1953125 1
7.706277250298663 4.111207143226097 7.706277263556057 = 1.0 @ 393689.0 675.6220703125 1
4.111207150063638 1.1700887857890987 4.111207149940395 = 1.0 @ 392732.0 780.73681640625 1
4.111207140916692 2.1932800544733047 4.111207142666271 = 1.0 @ 391803.0 880.88818359375 1
4.111207146675821 4.111207145091305 7.7062772497526755 = 1.0 @ 391000.0 973.0068359375 1
2.1932800536477326 2.1932800517785407 1.1700887891408553 = 1.0 @ 390085.0 1073.1982421875 1
2.193280049633057 2.1932800520189737 7.706277258203742 = 1.0 @ 389254.0 1164.53271484375 1
7.706277255210328 1.1700887878927435 4.111207147133233 = 1.0 @ 387569.0 1348.07080078125 1
4.1112071368806795 7.7062772572204725 2.193280050919842 = 1.0 @ 386724.0 1439.91650390625 1
4.111207136698373 7.706277269276741 1.1700887867582253 = 1.0 @ 385837.0 1536.127197265625 1
4.111207143734324 7.706277262657301 4.111207143028452 = 1.0 @ 384992.0 1628.40234375 1
4.111207141566693 4.111207141451942 2.193280052108066 = 1.0 @ 384119.0 1728.214111328125 1
1.1700897344364911 2.1932919573001293 4.111189625317995 = 0.9999999991953219 @ 382938.0 1858.24560546875 1
7.7062772435061175 7.706277257406337 7.706277255752053 = 1.0 @ 382079.0 1951.708740234375 1
7.70627725669651 4.111207140314858 4.111207142018807 = 1.0 @ 380394.0 2140.744140625 1
2.1932800479187287 7.706277249752451 7.706277257709251 = 1.0 @ 379493.0 2239.85693359375 1
4.111207149555637 7.706277252284144 7.706277261812723 = 1.0 @ 376954.0 2515.276611328125 1
7.706277246271576 2.193280049988296 2.1932800533133614 = 1.0 @ 376053.0 2613.35791015625 1
1.170088789347308 7.706277250439191 7.706277262083123 = 1.0 @ 374284.0 2805.380859375 1
7.7062772532729555 7.706277246403474 2.193280052867609 = 1.0 @ 370723.0 3200.200927734375 1
7.706277251693942 2.193280047995642 4.111207146788977 = 1.0 @ 367946.0 3507.344970703125 1
7.706277267889137 7.706277172099012 1.1700887951024517 = 0.9999999999999973 @ 366233.0 3693.7919921875 1
4.111207143304821 2.1932800490096827 7.70627725104311 = 1.0 @ 364156.0 3920.041015625 1
1.1700887882338131 4.1112071483005606 7.7062772664339505 = 1.0 @ 363199.0 4024.133056640625 1
2.1932800506526418 4.111207144151053 1.1700887876064143 = 1.0 @ 355928.0 4828.079345703125 1
1.1700887891125153 7.706277254424136 4.111207148274316 = 1.0 @ 354835.0 97.68310546875 1
2.193312068786535 4.111080403656427 4.111248634428165 = 0.9999999789110301 @ 354130.0 175.67919921875 1
7.706269551959018 2.1932426466443617 7.706287233442656 = 0.9999999951080343 @ 353523.0 242.448486328125 1
8.08099664986878 1.1980270463612426 2.155385876693821 = 0.9488415041161551 @ 352706.0 335.7587890625 1
7.84161819380007 4.083007042584836 0.33316353951913513 = 0.994168515151549 @ 350419.0 590.2509765625 1
4.245458529047225 1.214815630941395 2.1011248972758536 = 0.9295179424709623 @ 350274.0 606.994873046875 1
0.6242284341715221 4.111207147015542 4.111207140205854 = 1.0 @ 348141.0 847.9775390625 1
7.70627724262704 4.111207136053966 2.1932800495513014 = 1.0 @ 346498.0 1030.2265625 1
1.1700887917490983 1.170088786333888 2.1932800602109697 = 0.9999999999999994 @ 344127.0 1294.22705078125 1
2.1932800482044597 2.193280052986933 4.11120714794506 = 1.0 @ 339964.0 1762.65087890625 1
1.170088787752568 1.1700887880456974 7.706277252664763 = 1.0 @ 338111.0 1964.133544921875 1
7.705847977970474 2.193384504358153 1.1700750410805105 = 0.9999999081797031 @ 337154.0 2074.364013671875 1
2.2111264516291493 2.1854052864595332 0.6596305292402795 = 0.9492467120545255 @ 335931.0 2213.97900390625 1
1.1700887872600354 4.111207147946172 4.111207137729621 = 1.0 @ 333000.0 2540.41064453125 1
0.6242284333593912 7.706277249466245 7.706277250998425 = 1.0 @ 326713.0 505.338623046875 1
0.6601006003567664 1.2052415188108645 4.074616058256723 = 0.933476693721742 @ 325700.0 618.89306640625 1
1.1167466278711038 1.1241015546605604 4.011530523147277 = 0.9279408316623015 @ 325700.0 618.89306640625 1
7.706277259064414 4.111207142817611 1.1700887886818045 = 1.0 @ 322862.0 937.58642578125 1
4.046410381964543 2.2329378194724443 1.1187404702755361 = 0.9574597211202565 @ 320197.0 1237.97314453125 1
0.33301843548948457 4.11120714477646 7.706277250222002 = 1.0 @ 319198.0 1352.730224609375 1
2.1932800546766607 4.111207138867302 7.7062772523266805 = 1.0 @ 310961.0 2274.99951171875 1
1.1700887857647966 7.706277252000149 1.170088786809893 = 1.0 @ 302630.0 102.94140625 1
7.586788230944203 1.1675654737972951 7.560336619811695 = 0.9897865551812992 @ 301435.0 235.993896484375 1
0.6242176915612818 7.706241579699153 4.112080693649478 = 0.9999992424022077 @ 301010.0 283.265625 1
1.1668835525336745 0.6237692165324057 7.6368789732256515 = 0.9985026037317338 @ 298107.0 610.53076171875 1
2.193280051278682 0.33301843566847306 7.706277265489688 = 1.0 @ 293664.0 1109.191162109375 1
1.1700887871940813 7.7062772550654985 2.193280048970608 = 1.0 @ 290453.0 1462.020751953125 1
1.1701333592358973 2.1932195355402606 7.706235649517115 = 0.999999962642723 @ 289986.0 1512.71826171875 1
4.110171811796484 1.1729127149022909 7.70319883975427 = 0.9998994431572734 @ 288777.0 1645.798583984375 1
7.919983107216567 1.1103312258112326 0.6420663293225538 = 0.9297030205373671 @ 283900.0 2196.18798828125 1
2.193280051039302 7.706277256687028 1.1700887864608285 = 1.0 @ 279527.0 2679.256103515625 1
2.1932800488543864 1.1700887872662833 4.111207145412223 = 1.0 @ 276274.0 3039.917236328125 1
0.6242284336920898 2.193280052638826 2.19328005170461 = 1.0 @ 275107.0 3167.573486328125 1
7.706165804778481 1.1700549469817587 1.1700462978368293 = 0.9999999605945347 @ 264872.0 944.764404296875 1
0.6242284343988019 4.111207137350739 2.1932800521008917 = 1.0 @ 258805.0 1624.754150390625 1
7.7062772626161395 0.6242284339044216 2.193280048934328 = 1.0 @ 257736.0 1742.4599609375 1
7.706277259063273 0.6242284341210727 4.111207142688066 = 1.0 @ 253839.0 2181.498779296875 1
1.170088786929524 4.111207143674524 2.193280052236476 = 1.0 @ 250026.0 2612.439208984375 1
2.193280053519145 1.1700887864373584 1.1700887873322259 = 1.0 @ 243851.0 101.48876953125 1
2.193280048865835 1.170088787134771 7.706277262182939 = 1.0 @ 234970.0 1085.069091796875 1
0.6242284329376742 2.193280048305888 7.706277260597058 = 1.0 @ 233047.0 1298.6533203125 1
4.111207142647775 0.6242284334133853 2.193280049670821 = 1.0 @ 229500.0 1696.921630859375 1
7.706312149118073 7.705945704053032 0.6242319675901383 = 0.9999999682722285 @ 206844.0 4226.7666015625 1
7.64768761078789 0.3315791300205675 4.194781601812448 = 0.9919898469829265 @ 206265.0 4292.195068359375 1
2.1932806537000804 0.6242359634480592 7.706083825365181 = 0.999999987072879 @ 205620.0 49.3759765625 1
7.711419882289138 0.6219837004241081 7.805827339071047 = 0.9970343150841632 @ 204817.0 142.044189453125 1
4.157405564087613 0.6497971618409564 7.863820514662308 = 0.9646183569681488 @ 203664.0 277.846435546875 1
2.193280051391934 7.706277256952739 0.3330184353612813 = 1.0 @ 201139.0 560.421875 1
2.193280048807641 7.706277258093944 0.6242284336099724 = 1.0 @ 192888.0 1478.36181640625 1
7.706348558483422 2.1932703968355316 0.6242192877416292 = 0.9999999946724611 @ 143961.0 335.140380859375 1
1.1700887867003986 4.111207142803173 1.1700887866824434 = 1.0 @ 142976.0 444.50537109375 1
0.624228434469623 0.6242284344947847 7.706277251355715 = 1.0 @ 135411.0 1291.355224609375 1
7.516718868829778 7.321335754330669 0.34266626679287215 = 0.9333998087513673 @ 127384.0 2191.378173828125 1
0.6242284338196864 2.193280048120151 1.1700887863956873 = 1.0 @ 122857.0 2701.560546875 1
2.193284998369294 4.111191567007978 2.1932811607718006 = 0.9999999996716888 @ 119660.0 3062.4462890625 1
4.111207144416916 2.19328005335039 0.6242284328317848 = 1.0 @ 108193.0 791.28955078125 1
2.1932800493127345 1.1700887884631497 0.6242284337464555 = 1.0 @ 106396.0 992.015380859375 1
4.111207145775633 2.193280052533218 2.193280050351329 = 1.0 @ 104333.0 1229.212646484375 1
0.3403154281932976 7.685952087464347 4.040859292394114 = 0.9871317986087446 @ 83304.0 358.996826171875 1
4.111234075978064 7.706032184357742 0.6242016789201219 = 0.9999999518101621 @ 55551.0 3465.353759765625 1
7.706284969832306 4.111204549131535 0.6242281775581632 = 0.9999999999738629 @ 53222.0 3723.52978515625 1
0.6242284329523362 7.706277249953839 1.1700887884233742 = 1.0 @ 52101.0 104.956787109375 1
0.333018435442443 2.193280050947744 2.1932800499319414 = 1.0 @ 49296.0 417.757568359375 1
4.111207144703357 4.111207142587945 1.1700887863796092 = 1.0 @ 26513.0 2986.285888671875 1
1.170088787805167 2.193280047804861 1.170088785712124 = 1.0 @ 18210.0 886.889404296875 1
2.193280050553468 0.6242284331856002 4.111207147067298 = 1.0 @ 7677.0 2081.0078125 1
