7.706277259677253 4.111207149599405 4.111207140010065 = 1.0 @ 398898.0 105.2021484375 1
7.706277263713512 2.193280049004039 7.706277258946595 = 1.0 @ 398044.0 202.02490234375 1
2.1932800518288276 4.111207144390495 2.1932800492574356 = 1.0 @ 397073.0 309.472412109375 1
4.111207147596816 4.111207144062355 7.706277254764835 = 1.0 @ 396284.0 397.19384765625 1
7.706277252156109 7.706277264690141 1.1700887883922242 = 1.0 @ 395341.0 501.179443359375 1
7.7062772486958755 7.706277245964157 7.7062772538462685 = 1.0 @ 394426.0 602.809814453125 1
7.7085713732896455 4.113856638185938 0.6241818164017825 = 0.9999915128548309 @ 392265.0 849.666748046875 1
4.111207145473603 7.706277264698538 7.7062772629554495 = 1.0 @ 391364.0 952.235595703125 1
2.1932800538878223 4.111207140366392 7.706277264406741 = 1.0 @ 389665.0 1144.25927734375 1
7.7062772471063115 7.706277253481711 2.1932800529043996 = 1.0 @ 387952.0 1342.0166015625 1
7.706277256722066 2.193280050381116 4.111207141011907 = 1.0 @ 387023.0 1446.82080078125 1
7.706277252498605 0.6242284335780145 7.706277253437697 = 1.0 @ 386052.0 1554.9541015625 1
7.706277242335239 4.111207130139409 2.1932800480196435 = 0.9999999999999998 @ 385165.0 1654.4501953125 1
4.111207144223229 1.170088786983893 2.1932800506119814 = 1.0 @ 384278.0 1754.05078125 1
7.7352523775599105 1.1707215186364752 7.694667624254142 = 0.9997225377595303 @ 381291.0 2093.254150390625 1
2.193280049007593 2.1932800536983414 7.706277265951883 = 1.0 @ 379536.0 2290.2412109375 1
4.111207141434363 7.706277244063932 2.193280049153893 = 1.0 @ 378523.0 2404.642578125 1
1.1700887870900023 4.111207135507007 7.706277260240678 = 1.0 @ 376628.0 2621.2197265625 1
1.170088786686554 2.193280053180503 4.111207145231974 = 1.0 @ 374775.0 2830.736572265625 1
1.1686309156965893 1.170357964880653 7.749291028567467 = 0.9994569821904412 @ 372768.0 3055.442138671875 1
7.706277247072886 7.706277254785656 4.111207143634552 = 1.0 @ 370285.0 3338.65966796875 1
2.1932800494907876 7.706277250053731 7.706277251197438 = 1.0 @ 368600.0 3527.223388671875 1
1.1700887880046213 2.1932800476840657 2.1932800531443783 = 1.0 @ 367587.0 3644.789306640625 1
4.111207142809791 2.1932800501963525 4.11120714389713 = 1.0 @ 363242.0 4131.038330078125 1
4.111207137935953 4.111207139222936 2.193280049317997 = 1.0 @ 355817.0 4972.463623046875 1
7.783422400106012 0.6228607190568849 4.128389188838685 = 0.9979776617051779 @ 352162.0 195.593505859375 1
7.706277258480347 4.111207139346605 7.706277262069369 = 1.0 @ 351331.0 288.182373046875 1
7.768962740946168 0.32823875009803477 7.687419906031861 = 0.9953295090920311 @ 350780.0 351.47265625 1
1.1700887878843167 7.706277247546385 4.1112071358814894 = 1.0 @ 349095.0 551.15771484375 1
2.1932800518788684 7.706277267071169 4.111207143848901 = 1.0 @ 347578.0 725.075927734375 1
2.1932902430153383 7.703666093707255 1.1700391974199547 = 0.9999980555606509 @ 345753.0 933.06005859375 1
2.193280049410986 7.706277256992645 2.1932800501259773 = 1.0 @ 342626.0 1285.37548828125 1
0.6242345851589137 2.1932600580033785 7.706591765298378 = 0.999999969237339 @ 340829.0 1486.035400390625 1
8.020702080208292 4.274217240186045 0.34576906308190636 = 0.9255614971663148 @ 340264.0 1551.600830078125 1
1.1700887880821733 7.706277266156913 1.1700887869401775 = 1.0 @ 339265.0 1666.817626953125 1
0.6244612742608878 7.740234888928088 7.701717158252286 = 0.9996696956195055 @ 337076.0 1911.131103515625 1
1.166932728480229 4.06854841052508 4.13607114158701 = 0.9974610818959011 @ 336945.0 1926.960693359375 1
4.111186207702604 4.1111946012735405 4.111167112482183 = 0.9999999978325818 @ 336492.0 1980.656982421875 1
7.616896005865739 1.1695955327447614 2.187270239177066 = 0.9976057660216235 @ 333883.0 2275.15869140625 1
7.706277260911728 2.1932800534836963 2.1932800499651384 = 1.0 @ 332548.0 2425.6689453125 1
4.111245861388699 7.706311020985772 4.111069368587884 = 0.9999999794837491 @ 332179.0 2466.670654296875 1
4.111207142134561 1.1700887886967746 7.706277252011459 = 1.0 @ 331292.0 2566.3486328125 1
7.706277252312959 1.1700887867595495 4.111207140753117 = 1.0 @ 320199.0 3826.015625 1
0.6242284346820071 4.111207149398118 2.193280053881658 = 1.0 @ 318420.0 100.989501953125 1
7.610417072759254 7.533019621348708 0.3379369306537231 = 0.9852350133652392 @ 317225.0 239.775390625 1
7.738380390877286 7.730495088534527 0.6524454170290178 = 0.9674980930546968 @ 317225.0 239.775390625 1
4.111207145807413 0.3330184355834593 2.1932800486358595 = 1.0 @ 316095.0 370.78759765625 1
1.1700887857731672 4.111207140108553 1.1700887867341314 = 1.0 @ 311834.0 858.019775390625 1
2.1932800510224157 1.170088787790255 0.3330184356964325 = 1.0 @ 309379.0 1140.825927734375 1
2.1933212327142497 1.1701038746286414 4.111246720726077 = 0.9999999898087366 @ 307540.0 1349.925048828125 1
7.9070329646798685 1.128311805812877 1.164666095823994 = 0.966888956167603 @ 302985.0 1877.981689453125 1
4.107544855600915 0.3337408114469392 7.609298709291019 = 0.997239046689931 @ 300978.0 2108.7939453125 1
4.263426418424607 0.6522071491076596 7.926973416107675 = 0.9334808978452813 @ 300978.0 2108.7939453125 1
4.111329131659253 7.706291494544945 1.1701215046078959 = 0.9999999722393649 @ 297706.0 2484.15185546875 1
4.111217000029299 4.111194270164343 1.170090745306944 = 0.9999999996941291 @ 295549.0 233.06787109375 1
1.135801133960583 2.2781217508519758 0.6244610508190953 = 0.9616429775096091 @ 295460.0 244.080810546875 1
1.201003785466435 0.6144339696996752 4.307510791648634 = 0.9489622095543782 @ 293677.0 450.11767578125 1
2.1138744879761253 4.333367364873854 1.189280586794518 = 0.9280840228654366 @ 292678.0 564.9873046875 1
4.111207137546396 2.1932800486407875 7.706277258320297 = 1.0 @ 290447.0 817.498291015625 1
4.111207138182349 2.1932800506332555 2.1932800513830553 = 1.0 @ 288006.0 1102.20263671875 1
1.170137354992702 7.70588721953301 7.706473799118954 = 0.9999999177492428 @ 287441.0 1165.69580078125 1
2.1932800518911595 2.1932800534575088 2.1932800504510035 = 1.0 @ 285826.0 1349.965087890625 1
0.6242275029714738 0.6242479974553478 0.6242290749785175 = 0.9999999835751303 @ 282951.0 1683.68603515625 1
4.111207144912735 2.193280052596807 1.1700887876253452 = 1.0 @ 282064.0 1785.358154296875 1
0.3329690651601363 7.70009339382227 7.705864765594745 = 0.9999888453629809 @ 277355.0 2327.736083984375 1
7.706277255808463 4.111207142909527 1.1700887878412867 = 1.0 @ 275348.0 2559.37890625 1
0.6516015984256864 8.083969110887892 4.003646747621278 = 0.9206907041707728 @ 275175.0 2580.57080078125 1
4.1112071475855085 4.1112071464733 0.6242284334268162 = 1.0 @ 274134.0 2698.3291015625 1
0.624394628676417 4.102222090853648 7.531936167664195 = 0.9912297942969626 @ 271553.0 2990.199462890625 1
4.111207141468191 7.706277244280559 0.6242284338739292 = 1.0 @ 269158.0 247.70556640625 1
0.6242456393960657 4.1112535134463934 4.111114023416892 = 0.9999999766672141 @ 262111.0 1064.17529296875 1
1.2156464180549738 7.655841953610741 2.25593596865877 = 0.9621242651084321 @ 258564.0 1480.311279296875 1
0.6242156394124048 7.706141912409066 2.1931867794677413 = 0.9999999577152141 @ 257943.0 1549.429931640625 1
0.6237921717099235 7.692818111220454 1.168619187778794 = 0.9999146035643656 @ 250826.0 2370.954833984375 1
1.170088786339666 2.193280053389148 7.706277247556303 = 1.0 @ 245911.0 300.716796875 1
1.1700887869213779 1.1700887866586451 1.1700887883136522 = 1.0 @ 238486.0 1162.323486328125 1
7.706518572822397 2.1932594407571724 1.1700719236826758 = 0.999999978723727 @ 235807.0 1475.73486328125 1
1.1700887888868716 4.111207144583823 2.1932800545023454 = 1.0 @ 234192.0 1666.499267578125 1
2.19328005138689 1.1700887854627258 1.1700887867870353 = 1.0 @ 228097.0 2364.11376953125 1
0.6249569846989028 1.1671421254312604 7.623478150653099 = 0.9979283506275527 @ 217256.0 3619.620361328125 1
0.6358860003211875 1.1787130312395038 0.6261618027926941 = 0.9932525257636718 @ 213293.0 295.052490234375 1
0.3262673741546548 1.1275516337393594 1.2175084757524126 = 0.9444788171621357 @ 213293.0 295.052490234375 1
2.191830186892013 0.332962071870523 1.1702475979265152 = 0.9999919276395834 @ 209475.0 728.17431640625 1
2.19328005212361 4.111207140481266 4.111207147252632 = 1.0 @ 205984.0 1130.22119140625 1
2.253440596259543 2.2086673450064502 4.039732037577543 = 0.9819424961680443 @ 205391.0 1199.24658203125 1
7.705557055683543 1.1700244667145197 0.6242318109422484 = 0.9999998035643387 @ 198624.0 1982.618408203125 1
2.193280048893044 2.19328005201845 1.1700887878689081 = 1.0 @ 194587.0 2452.25634765625 1
1.170088788718174 0.6242284333735009 7.706277266437581 = 1.0 @ 182098.0 261.265380859375 1
2.19328005006055 0.6242284337155257 7.7062772545614076 = 1.0 @ 168639.0 1818.5830078125 1
7.70627726302311 0.6242284332918104 1.1700887882086553 = 1.0 @ 162992.0 2476.578857421875 1
1.1700887891187586 1.170088788283965 2.1932800520361355 = 1.0 @ 162077.0 2581.487548828125 1
2.097172326126109 7.60828290368887 0.6059122940614817 = 0.9496942114372957 @ 161974.0 2593.86962890625 1
4.175335471928342 0.6268951766239406 7.2118876910917145 = 0.9250862080363924 @ 159771.0 2846.65625 1
7.594140367988128 0.6411139368851232 2.0704034288122237 = 0.9307390159766907 @ 135354.0 1955.1953125 1
2.2505384353817 7.691915313538835 0.3236024715998771 = 0.975316539319976 @ 135167.0 1977.76416015625 1
2.193280050684441 2.1932800529439866 0.6242284336938383 = 1.0 @ 111842.0 1516.69384765625 1
4.086281036169863 0.6232953391679881 0.6242817733704249 = 0.9993463784915673 @ 99951.0 2880.10400390625 1
0.6425205802479625 0.5982955403125634 8.115214921133047 = 0.9130596807030211 @ 97146.0 3194.01708984375 1
2.193280048091767 0.6242284340265045 2.193280049668785 = 1.0 @ 88297.0 458.122802734375 1
1.1700887885024247 0.6242284338816038 2.193280049432244 = 1.0 @ 77470.0 1682.556884765625 1
1.1700887878860766 0.3330184358180952 7.706277248015386 = 1.0 @ 40005.0 2376.983642578125 1
1.157252333795959 7.629738185101845 0.6302957324513752 = 0.9947566209860543 @ 36486.0 2771.13525390625 1
0.3330620870873402 0.6250986415282355 4.139928706899334 = 0.9991599011543366 @ 1107.0 1277.39990234375 1
4.111207143222172 1.1700887876362558 4.111207143426749 = 1.0 @ 192.0 1378.2509765625 1
4.115313702223317 0.6090242614474677 2.2064868343492328 = 0.9893002846392711 @ -9.0 1401.1171875 1
