7.706277255360944 7.706277255341656 4.111207136107069 = 1.0 @ 399024.0 89.53955078125 1
4.111207140044293 0.33301843531247977 7.706277253430438 = 1.0 @ 398100.0 193.19970703125 1
4.111207145436209 7.7062772560197805 7.70627725930371 = 1.0 @ 397255.0 288.903076171875 1
7.7062772673227755 4.111207139234607 7.706277253625675 = 1.0 @ 396438.0 385.213623046875 1
7.706277258468725 2.1932800527595178 7.706277265009933 = 1.0 @ 394725.0 578.749755859375 1
0.6242284333129433 1.170088787774021 7.706277268177655 = 1.0 @ 393726.0 694.606201171875 1
7.706277258041017 1.1700887880988635 2.193280053400313 = 1.0 @ 392769.0 802.60595703125 1
7.706277257091149 7.70627725121143 7.7062772580229355 = 1.0 @ 391980.0 891.314453125 1
4.111207136880302 2.1932800517787823 2.1932800491305757 = 1.0 @ 391065.0 993.77001953125 1
4.111207143667033 7.7062772519045675 4.111207143313078 = 1.0 @ 390206.0 1093.260986328125 1
2.1932800525978564 7.706277256377015 7.706277247306966 = 1.0 @ 389263.0 1201.18408203125 1
4.111207148972121 4.1112071463147 7.7062772664730455 = 1.0 @ 388404.0 1299.70556640625 1
7.706277267682877 4.11120714518793 4.111207139069907 = 1.0 @ 385977.0 1578.65869140625 1
7.706277253310274 2.1932800504805914 4.111207149173609 = 1.0 @ 385020.0 1686.751953125 1
7.706277256709867 1.1700887870779078 7.706277253052223 = 1.0 @ 384119.0 1787.224609375 1
7.706277247366325 7.706277268539688 1.1700887882596498 = 1.0 @ 382364.0 1988.13916015625 1
7.706277265262772 4.11120714674806 1.1700887878164388 = 1.0 @ 381393.0 2098.707275390625 1
2.193280051980334 7.706277243160179 0.6242284344842609 = 1.0 @ 380408.0 2209.265380859375 1
2.1932800501860608 7.706277252667001 4.111207140199754 = 1.0 @ 379479.0 2315.59375 1
2.1932800494166766 2.193280051318739 7.706277262654852 = 1.0 @ 376814.0 2619.075439453125 1
7.7075277048345665 4.111165163873659 2.1932958464121546 = 0.9999995586443713 @ 373813.0 2963.589111328125 1
4.111207138273273 2.193280052390009 7.706277260090263 = 1.0 @ 371078.0 3278.156982421875 1
4.111207148249218 4.111207145134188 4.111207139484533 = 1.0 @ 370233.0 3372.95849609375 1
4.111207141118886 4.111207140082898 2.193280049781422 = 1.0 @ 365720.0 3887.77880859375 1
7.706277251247222 7.706277254794012 2.1932800502605865 = 1.0 @ 360437.0 4497.5751953125 1
2.1932800488566753 4.11120714058379 7.706277260976901 = 1.0 @ 355928.0 101.494384765625 1
2.193280052921021 0.33301843561791417 1.170088787872427 = 1.0 @ 354677.0 243.927490234375 1
1.1700887867831955 2.1932800505009147 1.1700887872878336 = 1.0 @ 353720.0 351.73779296875 1
2.1932800494774836 1.170088788019338 2.1932800517912177 = 1.0 @ 352833.0 454.50390625 1
2.2199691425524612 4.2754489094997465 2.1272584914548385 = 0.9568669172227238 @ 352030.0 551.636474609375 1
2.1932800502995327 2.1932800511181125 2.193280049750497 = 1.0 @ 349323.0 857.994873046875 1
4.1110140807464255 4.1117350032151245 0.6242455930542056 = 0.9999996759293241 @ 347960.0 1013.1923828125 1
1.1700887878711042 2.1932800526166694 2.193280051825438 = 1.0 @ 347031.0 1119.02392578125 1
7.706277259548338 2.1932800498579827 2.193280052091293 = 1.0 @ 345766.0 1262.22509765625 1
0.6242284338687512 4.1112071443148706 7.7062772627501905 = 1.0 @ 344753.0 1381.1396484375 1
2.1932800481780297 2.1932800536584947 4.111207139968455 = 1.0 @ 342816.0 1601.9365234375 1
4.111207138019983 7.706277242443554 2.1932800517442455 = 1.0 @ 340655.0 1855.184326171875 1
4.111207142096738 1.1700887869687029 7.706277261510861 = 1.0 @ 339740.0 1958.2373046875 1
1.1700887862771825 2.193280049692946 4.111207139277893 = 1.0 @ 338559.0 2093.51953125 1
2.1958403077670274 7.5182834168602755 2.270103956368652 = 0.9703030483291133 @ 338120.0 2144.263671875 1
2.1932800510047716 1.1700887861596647 7.706277242972917 = 1.0 @ 335175.0 2480.784423828125 1
1.1700887878281043 4.111207137149442 4.111207145256625 = 1.0 @ 334274.0 2585.847412109375 1
2.1932800494082527 0.624228433177384 0.6242284341846802 = 1.0 @ 332351.0 2803.77099609375 1
4.111158136499513 1.1700891438529895 4.11123510739549 = 0.9999999968591231 @ 331534.0 2901.59130859375 1
4.111207135939917 0.62422843335816 4.111207141161002 = 1.0 @ 327469.0 3362.438232421875 1
2.1932800521288627 4.11120713703192 4.111207143436428 = 1.0 @ 323964.0 3766.643798828125 1
0.6242284341034298 2.193280050209261 0.6242284344091118 = 1.0 @ 321709.0 236.590576171875 1
1.1700887871451724 7.706277253552748 4.1112071452588745 = 1.0 @ 319142.0 534.8447265625 1
4.052844338208813 7.644643180583588 1.1769561536951967 = 0.9949539928074607 @ 313845.0 1148.878173828125 1
1.1749513064590187 7.620418256505386 0.6256695923974899 = 0.9975348171082034 @ 310900.0 1487.70263671875 1
7.706277244475516 1.1700887887479268 1.1700887884805138 = 1.0 @ 307521.0 1875.555908203125 1
0.624297032397573 7.7393882612057725 2.1948703766996465 = 0.9996847227737553 @ 302518.0 2453.42529296875 1
1.2294552477271905 8.089926160144474 7.592218823984824 = 0.9177310922012379 @ 302051.0 2508.240478515625 1
7.7062772544670395 0.6242284328994535 4.111207148605291 = 1.0 @ 300982.0 2628.022216796875 1
2.193273357510995 2.1932722345990903 1.1700955813484166 = 0.9999999990712451 @ 293193.0 3530.3232421875 1
1.1700887878887343 4.111207140262037 7.706277256172219 = 1.0 @ 290224.0 192.3154296875 1
2.1932800519040976 0.33301843574907375 4.111207136709878 = 1.0 @ 283205.0 1004.86572265625 1
4.11120714108739 0.6242284338313333 0.6242284330515259 = 1.0 @ 274226.0 2040.47314453125 1
7.706137290254667 1.1700507602982049 4.111239326692531 = 0.9999999758764295 @ 273381.0 2143.282470703125 1
4.11120714257594 1.1700887881091933 1.1700887870802066 = 1.0 @ 266306.0 2969.112060546875 1
4.111207146279819 4.1112071443203595 1.1700887867796548 = 1.0 @ 261265.0 102.452392578125 1
0.6243232359917448 7.703723550509739 7.710507572240947 = 0.9999927652676017 @ 259412.0 315.3095703125 1
0.6246591199195706 7.688975345390272 0.6242710139312105 = 0.9999077954241926 @ 252688.0 1089.3564453125 1
2.194047270002985 7.714662193077297 1.170472239601122 = 0.9999764621863185 @ 247797.0 1652.45068359375 1
4.111225875569528 2.1932848936404628 4.11121803250965 = 0.9999999994557833 @ 244572.0 2019.699951171875 1
7.7450524459123615 0.6250103406045003 0.6236385694232522 = 0.9995392322655281 @ 238981.0 2672.857666015625 1
2.193267271863719 4.110941957250442 1.170078168305263 = 0.9999999287127974 @ 238472.0 2733.2177734375 1
2.1927376664149216 0.6241723489393779 2.1945503938795716 = 0.9999932580430868 @ 230823.0 3613.037353515625 1
7.683832286143515 7.92962989007861 0.6088377989750389 = 0.9760120868067159 @ 230692.0 3629.751220703125 1
0.6247264268083387 2.1915903961368595 7.809624920479922 = 0.9970260735653393 @ 226417.0 4116.9306640625 1
1.1700887875992523 7.706277245972965 1.170088788010359 = 1.0 @ 218040.0 5088.590087890625 1
1.1700887893479734 1.1700887858536198 4.111207136664212 = 1.0 @ 212103.0 656.26708984375 1
1.170410953459515 0.623900567866326 7.694886271747419 = 0.9999576682396827 @ 210054.0 892.658935546875 1
7.706148884518298 2.1931609166202297 1.1700623537098185 = 0.9999999376924129 @ 198443.0 2214.886962890625 1
4.252239266692568 0.6250563172602983 2.253091738810073 = 0.9691967619471114 @ 191578.0 2987.32568359375 1
4.115279107259962 0.3330610062250553 4.107548142879267 = 0.9999701804609871 @ 185833.0 3638.05029296875 1
0.3330266190598657 4.114165297950912 4.108166787504652 = 0.9999822456005795 @ 182006.0 4061.06884765625 1
4.082906392780325 7.340958311074616 0.6449897313280966 = 0.9429784594358046 @ 174025.0 443.345458984375 1
0.62422843384851 7.706277255092905 4.111207142399618 = 1.0 @ 153762.0 2740.304931640625 1
7.706277259011081 0.6242284330128326 7.706277248588493 = 1.0 @ 146729.0 3531.787353515625 1
7.691655352665184 2.1946578513010166 0.624290326712448 = 0.9999331487744747 @ 143018.0 301.510498046875 1
0.6242284336128598 2.193280052107144 4.1112071477116015 = 1.0 @ 134683.0 1242.736083984375 1
4.111207140484683 2.19328004954652 0.6242284339247801 = 1.0 @ 127440.0 2067.45654296875 1
4.111207146666389 1.1700887864364482 2.1932800490188633 = 1.0 @ 126469.0 2175.902099609375 1
1.1273246582122458 7.534430982336677 7.707048314849905 = 0.968720737741948 @ 104110.0 1070.0224609375 1
0.325086779099048 7.766282107450103 7.341255801082623 = 0.9508788714531431 @ 103881.0 1096.491455078125 1
1.170054858247705 2.1932849117379685 7.706469304887781 = 0.99999997555308 @ 94874.0 2113.622802734375 1
2.1932800498517366 1.1700887882765412 4.1112071398267345 = 1.0 @ 93833.0 2229.66259765625 1
2.1932800524106857 4.111207137820688 0.6242284330282546 = 1.0 @ 92484.0 2382.836181640625 1
1.1700887870141436 1.1700887866612895 1.1700887869218888 = 1.0 @ 87593.0 2932.52392578125 1
1.1700887875631327 4.111207145762084 2.193280049762959 = 1.0 @ 75398.0 1090.3056640625 1
4.111207141352814 0.6242284342128922 7.706277261727601 = 1.0 @ 74147.0 1233.83154296875 1
7.818949174885372 2.1877060716429275 0.33327108007640854 = 0.996377269327807 @ 66162.0 2125.85986328125 1
2.2000085868895844 1.171761989113913 1.1711220105462035 = 0.9997966203350686 @ 45287.0 715.322998046875 1
2.193280049960181 2.1932800542924755 0.6242284333551267 = 1.0 @ 28608.0 2600.339111328125 1
1.17008878773167 7.70627724956587 2.193280050957787 = 1.0 @ 13837.0 411.07373046875 1
4.07743430756895 8.147415492764447 0.6377941813307983 = 0.940868276824754 @ 7266.0 1161.43994140625 1
3.97800103962734 7.977130394388571 0.35225671076723025 = 0.9111884217588173 @ 7266.0 1161.43994140625 1
0.6242284344173181 1.1700887873303374 4.111207138836014 = 1.0 @ 5408.0 1369.667724609375 1
