5.482864206760818 -7.708313738116848 5.482864207636608 = 2709.0935055728282 @ 398604.0 151.628662109375 1
5.482864205507331 -7.083506408417074 -7.708313736712823 = 2709.0935055728282 @ 396280.0 434.783935546875 1
-0.8003210996834618 -0.8003211018973615 -1.4251284284425185 = 2709.093505572828 @ 395155.0 570.909912109375 1
4.858056877017583 5.482864204702443 -7.083506407429144 = 2709.0935055728282 @ 389914.0 1219.90625 1
-0.8003211009805379 -7.708313736822779 5.482864207199081 = 2709.0935055728282 @ 384995.0 1824.476318359375 1
-7.083506406569239 -0.8003211009898161 -7.708313735990442 = 2709.0935055728287 @ 378354.0 2655.333740234375 1
5.482864206922147 -7.083506406821371 -1.4251284276409286 = 2709.093505572828 @ 377159.0 2802.559814453125 1
-7.708313735833405 -0.8003211000081131 5.482864204945141 = 2709.0935055728282 @ 370112.0 3672.504638671875 1
5.482864207992895 -1.4251284280693477 -0.8003210999772703 = 2709.093505572828 @ 366453.0 4120.23291015625 1
5.482864207250645 -0.8003211006984076 -1.4251284290392419 = 2709.093505572828 @ 355458.0 5462.92333984375 1
4.8580568772151596 -7.083506408081235 5.482864207345569 = 2709.0935055728282 @ 349559.0 6182.3896484375 1
5.482864206063179 -7.083506409856494 4.858056879874235 = 2709.0935055728282 @ 348266.0 6337.7939453125 1
-7.083506405945942 5.482864205355191 4.858056878511485 = 2709.093505572829 @ 342535.0 7033.577392578125 1
4.858056881090819 5.482864207024863 5.482864207292598 = 2709.0935055728287 @ 339846.0 150.405517578125 1
-7.708313735973489 5.482864206257414 -7.083506407139623 = 2709.0935055728282 @ 338763.0 283.9619140625 1
5.482864207271183 5.4828642072757585 4.858056879422529 = 2709.0935055728287 @ 335244.0 709.852294921875 1
4.858056976485377 5.482864394692079 -0.8003210366921644 = 2709.0935055712403 @ 328939.0 1490.20166015625 1
-7.708313613355998 -0.8003211464378142 -0.8003215621635373 = 2709.09350556542 @ 315354.0 3153.527587890625 1
-0.800321099383523 5.48286420786584 4.858056878928467 = 2709.0935055728287 @ 306529.0 4243.548583984375 1
-7.708313272815475 -0.8003209889854833 -7.083506165969617 = 2709.0935055633163 @ 298516.0 5225.3291015625 1
5.482864207499957 5.482864205416567 -7.708313736238692 = 2709.0935055728287 @ 297349.0 5367.120849609375 1
-0.8003206528241891 -1.4251302685819305 -7.083508625631486 = 2709.0935052941722 @ 296112.0 5516.7021484375 1
-0.8003210984858794 4.858056878417999 -0.800321100176445 = 2709.0935055728282 @ 293465.0 302.63720703125 1
-0.8003210995989704 5.482864206922097 -7.708313733562483 = 2709.093505572828 @ 292424.0 434.3837890625 1
4.858056877371888 -7.083506407408814 -0.8003210977221997 = 2709.0935055728282 @ 288947.0 859.375 1
-0.8003211000220734 -7.7083137359751515 -7.083506407615612 = 2709.0935055728282 @ 287724.0 1006.2626953125 1
-7.083506408045872 -7.083506406409784 4.858056879689245 = 2709.0935055728282 @ 281923.0 1722.330810546875 1
-7.708313734444976 5.482864206638754 -0.8003210988509157 = 2709.0935055728282 @ 272440.0 2886.049072265625 1
-1.4251284271119622 -7.083506407868002 -7.083506406909298 = 2709.093505572828 @ 267129.0 3535.233154296875 1
-7.083506407033835 -7.7083137344257135 5.482864206573651 = 2709.0935055728282 @ 261132.0 4274.534423828125 1
-0.8003210990036959 5.4828642078893735 -1.425128429303811 = 2709.093505572828 @ 257753.0 4686.034912109375 1
5.482864205554043 -7.7083137358319345 -0.8003210990854666 = 2709.0935055728282 @ 249614.0 5682.795654296875 1
4.858056879499296 -0.8003211003483542 5.482864207415041 = 2709.0935055728282 @ 247033.0 5995.5283203125 1
-0.800321100738144 -0.8003211014446017 -7.708313735771467 = 2709.0935055728282 @ 243672.0 137.332763671875 1
-1.425128428133753 -7.083506407236202 5.482864206851565 = 2709.093505572828 @ 241399.0 416.646484375 1
-1.4251287377946216 5.4828640690348704 -7.083505716216495 = 2709.093505553654 @ 229466.0 1884.3486328125 1
-7.083506407323224 -7.708313735355452 -7.083506407319129 = 2709.0935055728282 @ 218485.0 3243.269775390625 1
-1.4251284291639936 -0.8003211023827199 5.482864208046745 = 2709.093505572828 @ 213202.0 3893.797607421875 1
-7.708313736095581 -7.083506406479659 -7.0835064087841175 = 2709.0935055728282 @ 210341.0 4250.88818359375 1
-0.8003211009791447 -1.4251284285717538 5.4828642068325415 = 2709.093505572828 @ 208250.0 4506.516845703125 1
-7.083506407692956 -1.4251284283316117 -0.8003211004181715 = 2709.093505572828 @ 187529.0 1328.4384765625 1
-7.0835069703632545 -1.4251290030507222 -7.083506728296885 = 2709.0935055482105 @ 185620.0 1565.689208984375 1
-7.08350640700284 -0.8003211008083781 -1.4251284288618622 = 2709.093505572828 @ 175241.0 2852.3291015625 1
-7.708313734492711 -7.083506406574835 5.4828642067967115 = 2709.0935055728282 @ 169720.0 3529.19970703125 1
4.858056658827145 -0.8003209943563696 -0.8003212925880688 = 2709.093505569645 @ 162673.0 4397.7978515625 1
-7.083506408699304 4.858056878229656 -0.8003210998870106 = 2709.0935055728282 @ 160288.0 4687.61181640625 1
5.482864208210678 -7.708313735182754 -7.083506406696331 = 2709.0935055728282 @ 150777.0 5860.825439453125 1
-0.8003211015490823 4.858056878342106 5.482864208979768 = 2709.0935055728282 @ 147090.0 6321.802490234375 1
5.482864206362737 4.858056878798111 -0.8003211009209201 = 2709.0935055728282 @ 142357.0 553.892822265625 1
5.4828642053764804 -1.42512842955114 5.482864205632157 = 2709.093505572828 @ 119476.0 3388.74755859375 1
-7.083506406406951 -0.8003210996387924 4.858056880511442 = 2709.093505572828 @ 116741.0 3726.962646484375 1
-7.083505957743452 5.482864815456793 -1.4251277986544337 = 2709.0935055410505 @ 100052.0 158.169189453125 1
5.482855258809992 5.4828632785781295 -1.4251367094346352 = 2709.093500659489 @ 98717.0 330.2216796875 1
-0.8003211010833782 -7.083506407410684 -7.708313735287055 = 2709.0935055728282 @ 87386.0 1726.549560546875 1
-7.708314291529186 -7.083506309860088 -0.80032138506336 = 2709.093505559469 @ 77497.0 2951.743896484375 1
-0.8003214844451535 -0.8003207431005498 4.858056825442859 = 2709.0935055639097 @ 47158.0 1873.0087890625 1
5.482862300674667 -1.4251290899268099 -7.0835091919298865 = 2709.0935051930164 @ 44059.0 2257.933837890625 1
4.858056877786433 -0.8003210999456001 -7.083506408550638 = 2709.0935055728282 @ 42150.0 2500.342041015625 1
-1.425128137943882 -0.8003214203619949 -0.8003211579979844 = 2709.0935055665886 @ 28831.0 4160.760009765625 1
-1.4251284290089479 -7.083506408555637 -0.8003211008989998 = 2709.093505572828 @ 25582.0 278.91650390625 1
-7.083506407685329 4.858056880027933 5.482864207696817 = 2709.0935055728282 @ 21713.0 765.89013671875 1
