7.706277253557011 4.111207140511863 = 1.0 @ 199356.0 58.89453125 1
7.706277252908859 7.70627725210294 = 1.0 @ 198756.0 124.5244140625 1
0.6242284327233629 4.111207140955794 = 1.0 @ 198043.0 202.190673828125 1
4.111207143330896 2.193280050243686 = 1.0 @ 197474.0 263.016357421875 1
2.19328005137003 4.111207147663872 = 1.0 @ 196917.0 323.141357421875 1
1.1700887875308734 7.706277253475299 = 1.0 @ 196336.0 386.51708984375 1
2.193280050735546 7.706277258493042 = 1.0 @ 195767.0 447.4404296875 1
4.111207141932157 7.70627724815852 = 1.0 @ 195246.0 508.120361328125 1
7.706277261862055 2.1932800475924603 = 1.0 @ 194173.0 624.9521484375 1
4.111207140471876 1.1700887862752196 = 1.0 @ 193040.0 746.44189453125 1
1.1700887871336123 1.170088787431465 = 1.0 @ 192423.0 813.929931640625 1
0.6242724692462878 7.719900824809836 = 0.9999218828867816 @ 190198.0 1053.96435546875 1
7.706277265942276 1.1700887866345915 = 1.0 @ 189605.0 1118.573974609375 1
2.1932800501588328 1.1700887880685649 = 1.0 @ 189048.0 1178.522705078125 1
4.111207148143691 4.111207145207279 = 1.0 @ 184483.0 1681.45068359375 1
0.6242320625154466 1.1700836345375512 = 0.9999999986702636 @ 180738.0 33.5146484375 1
2.1932800506781365 2.1932800525499068 = 1.0 @ 179485.0 171.758056640625 1
4.203033684731541 0.3351758150289665 = 0.9868083823555651 @ 174044.0 791.004150390625 1
1.1700887882290025 4.1112071444306215 = 1.0 @ 171223.0 202.479736328125 1
7.706277253704531 0.33301843540974346 = 1.0 @ 167702.0 590.8359375 1
7.73134855455563 0.6240193650199873 = 0.9997334673505045 @ 162777.0 1142.34521484375 1
2.1932800504355034 0.6242284334587895 = 1.0 @ 159656.0 97.426513671875 1
1.1700887871163808 2.1932800513527804 = 1.0 @ 113439.0 1396.54443359375 1
0.3260063976506733 0.332486528944991 = 0.9886569261691976 @ 103398.0 45.201171875 1
0.6242284337561655 2.1932800521984253 = 1.0 @ 97585.0 695.483642578125 1
0.33301843587427893 2.193280051498056 = 1.0 @ 95240.0 951.728759765625 1
4.111207141134098 0.6242284345007802 = 1.0 @ 49507.0 645.1630859375 1
2.1415690849868136 0.3409156573720086 = 0.972165749955464 @ 49250.0 675.928955078125 1
1.170088787784778 0.62422843313095 = 1.0 @ 35225.0 146.522216796875 1
