5.482864208553819 4.858056879065694 = 186.73090883102392 @ 199248.0 76.362060546875 1
4.858056878539658 -7.08350640634356 = 186.73090883102392 @ 197964.0 232.0673828125 1
-7.083506408863646 -7.708313735115764 = 186.73090883102392 @ 197287.0 312.560791015625 1
-1.4261394486243588 -0.7997581048478416 = 186.72782685739978 @ 195770.0 489.84619140625 1
-7.708313733401267 -0.8003210994808981 = 186.73090883102392 @ 194385.0 653.06884765625 1
-0.8003211002064159 -7.708313738481513 = 186.73090883102392 @ 193672.0 735.95947265625 1
5.48286420978055 -7.708313734962905 = 186.73090883102392 @ 192935.0 821.370849609375 1
-7.083506406011442 4.858056880521547 = 186.73090883102392 @ 191622.0 979.55322265625 1
-0.8003211012712992 -1.4251284276832918 = 186.7309088310239 @ 188773.0 1318.34521484375 1
5.482864207164119 -1.4251284282815457 = 186.7309088310239 @ 188132.0 1397.13330078125 1
-7.70831373615867 5.482864205978926 = 186.73090883102392 @ 183351.0 1956.39501953125 1
-7.708313623731198 -7.083505424116759 = 186.73090882885703 @ 176690.0 54.779296875 1
-1.4251260560303323 5.4828657890723145 = 186.7309088123742 @ 174957.0 257.76904296875 1
-1.425128042526324 -7.083506344119677 = 186.730908830668 @ 173764.0 398.103759765625 1
-0.8003201217929378 4.85805746315446 = 186.73090882811152 @ 170435.0 797.5537109375 1
4.858056303068172 5.4828639759215525 = 186.73090883013344 @ 168894.0 982.488525390625 1
-7.0835069826264085 -1.4251286798361968 = 186.7309088301458 @ 155393.0 737.548095703125 1
4.858056877176383 -0.800321099496757 = 186.73090883102392 @ 122360.0 995.48388671875 1
