7.706277253024151 2.1932800502474072 7.706277261755955 = 1.0 @ 398982.0 92.15966796875 1
4.111207145690051 7.70627726005599 2.1932800500386307 = 1.0 @ 398058.0 194.704833984375 1
2.1932800541502275 7.706277268295384 4.111207145231629 = 1.0 @ 397185.0 290.288818359375 1
7.700031628857932 7.704068245472537 1.17005097428003 = 0.9999876564878825 @ 395640.0 463.605712890625 1
7.706277253743286 7.7062772676892255 7.706277260449353 = 1.0 @ 394851.0 551.135009765625 1
4.111207140941942 7.706277262971446 4.111207138775215 = 1.0 @ 394020.0 641.706298828125 1
7.706277257203705 7.706277258362317 2.1932800498539367 = 1.0 @ 391467.0 927.096435546875 1
2.1932800500035117 7.706277257316416 7.706277257600145 = 1.0 @ 390580.0 1025.703857421875 1
7.706277257804945 4.1112071471814025 2.1932800539402124 = 1.0 @ 389693.0 1142.13623046875 1
4.107000272894939 7.675182731569695 1.1705371896893064 = 0.9997076739899491 @ 387322.0 1407.273193359375 1
7.706277249528147 7.70627725706679 4.111207138795657 = 1.0 @ 386477.0 1501.269775390625 1
4.111207140379431 7.706277267462938 7.706277258396819 = 1.0 @ 384778.0 1696.796142578125 1
4.111207141809064 2.1932800506236854 7.706277257018186 = 1.0 @ 383765.0 1810.269775390625 1
4.1112071441452365 2.193280048097388 1.1700887874757073 = 1.0 @ 382864.0 1909.689697265625 1
1.170256677397226 4.111265243726046 7.685392927604686 = 0.9998769231852375 @ 380913.0 2125.596923828125 1
7.7062772597068925 4.1112071383516415 7.706277247494002 = 1.0 @ 379970.0 2229.2861328125 1
2.1932800484831807 4.111207144786847 7.706277255861677 = 1.0 @ 379083.0 2332.221923828125 1
7.706277259059756 4.111207145618445 0.6242284344814983 = 1.0 @ 372876.0 3033.548583984375 1
7.706277245389858 2.193280051661651 4.111207139510867 = 1.0 @ 368181.0 3561.98046875 1
7.706277252317966 4.111207144014162 4.1112071477127445 = 1.0 @ 363556.0 4083.48681640625 1
1.170088788259696 7.706277257172029 1.170088786092538 = 1.0 @ 362543.0 4194.806640625 1
4.111207149452481 1.1700887871591836 7.706277246321246 = 1.0 @ 361418.0 4319.010009765625 1
7.706277264026456 2.1932800490286044 2.193280051117148 = 1.0 @ 360489.0 4420.647216796875 1
2.193280050130998 2.1932800516922177 2.193280052895297 = 1.0 @ 359532.0 4526.84521484375 1
4.111207148643595 2.1932800491966615 2.1932800476222414 = 1.0 @ 357847.0 4716.946533203125 1
4.11120713868303 4.111207147649185 7.706277250030878 = 1.0 @ 352400.0 94.333984375 1
1.1700887883991442 2.1932800526943534 0.6242284334482592 = 1.0 @ 351359.0 209.13330078125 1
4.1112071446669125 1.1700887896179268 0.62422843255544 = 1.0 @ 350164.0 339.64013671875 1
2.19328005253556 2.193280048672967 7.706277245394743 = 1.0 @ 349249.0 440.36767578125 1
7.706277256111487 1.1700887865586993 7.706277263087221 = 1.0 @ 348334.0 540.65478515625 1
1.1700887864687344 4.1112071444586675 4.111207137256317 = 1.0 @ 346635.0 734.05859375 1
2.1932800528461613 4.111207143757994 2.193280047978876 = 1.0 @ 345286.0 884.776123046875 1
7.706161367887596 1.1700807199316874 1.1701104769764108 = 0.9999999897118506 @ 344371.0 986.435546875 1
1.170088786301735 1.1700887884823543 4.111207143184365 = 1.0 @ 340838.0 1380.41650390625 1
4.1112071381826 4.111207135540161 4.111207147997486 = 1.0 @ 337767.0 1719.685546875 1
4.111207141281653 1.17008878785548 1.1700887869506453 = 1.0 @ 335914.0 1928.0087890625 1
2.1932800489018214 1.170088786893978 4.111207147450857 = 1.0 @ 327565.0 2856.817138671875 1
4.111207139363967 1.1700887885331193 4.111207145747665 = 1.0 @ 326552.0 2967.7421875 1
1.170088788062831 2.1932800513194426 1.1700887877638273 = 1.0 @ 325217.0 3119.396484375 1
2.193280050694416 4.111207142272282 4.111207140793609 = 1.0 @ 324302.0 3221.144775390625 1
2.2660134760280224 0.6262577506455188 7.699236105760599 = 0.9822285942546449 @ 323191.0 3344.139892578125 1
1.1700887880349937 7.706277268812295 4.111207140360883 = 1.0 @ 320358.0 3665.34375 1
7.7062772584179715 2.1932800469183995 1.1700887876093082 = 1.0 @ 315569.0 94.8447265625 1
7.701011200875451 0.6243431052796851 4.110360711879199 = 0.9999909430602558 @ 313576.0 315.46484375 1
7.706277266652454 4.111207145452908 1.1700887860296232 = 1.0 @ 311037.0 607.821533203125 1
1.1700887880329915 7.7062772498483065 0.6242284333549495 = 1.0 @ 310038.0 719.24658203125 1
7.706277268820011 1.1700887875802886 4.111207144500322 = 1.0 @ 306925.0 1066.414306640625 1
1.170088786203036 1.1700887885669655 1.1700887861222895 = 1.0 @ 305828.0 1194.10205078125 1
7.859632556455525 1.1430858376895445 0.5942618527471323 = 0.9449743591635932 @ 305725.0 1206.06787109375 1
4.111136694592932 2.193226707573597 4.1110983967977495 = 0.9999999735858085 @ 304110.0 1390.9384765625 1
2.1932800510338355 1.1700887870686345 2.1932800489708795 = 1.0 @ 303083.0 1504.78076171875 1
1.1700610627772479 7.706214159886467 7.706258115928519 = 0.9999999894224656 @ 301314.0 1707.81298828125 1
4.111207144059253 4.111207145574391 1.1700887886248694 = 1.0 @ 288135.0 3186.413330078125 1
4.1112071448355945 7.706277245673071 0.6242284332442093 = 1.0 @ 281904.0 142.547119140625 1
1.156969950448623 0.6178354080374732 4.022921673589277 = 0.9882954221151175 @ 279659.0 401.3134765625 1
2.1932800484158927 7.706277254976309 0.6242284344399325 = 1.0 @ 277190.0 678.547607421875 1
2.193280051207207 4.1112071417844245 1.1700887885757074 = 1.0 @ 266069.0 1940.214599609375 1
7.856051234484866 7.707627194922355 0.6147886987325096 = 0.9899808812480697 @ 263166.0 2271.361572265625 1
7.833000544640941 7.877111701473533 0.32337884520379356 = 0.9733187198495232 @ 263166.0 2271.361572265625 1
0.6242284334817757 7.706277265152602 2.1932800513618727 = 1.0 @ 257770.0 494.120849609375 1
2.19328004796124 7.706277248769631 1.170088787657368 = 1.0 @ 255175.0 783.41162109375 1
0.6242284343318698 7.706277252843883 1.170088788727195 = 1.0 @ 251600.0 1182.191650390625 1
2.1932800531983245 2.193280047563352 4.111207143756801 = 1.0 @ 248165.0 1572.19189453125 1
7.706277258597721 0.624228433720687 2.1932800520713887 = 1.0 @ 240656.0 2431.192138671875 1
0.6119581313374558 7.603374726173268 7.808081344764324 = 0.987578897974829 @ 239041.0 2617.6962890625 1
7.818523956583824 2.168577849936837 0.6178618869030393 = 0.9926350363408215 @ 236446.0 2910.7099609375 1
2.1932800494276745 7.706277252492059 2.193280051694708 = 1.0 @ 234103.0 3175.3740234375 1
2.1932800504299332 1.1700887877511088 7.70627725472117 = 1.0 @ 231694.0 112.525634765625 1
4.111207144146314 0.6242284329875466 1.1700887876066326 = 1.0 @ 229211.0 396.186279296875 1
0.6242284337377572 2.1932800499783474 2.193280050541768 = 1.0 @ 228240.0 504.218994140625 1
1.1700887881505948 4.111207142620801 2.193280051547638 = 1.0 @ 227311.0 607.079833984375 1
4.111207150035048 4.111207137123394 2.1932800508625845 = 1.0 @ 226410.0 706.873779296875 1
4.111207141266733 4.111207143967221 0.6242284332524812 = 1.0 @ 223213.0 1062.59423828125 1
1.170088787228802 1.1700887879201574 0.6242284336019311 = 1.0 @ 219806.0 1448.572021484375 1
4.132007647294225 0.3334884379721347 1.1686325068721157 = 0.9995166031425113 @ 216385.0 1831.377197265625 1
2.1932800503922483 2.193280050023051 1.17008878827963 = 1.0 @ 210682.0 2483.14208984375 1
0.3354152538357701 7.722935318811659 7.7279909251046215 = 0.998933553719638 @ 193489.0 815.64111328125 1
4.09030144497889 0.6243697436768759 4.111729193907818 = 0.9995658070759887 @ 186260.0 1635.578857421875 1
1.17009713285686 1.170096854549685 7.706176108033618 = 0.9999999954886614 @ 182055.0 2108.084716796875 1
4.110947181915453 0.33303047816307857 7.706965275211541 = 0.9999997787250581 @ 167102.0 284.43505859375 1
2.193280048258117 1.170088786717608 0.6242284340732248 = 1.0 @ 159999.0 1080.298095703125 1
0.6506677128322564 2.266010692094755 7.608020398770109 = 0.9514074008497817 @ 151594.0 2034.7548828125 1
0.3331533371614616 7.575486769052046 4.129343276391931 = 0.9948027709631675 @ 127345.0 1149.0517578125 1
1.1700887883668718 7.706277253679872 2.1932800523773377 = 1.0 @ 118338.0 2161.4052734375 1
7.706277261222732 0.6242284339145874 7.706277248342879 = 1.0 @ 112229.0 2855.7734375 1
0.3331722928110259 4.091891265023946 7.724249867257679 = 0.9995364307823771 @ 109018.0 3209.99951171875 1
4.111207127117646 2.193280051376907 0.6242284330894095 = 0.9999999999999998 @ 56157.0 1045.7314453125 1
0.6242284336458502 1.1700887876745132 4.1112071359715445 = 1.0 @ 51154.0 1615.3603515625 1
1.1700861864186893 2.1932818569733334 4.111271394156397 = 0.9999999958356587 @ 28081.0 355.4609375 1
0.3298773863286033 7.5415479497033475 2.2365177079017107 = 0.9844213264434835 @ 26256.0 566.99853515625 1
0.624228433435923 7.706277264555094 4.111207144068336 = 1.0 @ 2819.0 502.185302734375 1
7.804415877603179 0.3279580873694995 4.1166254430459714 = 0.9934057050226848 @ 2548.0 532.51708984375 1
