4.111207141917585 4.111207139125561 7.706277255153044 = 1.0 @ 398968.0 92.69091796875 1
2.1932800503927794 7.706277256893373 7.706277263019524 = 1.0 @ 398128.0 185.60546875 1
7.70627726528785 7.706277247452791 7.706277243119005 = 1.0 @ 397339.0 272.0029296875 1
2.193280050086807 4.11120714184111 7.706277253008438 = 1.0 @ 396452.0 368.718505859375 1
4.1112071433151565 1.17008878772271 2.193280048361086 = 1.0 @ 395537.0 472.317626953125 1
7.706277251731096 4.111207147843353 2.1932800514729727 = 1.0 @ 394608.0 574.389892578125 1
4.111207144798721 7.706277262032052 2.19328005175807 = 1.0 @ 393063.0 742.93017578125 1
2.193280052286018 2.1932800495945033 7.70627725452876 = 1.0 @ 391406.0 925.22802734375 1
2.1932800509535775 4.111207145176542 2.1932800484645796 = 1.0 @ 390533.0 1020.169677734375 1
7.706277244822643 1.170088785779868 7.706277253134996 = 1.0 @ 388330.0 1267.679931640625 1
2.193280049149193 1.1700887865435854 4.1112071410483955 = 1.0 @ 387401.0 1371.157958984375 1
7.706277245225216 7.706277268768946 4.11120714830491 = 1.0 @ 386486.0 1470.423095703125 1
4.1112071410354405 7.706277258057088 7.706277253873554 = 1.0 @ 384815.0 1657.937744140625 1
2.1932800515717736 7.706277245725461 4.111207136781844 = 1.0 @ 383970.0 1751.544921875 1
1.1700887886896103 1.1700887863688259 4.111207140800952 = 1.0 @ 382775.0 1883.57666015625 1
7.706277268068488 7.706277257134192 0.6242284339248754 = 1.0 @ 381692.0 2002.53271484375 1
4.111207142697344 7.706277244206473 1.1700887874136072 = 1.0 @ 380763.0 2103.190185546875 1
4.111207147701859 4.111207142238083 4.111207145571033 = 1.0 @ 379862.0 2201.445556640625 1
0.6242284341658983 2.1932800522283507 4.111207143535119 = 1.0 @ 378835.0 2312.529541015625 1
1.1700887866481817 4.111207146427895 4.111207139878745 = 1.0 @ 377080.0 2509.803955078125 1
7.706277250640834 7.7062772426533135 1.1700887864251481 = 1.0 @ 375087.0 2728.56884765625 1
1.1700887892436198 4.11120714610191 7.7062772469168515 = 1.0 @ 374158.0 2834.1044921875 1
1.170088789526718 7.706277263270227 7.70627725180471 = 1.0 @ 373215.0 2938.433349609375 1
7.706277270072556 2.193280050151674 7.7062772616735895 = 1.0 @ 369780.0 3313.9765625 1
1.1719226279442663 7.658867735781805 1.1704786439261614 = 0.9993227768285791 @ 366975.0 3624.41455078125 1
7.706277261796206 4.1112071389922145 7.706277264621247 = 1.0 @ 365052.0 3837.390869140625 1
1.170088787809975 2.1932800506451215 1.1700887888496387 = 1.0 @ 359083.0 4499.674560546875 1
4.111207140516477 4.111207144642847 2.193280054423854 = 1.0 @ 358182.0 4598.05908203125 1
4.111207144561556 7.706277265775418 4.111207139007745 = 1.0 @ 355587.0 4889.8359375 1
4.111207140769391 2.193280053787563 4.111207139107488 = 1.0 @ 353808.0 82.370849609375 1
2.1932800500645167 2.1932800503587857 0.6242284332303787 = 1.0 @ 352711.0 206.802490234375 1
2.1932800488858275 1.170088787189639 7.706277247382976 = 1.0 @ 351698.0 320.557861328125 1
2.193280050128677 1.1700887878688373 1.1700887861666736 = 1.0 @ 350755.0 423.225830078125 1
2.193280048095229 4.1112071430118515 4.111207138902116 = 1.0 @ 349532.0 558.2578125 1
7.706277261030333 2.1932800510099355 2.1932800515708357 = 1.0 @ 347959.0 731.5751953125 1
7.70627726038465 4.111207144871366 4.111207138424082 = 1.0 @ 347170.0 817.490478515625 1
4.1112071388606894 2.193280053821253 7.706277257544496 = 1.0 @ 343483.0 1232.901123046875 1
1.1701874585486258 7.704241095639678 4.112496452740774 = 0.9999970789802356 @ 341336.0 1476.66552734375 1
7.706277251679608 2.1932800498519587 4.111207141654838 = 1.0 @ 340477.0 1572.91015625 1
7.706277260780206 4.1112071390572 1.1700887862215201 = 1.0 @ 339506.0 1679.4111328125 1
1.1697590337202737 4.112630635752992 0.6240587307241835 = 0.9999954463678342 @ 336953.0 1964.73583984375 1
7.706277268330247 7.706277267911909 2.193280049161494 = 1.0 @ 333798.0 2320.6796875 1
4.111207144642639 1.1700887872327412 7.706277258612247 = 1.0 @ 324081.0 361.55078125 1
1.1698854436315278 2.1930833858888934 7.726324647070714 = 0.9998868703971407 @ 321962.0 594.15478515625 1
0.6242284344705401 2.1932800490245263 7.706277246986983 = 1.0 @ 319647.0 860.422607421875 1
7.706293429854066 1.1701193381588062 4.111149128082691 = 0.9999999852460502 @ 317304.0 1123.694580078125 1
0.6242284337837609 7.706277260773316 7.7062772498349945 = 1.0 @ 315535.0 1320.98388671875 1
7.625735343443384 0.34668359946238453 4.250958581941505 = 0.9531186600264001 @ 314606.0 1429.516357421875 1
4.111207143690223 2.193280051504969 0.6242284335917072 = 1.0 @ 312417.0 1675.578857421875 1
1.2099704596706893 2.144550550358934 4.201281976754324 = 0.9652758496514284 @ 311684.0 1758.308349609375 1
1.1239688487530026 1.2427363110694922 7.579934294287888 = 0.9101985543364113 @ 310615.0 1883.78466796875 1
7.706277248348333 0.6242284333479259 2.193280054497886 = 1.0 @ 303250.0 112.734130859375 1
7.7062772638247266 0.6242284334719034 7.706277258279779 = 1.0 @ 299591.0 526.601806640625 1
2.193280052214799 7.706277253580637 2.193280050561978 = 1.0 @ 285964.0 2049.78662109375 1
7.7062772557102015 0.6242284338096203 1.1700887865603218 = 1.0 @ 275025.0 3269.6201171875 1
7.725654007668823 2.1917546484415227 1.1704560550784884 = 0.9998851899587253 @ 271632.0 3648.41748046875 1
4.1136402821847184 7.745578369374257 0.6240463454364144 = 0.999561560445761 @ 268015.0 4056.39697265625 1
0.6242284345037041 4.111207148049971 7.706277262740589 = 1.0 @ 262680.0 573.214599609375 1
2.1910808495892935 2.19247949966006 4.110560308842089 = 0.9999805926671941 @ 260155.0 860.0498046875 1
4.111207145523721 2.1932800509515835 2.193280049305553 = 1.0 @ 257504.0 1158.336669921875 1
1.1700887878622548 7.706277252580897 2.1932800511608637 = 1.0 @ 255777.0 1348.660400390625 1
4.11120714244883 2.193280050833269 1.1700887857392719 = 1.0 @ 249962.0 1997.908935546875 1
4.111252263473953 1.1700820165438752 4.1112166706366455 = 0.9999999973448883 @ 247885.0 2226.9765625 1
1.170088786380099 2.1932800468504783 2.1932800481885693 = 1.0 @ 241384.0 2949.111328125 1
7.706166018462643 1.1701345779623493 2.193354242519745 = 0.9999999519332374 @ 217891.0 1171.352294921875 1
7.706268333076448 7.706310788589378 0.33301801051116103 = 0.9999999996349523 @ 216472.0 1330.696044921875 1
1.1700887866115117 0.33301843512611595 4.111207143017806 = 1.0 @ 197417.0 205.23681640625 1
4.111207149387328 0.6242284326948122 7.706277257726819 = 1.0 @ 193030.0 700.7607421875 1
0.6242284333422065 7.706277259084628 1.1700887891587575 = 1.0 @ 185843.0 1503.42724609375 1
2.1932800496602014 0.6242284331608929 2.1932800481129884 = 1.0 @ 179818.0 2180.9638671875 1
4.11120714324791 0.33301843540636916 7.706277255793735 = 1.0 @ 175389.0 2676.09716796875 1
4.1111785654481885 4.111219119766495 1.170078907109057 = 0.9999999978648485 @ 174852.0 2734.984375 1
4.111131111690324 4.111267416337624 0.6242188122533077 = 0.9999999867578611 @ 174357.0 2790.033447265625 1
0.6241991740697799 7.714072590723029 4.101426800863955 = 0.9998883831316521 @ 160888.0 432.801513671875 1
2.193280049051431 1.170088788717234 2.1932800485360042 = 1.0 @ 158965.0 646.283447265625 1
1.1700887892388807 4.111207145518169 1.1700887879119164 = 1.0 @ 139640.0 2823.991455078125 1
2.194559982444557 7.768653029912606 0.3333119691268985 = 0.9988988283204747 @ 135477.0 3286.801513671875 1
7.775476741169177 0.3332723388672744 7.676016221815485 = 0.998401304466924 @ 128280.0 224.269775390625 1
4.1112071424003895 1.170088786214291 1.170088787052054 = 1.0 @ 125083.0 578.936767578125 1
7.706277255158785 1.1700887859133846 1.1700887873914272 = 1.0 @ 123958.0 707.170166015625 1
2.1932800497359626 0.624228433495374 4.111207138515026 = 1.0 @ 110023.0 2272.239501953125 1
2.193331558311647 0.6242370881736258 1.1700627647805513 = 0.9999999793609685 @ 102038.0 3170.935302734375 1
1.1700887870396692 1.1700887869911765 1.1700887884939022 = 1.0 @ 92699.0 534.011474609375 1
1.1700887873811914 1.1700887892098322 2.1932800515761253 = 1.0 @ 90482.0 780.472900390625 1
0.6242284332720638 4.111207145241634 4.11120713997776 = 1.0 @ 81251.0 1816.099853515625 1
0.6242284336139103 4.111207140470862 2.193280051610044 = 1.0 @ 73476.0 2684.7197265625 1
4.1060020060024 0.6171792066388233 2.187815289916364 = 0.9977221674019399 @ 66709.0 3454.781005859375 1
2.193280052753097 4.111207142466712 1.1700887870051184 = 1.0 @ 60030.0 256.6796875 1
0.6248698659294208 7.830212509271882 2.19766207389871 = 0.9956826228730621 @ 54985.0 815.790283203125 1
7.7062772664551185 4.111207143036509 0.33301843568890194 = 1.0 @ 43640.0 2086.73291015625 1
7.70627725530976 0.6242284337401807 4.111207143539148 = 1.0 @ 41101.0 2368.335205078125 1
2.193280051876574 2.1932800482514034 2.193280047946584 = 1.0 @ 40144.0 2474.307373046875 1
2.193280052854007 7.706277253911498 1.1700887880249502 = 1.0 @ 33643.0 3213.800048828125 1
1.1700559561378654 4.111216704828639 2.1933109454616675 = 0.9999999834808977 @ 31272.0 3480.001220703125 1
2.1932800480957186 2.1932800500820857 1.1700887879000912 = 1.0 @ 29251.0 3708.51904296875 1
0.6134108087667062 0.6181383431127232 2.0498927058784036 = 0.9199904007520046 @ 22526.0 4471.117919921875 1
1.170302821759786 2.175380213167524 0.623410848215731 = 0.9988522212078748 @ 11437.0 1129.38037109375 1
