-0.8003211003200139 -7.708313735229259 -7.083506408340179 = 2709.0935055728287 @ 397484.0 281.15234375 1
-7.083506406803247 -1.425128428048482 -0.8003211008579774 = 2709.093505572828 @ 392766.0 852.2724609375 1
5.482864206276285 4.8580568787988145 -0.8003210981243035 = 2709.0935055728282 @ 390479.0 1140.883056640625 1
5.4828642069430975 5.48286420673365 -1.4251284284344081 = 2709.093505572828 @ 389228.0 1296.839599609375 1
-7.0835064064380395 4.85805688049768 -7.083506409474723 = 2709.0935055728282 @ 388061.0 1435.882080078125 1
-7.70831373457642 -0.8003210991597892 -0.8003210999144946 = 2709.0935055728282 @ 384570.0 1856.146728515625 1
-0.800321099796706 4.858056877326563 5.482864204394655 = 2709.0935055728282 @ 383431.0 1991.51611328125 1
-7.083506409577115 -1.425128428833918 5.4828642045905935 = 2709.093505572828 @ 382166.0 2141.300048828125 1
5.482864209290905 -0.8003210986174812 -7.708313734402138 = 2709.0935055728287 @ 380915.0 2288.94921875 1
5.482864205157304 -7.083506408361082 -1.4251284285012964 = 2709.093505572828 @ 379636.0 2445.651123046875 1
4.858056878259633 -7.083506408901247 5.482864206042377 = 2709.0935055728287 @ 377321.0 2724.845703125 1
-0.8003211017302707 5.482864208153444 -1.4251284293695696 = 2709.093505572828 @ 364520.0 4264.673095703125 1
-1.4251284297083404 -0.8003211007314597 -7.083506407918053 = 2709.093505572828 @ 358061.0 5040.55078125 1
4.858056879481177 -7.083506406427525 -0.8003210989843614 = 2709.0935055728282 @ 354514.0 5469.27734375 1
-7.708313736316979 -7.083506406816139 5.482864205822364 = 2709.0935055728282 @ 351317.0 5850.41943359375 1
5.48286420740971 -0.8003211013579482 -1.4251284278596734 = 2709.093505572828 @ 344270.0 6700.13330078125 1
-0.8003211008007374 -7.708313737040404 5.482864206919587 = 2709.0935055728282 @ 339337.0 7299.113525390625 1
-7.708313882399772 5.482863629490696 -7.083505915330868 = 2709.093505553643 @ 337264.0 88.166259765625 1
-7.083506408065844 4.858056879158491 -0.8003210993155727 = 2709.0935055728282 @ 334837.0 390.461181640625 1
-1.4251284297170286 -0.800321100449573 -0.8003211007888822 = 2709.093505572828 @ 331612.0 780.736083984375 1
-7.083506406072009 -0.8003211018078624 -7.708313735246632 = 2709.0935055728282 @ 330487.0 923.25244140625 1
5.482864207303974 -0.8003211012617688 4.85805688013644 = 2709.0935055728282 @ 329334.0 1064.94921875 1
-7.0835064076071115 5.482864205848072 4.858056876766108 = 2709.0935055728287 @ 324807.0 1628.709228515625 1
-7.708313737157132 5.482864205449672 5.482864208702679 = 2709.0935055728282 @ 311432.0 3273.390625 1
-0.8003211018597932 -0.8003211010421707 -1.4251284297872835 = 2709.093505572828 @ 310265.0 3421.239013671875 1
-7.0835064074908916 5.482864205819132 -1.4251284267816131 = 2709.093505572828 @ 309000.0 3575.783447265625 1
-0.8003209996974353 -0.8003211842183795 -7.708313702242328 = 2709.09350557224 @ 308239.0 3668.223876953125 1
5.4828642055647085 -7.708313737536519 -7.083506408569735 = 2709.093505572828 @ 303026.0 4313.44921875 1
4.85805616696569 5.482864969194882 5.482864150029289 = 2709.093505536948 @ 301033.0 4563.35400390625 1
-0.800321099278429 5.482864205788033 -7.708313735557438 = 2709.0935055728282 @ 292240.0 558.5361328125 1
-1.425128428016842 -7.083506406793018 -0.8003211008841117 = 2709.093505572828 @ 291115.0 701.490966796875 1
-7.7083137355730695 -0.8003211000809997 5.482864206240389 = 2709.0935055728282 @ 279308.0 2157.357666015625 1
-7.083506408307806 -7.708313736280152 5.48286420738293 = 2709.0935055728287 @ 271715.0 3109.001220703125 1
-1.4251284278933731 -0.8003211014420057 5.482864204732854 = 2709.093505572828 @ 269540.0 3376.14599609375 1
-0.8003211020428447 4.85805687953159 -0.8003210991903361 = 2709.0935055728282 @ 265797.0 3837.180419921875 1
-1.4251284288113053 5.482864206903723 -0.8003210994664882 = 2709.093505572828 @ 262474.0 4251.162841796875 1
5.482864205839774 -1.4251284292484774 -7.083506407211215 = 2709.093505572828 @ 257401.0 4880.5712890625 1
-0.8003211694931074 -1.4251286414249893 -7.0835063760198125 = 2709.093505571107 @ 252972.0 5425.829833984375 1
-7.708313485323571 5.482863329186213 -0.8003215657345797 = 2709.093505539083 @ 249943.0 5798.56884765625 1
-7.708313735864868 -0.8003211000387049 -7.0835064077581364 = 2709.0935055728282 @ 247338.0 137.041259765625 1
4.858056878386856 5.482864208293118 -0.8003211002454881 = 2709.0935055728282 @ 242223.0 769.20458984375 1
-7.083506406885919 -1.4251284269595093 -7.0835064053824235 = 2709.093505572828 @ 234294.0 1754.2861328125 1
4.85805710096805 -7.083506282567086 -7.08350660894504 = 2709.0935055693576 @ 233533.0 1853.79638671875 1
-0.8003211377772774 -0.8003213970483113 4.858056915044617 = 2709.093505569918 @ 209392.0 4838.0791015625 1
5.482864206597759 4.85805687837791 5.4828642063303334 = 2709.0935055728282 @ 208197.0 4985.8583984375 1
-7.0835064073267455 -7.083506407637344 4.858056879673407 = 2709.0935055728287 @ 195358.0 1275.105224609375 1
-7.083506410646568 -7.0835064078690895 -7.708313737369414 = 2709.0935055728282 @ 193029.0 1558.7646484375 1
-0.8003211007368876 -7.083506408500483 4.858056876226756 = 2709.0935055728282 @ 190518.0 1873.68408203125 1
-1.4251284269359006 -7.083506409624605 -7.083506407510407 = 2709.093505572828 @ 188063.0 2175.127685546875 1
5.482864210939776 5.482864297159314 -7.708314183607298 = 2709.0935055657746 @ 177054.0 3541.238525390625 1
-7.083506181584743 5.482863626667663 -7.708313440222728 = 2709.0935055574537 @ 156319.0 1102.759033203125 1
-7.0835064081714565 -7.708313735072172 -0.8003210999062333 = 2709.0935055728282 @ 139220.0 3223.663818359375 1
-7.708313734840017 -7.083506406644663 -0.8003211018394589 = 2709.0935055728282 @ 132859.0 4012.325927734375 1
5.48286420673785 5.482864206062646 4.858056880064085 = 2709.0935055728287 @ 130348.0 4320.320556640625 1
-0.8003210991676073 -7.083506408535307 -7.7083137366942776 = 2709.0935055728282 @ 116669.0 598.1884765625 1
5.4828642076076655 -7.083506407823319 -7.708313736507064 = 2709.0935055728287 @ 115474.0 744.25830078125 1
5.482864209124044 4.858056878463211 -7.0835064067820435 = 2709.0935055728282 @ 114237.0 907.1591796875 1
-7.083506410054065 -7.7083137361395355 -7.083506408246788 = 2709.0935055728282 @ 107736.0 1712.7275390625 1
-1.4251284279399312 5.482864207463634 5.482864207334956 = 2709.093505572828 @ 72311.0 6091.923583984375 1
5.482864204807153 -7.083506407628152 4.858056880087014 = 2709.0935055728282 @ 49112.0 2274.804443359375 1
4.85805720045122 -0.8003211527903904 5.48286427604092 = 2709.0935055690875 @ 43213.0 3004.448486328125 1
4.858056880710274 -0.8003210997757758 -7.0835064090974 = 2709.0935055728282 @ 36614.0 3829.259033203125 1
-1.4251284276240266 5.482864205665623 -7.083506407982139 = 2709.093505572828 @ 25409.0 5219.59326171875 1
-0.8003206305062656 -1.425129000506289 5.482864195343029 = 2709.0935055546715 @ 824.0 2712.442138671875 1
