7.70627725945851 4.11120714746183 2.1932800480382166 = 1.0 @ 398884.0 99.99755859375 1
7.706277262852665 7.7062772564814175 4.11120713922437 = 1.0 @ 397918.0 206.455322265625 1
4.111207137499371 4.1112071452969 7.706277266879823 = 1.0 @ 396947.0 311.15576171875 1
7.730785394399793 7.694795986410427 1.1697942616900106 = 0.9997938732789962 @ 394646.0 571.980224609375 1
4.111207138004693 7.706277267611203 2.193280047983824 = 1.0 @ 393829.0 660.67822265625 1
7.7042459889389425 1.1697847394917806 7.7098236435294005 = 0.9999941880515686 @ 390716.0 1005.302001953125 1
4.111207140067334 2.193280049662035 4.11120714835302 = 1.0 @ 389759.0 1110.050537109375 1
7.7062772546898515 4.1112071420824945 4.1112071413570845 = 1.0 @ 388872.0 1208.161865234375 1
7.7062772602702285 7.706277261739349 7.70627724506746 = 1.0 @ 388055.0 1297.812744140625 1
7.706277248758585 4.11120714492036 1.170088787200115 = 1.0 @ 387126.0 1398.486328125 1
7.706277254033194 4.1112071460139905 7.706277244447656 = 1.0 @ 385483.0 1590.347900390625 1
4.111207149244331 1.170088788470399 4.111207144063281 = 1.0 @ 383588.0 1797.686279296875 1
4.1112071472363025 7.7062772590838975 4.111207143930487 = 1.0 @ 382547.0 1909.912841796875 1
4.111207142423821 7.706277257144233 7.706277267662553 = 1.0 @ 381632.0 2014.6318359375 1
2.1932800510381734 4.1112071473753025 1.170088788319976 = 1.0 @ 380605.0 2125.76904296875 1
2.193280054356102 4.11120713817063 4.111207142970461 = 1.0 @ 378780.0 2324.511962890625 1
4.111207141269243 1.1700887890175438 7.706277244400941 = 1.0 @ 377865.0 2423.311279296875 1
4.1112071412482685 4.111207139563312 2.1932800511398485 = 1.0 @ 375984.0 2627.2822265625 1
1.1700887854494457 7.706277261977386 7.706277251385597 = 1.0 @ 375153.0 2716.962646484375 1
0.6242284333398131 1.1700887872841876 0.6242284334899398 = 1.0 @ 372404.0 3022.6396484375 1
7.706277258431627 2.1932800521782996 7.706277263052027 = 1.0 @ 371363.0 3134.9765625 1
7.706681705975059 7.705601528678352 0.6242432346246486 = 0.9999998165679875 @ 369846.0 3306.228515625 1
4.169865240081252 0.6240673980687296 2.190716736885092 = 0.9966366139070928 @ 367559.0 3554.484375 1
7.706277253375243 2.193280049020119 4.111207142731126 = 1.0 @ 366700.0 3648.205322265625 1
7.706277264529871 7.706277251488333 2.1932800485819026 = 1.0 @ 364805.0 3856.3544921875 1
2.193280048178117 1.1700887877450825 2.19328004972848 = 1.0 @ 363778.0 3973.693603515625 1
4.111207146556176 2.1932800530097856 7.706277256369543 = 1.0 @ 361071.0 4271.37353515625 1
1.1700887856007707 7.706277262751378 4.111207146249881 = 1.0 @ 358364.0 4571.29052734375 1
7.706277261083919 2.1932800531723347 1.1700887875740895 = 1.0 @ 357407.0 4675.4541015625 1
2.1932800513855857 2.1932800498339424 7.7062772608793315 = 1.0 @ 354616.0 4980.46337890625 1
2.193280049911303 1.1700887868652283 7.706277246667043 = 1.0 @ 351083.0 5372.317138671875 1
7.706277255975765 0.6242284332048027 4.111207146236292 = 1.0 @ 349948.0 107.520263671875 1
2.1746515229672427 4.123410940210774 7.729573154494998 = 0.9984898806910447 @ 348445.0 277.262939453125 1
7.706277259985532 1.1700887884905713 4.111207144201842 = 1.0 @ 347040.0 430.942626953125 1
2.193280051719022 7.706277257404108 7.706277256389312 = 1.0 @ 345705.0 577.19189453125 1
7.710418435165812 2.193172092869281 2.1934368004023814 = 0.999995064185246 @ 343558.0 815.427734375 1
4.14009105897342 0.6333148341555166 1.2048047269455844 = 0.9815624632239314 @ 338625.0 1377.1416015625 1
1.169655934665255 7.797977279910666 2.1910959666743364 = 0.9976517456463824 @ 335232.0 1747.41015625 1
1.186000406455126 1.1658206802674105 7.7007433809574035 = 0.9967328176896677 @ 335129.0 1759.497314453125 1
4.111207493170958 4.111207012871008 4.1112064005023665 = 0.999999999999319 @ 334158.0 1865.639404296875 1
2.1932800474096945 2.1932800495061606 4.111207143481327 = 1.0 @ 330653.0 2261.28466796875 1
7.723054200270527 2.2732649520621937 0.6571094588295077 = 0.9358015593657119 @ 328996.0 2451.08642578125 1
2.1935443387964457 7.715482712686475 1.1699982305051067 = 0.9999759047558052 @ 327017.0 2669.24951171875 1
2.193360231235697 4.111286600993111 2.193226139041303 = 0.9999999614310868 @ 325280.0 170.7216796875 1
0.6242284344389701 7.7062772700499345 7.706277251802182 = 1.0 @ 324295.0 277.8017578125 1
7.8217436296661935 1.2035256429943968 0.6443264461949183 = 0.9665794743412011 @ 323702.0 343.8603515625 1
1.1700854011735804 4.111148358056483 1.1700601440261758 = 0.9999999864649467 @ 321233.0 620.829345703125 1
4.110225326928816 4.110917511783566 0.6242279240124785 = 0.9999989664988149 @ 319352.0 826.92138671875 1
2.193280048652595 7.706277251429906 4.111207138781882 = 1.0 @ 318451.0 929.598388671875 1
1.1700887873452244 4.111207147542582 4.111207145057211 = 1.0 @ 317396.0 1045.98974609375 1
0.6242284333564246 4.111207145075603 7.706277256917287 = 1.0 @ 313107.0 1517.293212890625 1
4.111207142430375 4.111207139697915 1.1700887878754813 = 1.0 @ 309490.0 1919.90185546875 1
0.6242284340615913 2.193280050601047 2.193280048923439 = 1.0 @ 293809.0 100.145751953125 1
0.6242284339479043 7.706277259073274 2.1932800505345367 = 1.0 @ 290892.0 420.1611328125 1
0.6242265268964744 4.111137472266624 4.111224124653593 = 0.9999999947736435 @ 287919.0 759.606201171875 1
1.1700887886086444 0.6242284337014418 7.706277244262826 = 1.0 @ 286822.0 883.187255859375 1
2.1932800518947655 7.706277264391361 2.193280053520917 = 1.0 @ 284423.0 1149.48388671875 1
1.168057321309591 7.5781366483138894 1.1736823561294438 = 0.9951179051533015 @ 281744.0 1443.502685546875 1
1.1696510982779744 7.688897616273712 0.6242683339418714 = 0.9999126412208743 @ 277427.0 1922.482177734375 1
1.170088789474085 2.193280047926256 7.706277246550344 = 1.0 @ 275490.0 2139.29150390625 1
1.1700887874159682 0.6242284332550044 0.33301843559113514 = 1.0 @ 274323.0 2266.96630859375 1
2.193280050795207 7.706277263177684 0.6242284329452763 = 1.0 @ 273282.0 2380.20556640625 1
2.1932800507366847 2.1932800481701262 2.1932800519051576 = 1.0 @ 272451.0 2470.990234375 1
2.1932800484979973 1.1700887856759277 1.1700887856618725 = 1.0 @ 266692.0 3113.87890625 1
4.114715455501857 0.33307551293920656 7.703320289871921 = 0.9999849292260408 @ 264923.0 3310.291748046875 1
1.1700887863914193 2.1932800527529768 2.1932800534574275 = 1.0 @ 263028.0 3519.576416015625 1
1.2099096840936678 4.031580718930059 7.542074836151315 = 0.9674506789598272 @ 256807.0 4208.93359375 1
7.706277263629607 1.170088785399597 1.170088787850872 = 1.0 @ 247860.0 849.954833984375 1
4.111200744050325 1.1700798684383111 1.1700758204966468 = 0.9999999969443383 @ 238237.0 1924.641357421875 1
1.1700887860752307 0.6242284334991957 4.111207138673027 = 1.0 @ 234424.0 2350.21484375 1
0.6242284340568738 0.6242284337296133 2.1932800500287484 = 1.0 @ 231605.0 2665.116455078125 1
7.706277260284212 4.111207147662973 0.6242284335443027 = 1.0 @ 230522.0 2784.065185546875 1
4.116575897312858 7.768742887622041 1.1699509457741362 = 0.9988857151082626 @ 211733.0 978.314453125 1
4.115082445532845 0.33302617764528547 2.1937875424258766 = 0.9999843040916288 @ 205246.0 1695.542724609375 1
2.1932800511228017 4.111207143127855 0.6242284340174822 = 1.0 @ 194377.0 2905.550537109375 1
2.1932800535865598 2.1932800533389605 1.1700887873701924 = 1.0 @ 185790.0 3867.924072265625 1
7.723751201193551 0.624445010808216 2.187853622278614 = 0.9998102312160377 @ 181165.0 4379.13232421875 1
1.1722516835389938 4.127791569902505 0.6247854250384787 = 0.9996598137037711 @ 159870.0 2175.843994140625 1
7.706277256458246 7.706277258783505 0.33301843583531165 = 1.0 @ 152823.0 2965.666259765625 1
2.1932800522911315 0.33301843551065213 2.193280049087939 = 1.0 @ 141846.0 819.848388671875 1
4.111207139183651 2.1932800536530173 2.193280051183595 = 1.0 @ 141029.0 912.596435546875 1
4.111207142606276 0.33301843579776247 1.1700887881455826 = 1.0 @ 139848.0 1042.1630859375 1
1.1700887866477536 2.193280052776731 4.111207144054837 = 1.0 @ 136987.0 1367.451171875 1
2.1932800539158364 1.1700887859004543 4.111207147947743 = 1.0 @ 135624.0 1519.606689453125 1
4.111207141163986 2.1932800522410423 1.1700887882972109 = 1.0 @ 127639.0 2408.6533203125 1
7.6999564868022246 0.6242093032295952 1.1693657799836463 = 0.9999823953604674 @ 94388.0 2162.576171875 1
3.996465185789462 8.173734504972073 0.6230704868714863 = 0.9305267105411443 @ 81755.0 3568.693603515625 1
0.627657131661713 1.2105388735755016 4.255816906945817 = 0.9607133033889823 @ 78758.0 103.6201171875 1
4.1112071413565605 1.1700887879648174 2.1932800525472413 = 1.0 @ 72481.0 815.93505859375 1
7.672745396365342 0.62437799117608 7.673927147948806 = 0.9993872614426738 @ 70796.0 1008.474365234375 1
0.6242284341947394 1.170088786473171 1.1700887873817514 = 1.0 @ 44055.0 1281.71826171875 1
4.127371818724771 0.6250243122713052 7.559280168939172 = 0.9935534292792423 @ 43924.0 1296.570068359375 1
4.11120722280545 0.6242284391815247 4.111207158579681 = 0.9999999999999922 @ 37381.0 2033.0859375 1
1.1700887874323544 4.111207146605432 2.193280046983462 = 1.0 @ 34226.0 2389.123291015625 1
2.193280050041571 0.624228433510922 2.1932800529880594 = 1.0 @ 24061.0 334.208984375 1
2.198411606672529 0.6245818809171556 7.7882681410004375 = 0.9980386163453117 @ 18414.0 960.20556640625 1
1.1700887860238496 1.1700887881139155 0.6242284340423478 = 1.0 @ 14167.0 1434.6240234375 1
2.1932800501638208 0.6242284341193258 1.17008878786331 = 1.0 @ 13112.0 1549.355712890625 1
1.1700887867942111 1.1700887880940705 2.193280052315201 = 1.0 @ 10237.0 1873.069091796875 1
