4.111207142323656 7.70627725544776 7.706277261833629 = 1.0 @ 398954.0 94.29931640625 1
2.193280050360528 4.111207143103793 7.7062772463641815 = 1.0 @ 398114.0 192.798583984375 1
1.1700887882622704 7.706277253325132 7.706277248182963 = 1.0 @ 397087.0 306.09228515625 1
4.111207147062634 1.17008878610539 7.706277261243949 = 1.0 @ 396172.0 408.349609375 1
4.11120714710071 1.17008878602472 4.111207149883528 = 1.0 @ 395369.0 498.01611328125 1
4.111207143200901 2.1932800499143243 7.706277245262102 = 1.0 @ 394496.0 595.246337890625 1
7.70627725039082 7.7062772530907875 4.111207144746403 = 1.0 @ 393609.0 694.82373046875 1
1.1700827672876362 2.1936828690592143 7.681739545203645 = 0.9998299352300446 @ 390902.0 999.725830078125 1
7.706277252187296 7.706277253244742 7.7062772571464535 = 1.0 @ 389987.0 1104.885986328125 1
4.111207144776841 2.1932800516215623 4.111207143522376 = 1.0 @ 388260.0 1298.844970703125 1
4.111207143728949 4.111207144279323 7.706277253541562 = 1.0 @ 387401.0 1399.1728515625 1
7.706277256760573 2.1932800507244283 2.193280049121254 = 1.0 @ 386500.0 1498.47216796875 1
7.706277258972811 4.111207150179521 2.1932800567634434 = 0.9999999999999998 @ 385585.0 1600.50830078125 1
2.19327886954486 7.706282748943672 7.706266874876863 = 0.9999999999564528 @ 384614.0 1709.578857421875 1
1.1695584108205193 7.681592171465899 1.1687830753717652 = 0.9998042493815502 @ 382117.0 1988.83837890625 1
7.656806395612607 1.171653143936914 7.684996983298282 = 0.999151774015451 @ 379690.0 2263.196533203125 1
7.706277253009196 7.706277242800605 2.193280051154783 = 1.0 @ 378859.0 2356.833740234375 1
7.706277247142889 4.111207145762364 7.706277243781449 = 1.0 @ 378070.0 2444.58642578125 1
1.1700887885926845 7.706277254921318 4.111207141366344 = 1.0 @ 376035.0 2675.85400390625 1
2.19328004792334 1.1700887869296988 7.706277258645589 = 1.0 @ 374168.0 2885.29248046875 1
0.6242284340042431 1.170088789015775 2.193280054296392 = 1.0 @ 371251.0 3210.258056640625 1
7.71522673729744 7.692834498076248 0.3329688310224008 = 0.9999263763142827 @ 368824.0 3483.94970703125 1
1.1701016363610086 1.1701099657357132 7.706446668878127 = 0.9999999844758518 @ 363163.0 4123.197509765625 1
7.706277268459109 2.1932800503647774 4.11120714455343 = 1.0 @ 362220.0 4229.12548828125 1
7.70627726454606 4.11120714298414 0.6242284325628837 = 1.0 @ 355229.0 5019.099853515625 1
7.7062772622969025 2.1932800509623216 7.706277250513317 = 1.0 @ 351668.0 5418.580322265625 1
0.6242284339743908 2.193280047547159 7.706277264370971 = 1.0 @ 349661.0 5644.40869140625 1
1.1700887888109912 4.1112071440810976 4.111207145046248 = 1.0 @ 346804.0 106.6318359375 1
7.706277258921921 4.1112071425151475 4.111207144124506 = 1.0 @ 345973.0 198.84716796875 1
4.1112071443564755 4.111207138279826 4.1112071468037525 = 1.0 @ 345086.0 301.56494140625 1
4.111207146525229 4.11120714247584 0.6242284336125534 = 1.0 @ 344199.0 401.323974609375 1
4.119317872573849 1.1704064726253265 1.1698778545799904 = 0.9999334919573053 @ 342122.0 633.19580078125 1
4.126635390128876 0.6251287131269676 0.33277292056247915 = 0.9997225070053437 @ 338365.0 1054.490966796875 1
7.562142351353263 0.6156992356442763 2.289934764946598 = 0.9604077287136764 @ 338248.0 1071.923095703125 1
4.1112071479106 1.1700887873764203 2.1932800479982304 = 1.0 @ 337389.0 1167.234375 1
2.1932800509917865 2.193280047168226 4.111207150223721 = 1.0 @ 334850.0 1450.500732421875 1
2.193461388138035 7.7057492282736755 4.111234541244151 = 0.9999998070865408 @ 334509.0 1492.911376953125 1
8.093745536119528 2.2279007747583517 0.6228301512069738 = 0.956525553049778 @ 334294.0 1518.312255859375 1
2.193280052065686 1.1700887886856193 4.111207142685438 = 1.0 @ 330579.0 1939.880126953125 1
4.111207146641821 7.706277254228409 4.111207145823871 = 1.0 @ 329328.0 2080.56103515625 1
0.624228432616858 4.111207145490357 4.111207140424434 = 1.0 @ 322925.0 2819.78076171875 1
7.705832925247018 1.1700895665104545 2.193424149083277 = 0.9999998726447559 @ 322416.0 2877.49560546875 1
0.6242239235633124 7.706291584599169 2.1932617669938113 = 0.9999999979141241 @ 321823.0 2944.31982421875 1
1.1700887860064466 4.111207142248173 2.1932800516623208 = 1.0 @ 320054.0 3146.30615234375 1
7.873528550768059 0.6235359556123063 7.825942434071401 = 0.9883760414518274 @ 319601.0 3198.241455078125 1
7.933603814675565 0.3269448045158629 8.028462952799838 = 0.9528112612357593 @ 319601.0 3198.241455078125 1
1.1715793763154847 7.581009702651971 2.1915630736348706 = 0.9954962150017503 @ 316273.0 3577.96826171875 1
7.706091992807458 1.1700983153318694 1.1701158346912581 = 0.9999999803569402 @ 315666.0 3646.76806640625 1
1.1700887865710579 4.111207147683931 1.1700887856731006 = 1.0 @ 312613.0 289.671630859375 1
2.1932800487137607 4.111207137141155 1.1700887885299907 = 1.0 @ 306224.0 1015.41552734375 1
4.111207140863143 7.706277258201225 2.1932800504768237 = 1.0 @ 299331.0 1794.84765625 1
0.6230780564987112 7.651147973674283 7.781827454492053 = 0.9974995090686607 @ 286922.0 3197.82666015625 1
1.1599581167637385 1.1475345037622269 3.9431320690689 = 0.9638265736478091 @ 286805.0 3211.66455078125 1
2.249418685388659 0.5811601440704867 4.094051849094406 = 0.907505413716476 @ 286805.0 3211.66455078125 1
2.193236055220324 7.7069829886861525 2.19330788382851 = 0.9999998508442456 @ 282973.0 3647.02734375 1
4.111207141519004 4.111207141552706 2.1932800502696033 = 1.0 @ 279090.0 4091.452392578125 1
4.111163922875722 7.706244307894642 1.1700832413375808 = 0.9999999974788987 @ 276569.0 58.039306640625 1
2.1937172505902645 0.6240524367935366 7.710576675151169 = 0.9999928278037542 @ 274562.0 287.6162109375 1
7.706277261500365 1.1700887868094318 4.111207145571913 = 1.0 @ 271813.0 600.158935546875 1
1.170044386138658 2.193271842981474 4.111225880220746 = 0.999999975419908 @ 265522.0 1300.82275390625 1
0.6107575598089799 4.107586304470069 7.822469987479954 = 0.9883603357518427 @ 263347.0 1552.583251953125 1
2.1932800531350938 1.1700887877072852 1.1700887868090333 = 1.0 @ 261998.0 1702.492919921875 1
4.111207143277566 0.6242284334322759 4.111207145937283 = 1.0 @ 260985.0 1817.704833984375 1
2.1932800525690728 2.1932800509168118 7.706277248138937 = 1.0 @ 254848.0 2497.931640625 1
4.111207144390018 0.6242284337729875 2.193280053152711 = 1.0 @ 253681.0 2629.953369140625 1
4.091778844723301 0.6252974424984334 7.626495380904943 = 0.9977739077811794 @ 244436.0 3658.408935546875 1
2.0523695492610767 0.3319431019956305 4.225983653094714 = 0.916440040420692 @ 236791.0 96.91015625 1
7.706277244588606 4.111207146843884 1.1700887883346922 = 1.0 @ 219636.0 2009.0458984375 1
2.178099732751805 1.1708011512680268 0.33834932837119247 = 0.9949955613742091 @ 218147.0 2179.47900390625 1
2.164842212251577 1.157117600088501 0.5892148232388977 = 0.9410842380037496 @ 218147.0 2179.47900390625 1
0.33301843529516634 7.706277245584571 2.19328005351497 = 1.0 @ 211347.0 2934.647216796875 1
2.193238627288674 4.11122794466842 2.1932520346625717 = 0.9999999909087366 @ 206792.0 3450.353271484375 1
1.1696764378936917 4.112454531679628 7.700290655942105 = 0.9999863295977567 @ 204841.0 3668.572998046875 1
2.193280049304565 1.170088788453758 2.193280050334632 = 1.0 @ 198540.0 299.192138671875 1
7.699313982374168 0.33302320849210426 1.1700991682102204 = 0.9999863752973153 @ 188245.0 1452.143310546875 1
4.21527681259181 0.3402069001131084 0.5998959991615207 = 0.9560636598825577 @ 185174.0 1797.895263671875 1
4.053828346230366 0.6144056720403561 0.5943301275222862 = 0.953178736092311 @ 185174.0 1797.895263671875 1
2.193280049394366 7.706277261431819 1.1700887894343304 = 1.0 @ 177366.0 2672.2646484375 1
7.706277249733788 7.706277254988648 1.1700887872472316 = 1.0 @ 167341.0 98.77734375 1
4.111162914043455 2.1933546242891393 0.624264483899557 = 0.9999999232195393 @ 162464.0 646.398193359375 1
7.7062772471622125 7.706277259711826 0.6242284336444787 = 1.0 @ 159659.0 962.929443359375 1
4.111207138622927 7.7062772573070415 0.6242284337646107 = 1.0 @ 158184.0 1131.83203125 1
7.709837301659668 0.33301035631026993 7.703672621026619 = 0.999994530365945 @ 154763.0 1517.123046875 1
0.6242284347148405 0.6242284344539005 4.111207141582978 = 1.0 @ 152798.0 1738.955322265625 1
4.111207140613115 2.193280051245688 2.193280047183896 = 1.0 @ 144883.0 2629.3828125 1
4.1112071500816025 2.193280047974671 1.1700887882811086 = 1.0 @ 139982.0 110.872314453125 1
2.193280052183094 2.1932800505424073 2.193280050825155 = 1.0 @ 139095.0 209.923828125 1
0.6242138708826085 4.111078490410036 2.193282244103923 = 0.999999974590747 @ 134134.0 772.762451171875 1
2.193280050224804 2.193280054040307 0.6242284337427868 = 1.0 @ 110385.0 3448.50244140625 1
1.170088792460349 1.1700887853623971 0.6242284333579111 = 0.9999999999999996 @ 108518.0 3656.157958984375 1
1.1700887880339004 2.1932800528466063 0.624228433467933 = 1.0 @ 89477.0 1321.958251953125 1
4.111207136710686 4.111207145856416 1.170088786245559 = 1.0 @ 81016.0 2267.632080078125 1
2.1932800508362313 4.111207142572009 4.11120714907011 = 1.0 @ 64995.0 4060.915771484375 1
1.1700887864215888 2.1932800510544297 2.1932800518988236 = 1.0 @ 62848.0 4301.88720703125 1
0.3332696018025944 4.071216146822229 7.98704520970615 = 0.977282557254147 @ 46691.0 1627.970947265625 1
0.6242284345451002 0.6242284335660024 0.6242284341330074 = 1.0 @ 43998.0 1926.356689453125 1
0.33296051445224506 2.1948418315049607 7.722758852803761 = 0.9999149809092038 @ 33577.0 3094.8349609375 1
0.3330184354078486 0.6242284347304524 1.170088786365338 = 1.0 @ 30772.0 3412.80322265625 1
0.6242352635574717 4.111284457420737 1.1700565466307415 = 0.9999999794563565 @ 14433.0 1676.729248046875 1
7.706277260848375 0.6242284342632706 0.6242284337584652 = 1.0 @ 5958.0 2636.477294921875 1
