7.7062772552443395 1.1700887882305846 7.706277253590896 = 1.0 @ 398912.0 97.13671875 1
4.111207146153059 7.706277252932662 7.706277265217303 = 1.0 @ 398170.0 179.490234375 1
7.706277258585159 4.1112071359689395 4.111207149501538 = 1.0 @ 397353.0 271.050537109375 1
2.193280057845033 7.706277241569798 1.1700887882147655 = 0.9999999999999998 @ 396578.0 356.85986328125 1
7.715703323918652 4.094243138859514 0.6248560486222129 = 0.9996733592488516 @ 392877.0 764.397216796875 1
7.7062772555001775 7.70627725802131 2.193280049370109 = 1.0 @ 392046.0 855.5654296875 1
2.193280050143902 7.706277269681613 7.706277257133577 = 1.0 @ 389353.0 1150.798828125 1
4.111207144893057 4.111207143726214 7.706277247570511 = 1.0 @ 388424.0 1251.41162109375 1
4.1112071423803345 7.706277244292935 4.1112071428122485 = 1.0 @ 387565.0 1345.496826171875 1
4.111207147772532 7.706277267712251 2.193280048992065 = 1.0 @ 386622.0 1448.358642578125 1
2.1932800500366536 4.111207141857811 1.1700887870339436 = 1.0 @ 385567.0 1567.864501953125 1
1.1700887881953144 4.111207147908492 7.706277264931822 = 1.0 @ 384680.0 1665.197021484375 1
2.19328004938744 4.1112071474304885 7.706277256980448 = 1.0 @ 382141.0 1945.662353515625 1
7.7062772597214115 7.70627725999722 7.706277257954548 = 1.0 @ 379560.0 2225.908203125 1
7.706277247745531 7.706277245981683 4.111207139556385 = 1.0 @ 377875.0 2408.51904296875 1
0.6235229228883561 1.1709098643993774 7.814395157226131 = 0.9967405464062254 @ 374244.0 2810.90087890625 1
0.33303441355797614 7.704038829220691 2.193540372147454 = 0.9999983202699154 @ 372741.0 2975.16748046875 1
4.111207147466216 2.193280052528718 4.11120713662682 = 1.0 @ 370916.0 3180.194091796875 1
4.111207140599726 4.111207138645532 1.1700887871997236 = 1.0 @ 369861.0 3295.3466796875 1
4.111207135681182 2.1932800509513277 0.6242284328483392 = 1.0 @ 368960.0 3393.540283203125 1
7.70627726103416 4.111207142280768 2.193280049172483 = 1.0 @ 368101.0 3487.21484375 1
0.6242284346740169 1.1700887873195356 2.193280050843167 = 1.0 @ 365226.0 3801.22802734375 1
4.11120714673487 1.1700887893197127 7.706277258336752 = 1.0 @ 363919.0 3948.760498046875 1
7.706277252391795 2.1932800519725886 7.70627725318786 = 1.0 @ 360400.0 4342.253173828125 1
7.781536821059176 2.1920708194332783 1.1725125728770212 = 0.9983506090112197 @ 357959.0 4609.064453125 1
7.70627725224329 2.1932800489456437 2.19328004953076 = 1.0 @ 354356.0 5002.529052734375 1
1.170088788794355 2.1932800525104876 7.706277245391225 = 1.0 @ 353413.0 5109.43017578125 1
1.1700887856641082 7.706277251369636 7.706277266212691 = 1.0 @ 350538.0 5424.80810546875 1
2.1932800505033607 4.111207138988185 4.11120713986438 = 1.0 @ 348591.0 99.194091796875 1
1.1700887876372768 2.193280048891411 1.1700887874335464 = 1.0 @ 347592.0 208.098388671875 1
4.111207145440693 0.6242284329300061 1.1700887895371088 = 1.0 @ 346663.0 308.869873046875 1
2.1944620405656097 2.1923627250286035 7.697542060652752 = 0.9999708070511275 @ 345188.0 471.06103515625 1
4.1112071495295766 1.170088786147179 2.1932800500331227 = 1.0 @ 343979.0 604.82763671875 1
4.1225380673164835 7.593982918331522 1.1726976466584036 = 0.9962063083581352 @ 342280.0 796.664306640625 1
2.19328004939578 4.111207144360391 2.193280051205805 = 1.0 @ 341365.0 898.118896484375 1
1.1701089086174845 1.1700992764773508 2.1932563169162624 = 0.9999999917806452 @ 340814.0 959.04638671875 1
4.111207144135712 0.6242284331315887 4.111207145976434 = 1.0 @ 339157.0 1149.58837890625 1
7.706274631120505 2.1932817420932524 4.111207350118509 = 0.9999999999881122 @ 337066.0 1384.4638671875 1
0.6242284328482469 4.111207150060244 4.111207139466595 = 1.0 @ 334653.0 1651.939208984375 1
7.706450734224984 4.111201244813128 7.706442284090433 = 0.9999999838769409 @ 330854.0 2081.37548828125 1
3.917889119056009 4.141588205021774 4.293654305845935 = 0.9302431004548903 @ 330723.0 2096.4013671875 1
4.111031043039891 4.111265340550228 2.1932566918492413 = 0.9999999641891325 @ 323578.0 2902.32763671875 1
2.1932800505373864 2.1932800535758123 1.1700887873588504 = 1.0 @ 322509.0 3020.82275390625 1
2.193280047904688 1.1700887884198166 4.111207140756388 = 1.0 @ 321538.0 3132.936279296875 1
2.19328005175255 7.706277257272665 4.111207141933288 = 1.0 @ 320501.0 96.24072265625 1
2.2164321962524376 0.6102753042209648 4.205173736912374 = 0.9812071528143642 @ 316142.0 619.703857421875 1
7.700880728902994 4.112961552918874 1.1703693629267236 = 0.9999878292942459 @ 313827.0 874.15478515625 1
2.1932654577032746 2.1932864816925344 4.111172550633794 = 0.9999999979389136 @ 308740.0 1453.293212890625 1
7.706024777783066 7.706409613616668 1.1700893201760507 = 0.9999999771896333 @ 305949.0 1774.394287109375 1
1.1700897595433433 1.170088721623885 1.1700894387219343 = 0.9999999999832823 @ 305146.0 1864.64111328125 1
1.1700887894528356 7.706277258627856 4.111207139671058 = 1.0 @ 302929.0 2111.623291015625 1
7.844462656011192 7.531486382499522 0.3259659552807683 = 0.9784078677611994 @ 302406.0 2171.00830078125 1
1.1700084542458926 4.108824454344373 4.116207196255452 = 0.9999696978994173 @ 299363.0 2514.87109375 1
4.1112071497845335 2.193280050463094 2.193280052832113 = 1.0 @ 298172.0 113.93212890625 1
2.1932800519619664 1.1700887868481846 7.70627725949683 = 1.0 @ 297145.0 229.230712890625 1
4.111207142449443 2.193280051990827 7.706277253544558 = 1.0 @ 292982.0 691.425048828125 1
4.111207144455191 0.6242284343501153 2.1932800481470225 = 1.0 @ 285123.0 1579.11376953125 1
0.3262588909167714 4.1833497042808245 4.023630016823893 = 0.9802876226892658 @ 278846.0 2284.03662109375 1
7.769405806574672 0.6216256534103912 7.973696073305889 = 0.9793928532695433 @ 276937.0 2493.81591796875 1
2.1924743880462465 7.7430236419041805 2.1871998878637924 = 0.9994922340052296 @ 274202.0 2798.39208984375 1
7.70627726669368 2.1932800476919305 0.6242284328734492 = 1.0 @ 273021.0 2927.389404296875 1
2.1932800507058037 1.1700887878928248 2.1932800525163234 = 1.0 @ 268102.0 3480.790771484375 1
0.6242284335638396 7.706277255692865 7.706277260330094 = 1.0 @ 253177.0 1492.55322265625 1
0.624228432689354 7.706277257289173 2.193280054316588 = 1.0 @ 237940.0 3201.420654296875 1
1.170088787874434 7.706277256523139 2.193280051817871 = 1.0 @ 234155.0 3629.859130859375 1
4.105027835367565 0.6242172738818867 7.739771690647963 = 0.9996488479518965 @ 228848.0 458.4638671875 1
4.111207145035887 2.193280049147951 0.33301843549593463 = 1.0 @ 226519.0 726.058837890625 1
7.7062772495329295 1.1700887860697746 1.1700887871225332 = 1.0 @ 218408.0 1630.653076171875 1
2.193280052273009 4.111207146720473 0.6242284336245629 = 1.0 @ 212719.0 2268.109130859375 1
1.1700887884631412 4.111207143378483 2.1932800484740875 = 1.0 @ 205924.0 3025.471435546875 1
1.1700887874540356 1.1700887868575753 0.6242284339131688 = 1.0 @ 191405.0 107.868896484375 1
4.111207143754961 1.1700887874034012 4.111207146789962 = 1.0 @ 186052.0 698.1357421875 1
7.706277251769198 1.1700887872363217 2.193280049920937 = 1.0 @ 184017.0 928.351806640625 1
1.1700887873418595 2.19328004995374 4.1112071424492616 = 1.0 @ 175836.0 1843.8994140625 1
1.1700969378999322 4.111018747209146 0.6242136317427918 = 0.9999999548195784 @ 173143.0 2151.101318359375 1
2.1932800512268606 2.1932800484860966 2.193280053060519 = 1.0 @ 165368.0 3023.916259765625 1
4.111270057647767 2.193233408956186 1.1700043231901969 = 0.9999999017057243 @ 160547.0 3568.131103515625 1
2.054334392517576 0.6314602973687873 7.652058661161945 = 0.9280856560289119 @ 154358.0 558.470947265625 1
1.1693550016956014 0.6240532793545509 4.1019562200667 = 0.9999075540816267 @ 145337.0 1566.80029296875 1
0.6241924002401789 7.702504899861237 1.1699652829773917 = 0.9999957630212652 @ 121676.0 284.07568359375 1
7.706277245690833 0.6242284333087648 1.170088787279703 = 1.0 @ 114895.0 1045.098388671875 1
1.1700887869148469 7.706277251809135 1.1700887887277682 = 1.0 @ 112608.0 1297.74609375 1
4.102025628900717 1.1706168491369726 0.6243596938797626 = 0.9999125613336204 @ 107045.0 1920.907958984375 1
0.6242284328689562 4.111207148271795 2.1932800479098664 = 1.0 @ 102658.0 2408.130615234375 1
7.806157424712557 7.7182757435606675 0.6163540964679415 = 0.9945172574366782 @ 94939.0 3297.40625 1
1.1700944871003243 2.193233336203438 2.1932101901562624 = 0.9999999751338245 @ 89226.0 450.983642578125 1
0.6242284334826438 4.111207135724111 7.706277262496386 = 1.0 @ 82571.0 1211.568115234375 1
1.1140883793110035 0.3209968718272582 2.213306786954918 = 0.9370569366711721 @ 81362.0 1347.64013671875 1
4.111207146449721 7.706277250681643 0.6242284343414826 = 1.0 @ 60539.0 3720.971923828125 1
2.3130118128042074 0.3432303235381353 7.599184947030505 = 0.9356640290642826 @ 52852.0 562.138427734375 1
7.70972523498923 0.3330175747564141 4.11135618171805 = 0.9999966430031333 @ 50929.0 777.2236328125 1
7.706277257514221 1.1700887873442307 4.111207140752251 = 1.0 @ 38478.0 2201.483154296875 1
7.706277252054471 0.6242284337435572 2.1932800510242796 = 1.0 @ 35141.0 2587.386962890625 1
0.624228433593493 2.193280047892346 7.706277261469444 = 1.0 @ 29242.0 3259.29248046875 1
2.1932800513341713 0.6242284332681681 1.170088789392027 = 1.0 @ 18209.0 605.043701171875 1
7.6742389169819 0.33982659814786037 2.2240135637351255 = 0.9896859443998977 @ 14340.0 1050.873046875 1
