0.1628760722137702 3.7815099725308947 = -6.182028218305249e-20 @ 199200.0 212.213134765625 1
-1.4814715358966777 3.6740226851237985 = -3.080256159936338e-21 @ 196032.0 1222.3876953125 1
-0.4996950653825617 -4.012597084801955 = 0.0 @ 194215.0 1794.130615234375 1
-2.1849843511337528 1.6870539388189683 = 0.0 @ 189746.0 3208.97705078125 1
-3.3951130230834767 -3.3173071982439297 = 0.0 @ 186525.0 4241.819580078125 1
-1.5615446963927782 4.400020672261488 = 0.0 @ 176248.0 7526.76171875 1
4.141256932965147 2.477011810221736 = 0.0 @ 171843.0 1511.283935546875 1
1.7577432991587454 1.595739577529349 = -9.936469507638414e-08 @ 163990.0 4171.33447265625 1
-0.49969498125070755 -4.012597224525149 = -0.028690223529621476 @ 149589.0 3790.38232421875 1
-0.49969521161095276 -4.012597212582516 = -0.03304909275016338 @ 149589.0 3790.38232421875 1
-0.49969544444405395 -4.012597753803118 = -0.07048161926506173 @ 149589.0 3790.38232421875 1
-0.4996937246208037 -4.012597046266163 = -0.07348201949379372 @ 140806.0 1193.123291015625 1
-0.49969482334981374 -4.012599053936349 = -0.0970081139731075 @ 99293.0 5230.54345703125 1
-0.49969671003907845 -4.012596984075731 = -0.08726529541260346 @ 71376.0 3257.525146484375 1
