4.111207151460027 7.706277257941577 = 0.9999999999999999 @ 199368.0 53.9111328125 1
7.7062772514033036 7.706277263654986 = 1.0 @ 198852.0 109.4169921875 1
7.706277242402519 0.6242284337660209 = 1.0 @ 197719.0 235.538818359375 1
1.170088788305322 4.111207147526234 = 1.0 @ 197102.0 301.701904296875 1
7.706277261646613 2.193280052800831 = 1.0 @ 196101.0 409.416259765625 1
7.7062772575887175 4.111207145300698 = 1.0 @ 195568.0 466.245849609375 1
0.6242284335849768 4.111207145962497 = 1.0 @ 194363.0 596.5302734375 1
2.1932800510423545 4.11120714814206 = 1.0 @ 193230.0 717.70751953125 1
2.1932800522453806 1.170088786881486 = 1.0 @ 192049.0 848.415771484375 1
4.111207144372563 1.1700887861160885 = 1.0 @ 189344.0 1145.71044921875 1
4.111207146483492 4.1112071416508655 = 1.0 @ 188787.0 1205.512939453125 1
4.111207144743229 2.19328004963456 = 1.0 @ 181466.0 64.6826171875 1
7.706277249954081 1.1700887885163729 = 1.0 @ 180345.0 186.1572265625 1
8.100244971230534 0.3348707111350221 = 0.9383597073958582 @ 179020.0 333.022216796875 1
4.1112071453333625 0.6242284335057243 = 1.0 @ 176675.0 589.085205078125 1
2.193280049561667 7.706277245598269 = 1.0 @ 176106.0 654.60205078125 1
2.1932791149692723 2.193291683443654 = 0.9999999992921971 @ 173029.0 995.157958984375 1
1.18827589375308 1.2065517866772284 = 0.9707064707602542 @ 172892.0 1011.23046875 1
0.6242200636596614 7.706241677378626 = 0.9999999949723283 @ 169531.0 197.974853515625 1
1.1675056945349191 7.616009428064327 = 0.9964111169093546 @ 169346.0 218.314208984375 1
0.6242284336961332 2.193280051092545 = 1.0 @ 160705.0 303.80078125 1
0.6242284330778352 0.33301843587617747 = 1.0 @ 151404.0 92.51220703125 1
4.188036910074181 0.3328272362931597 = 0.9914456987948094 @ 148843.0 384.35595703125 1
1.1700887882885558 2.193280052623492 = 1.0 @ 132490.0 498.751953125 1
0.33308536635318087 2.1759910219758805 = 0.9984340381869539 @ 126977.0 1101.452392578125 1
2.193185429256126 0.33301501680698914 = 0.9999999508335404 @ 120004.0 131.991943359375 1
0.6242284344608006 1.1700887879387842 = 1.0 @ 94867.0 431.548583984375 1
1.1700887872152634 0.6242284338506694 = 1.0 @ 92042.0 740.228515625 1
2.193280051352256 0.6242284342408101 = 1.0 @ 69777.0 69.533203125 1
0.33812767480606115 7.552805761500908 = 0.9841332559247169 @ 61060.0 1040.92041015625 1
0.6242284339672741 0.624228433804321 = 1.0 @ 5971.0 1161.70947265625 1
