-1.425128428092077 -0.8003211000886139 -0.800321098993178 = 2709.093505572828 @ 395622.0 513.17919921875 1
-1.4251284290643793 -7.083506407392827 -0.8003211014333197 = 2709.093505572828 @ 393368.0 791.81689453125 1
-0.800321101896242 -7.083506405659223 4.8580568805020565 = 2709.0935055728282 @ 391193.0 1057.210693359375 1
-7.08350640637047 -7.083506410081086 -7.70831373364936 = 2709.0935055728282 @ 390152.0 1184.260009765625 1
-7.0835064083827755 -7.708313735841001 5.4828642085263475 = 2709.0935055728282 @ 383203.0 2035.575927734375 1
-7.083506406545827 -1.4251284289153676 -0.8003211006790397 = 2709.093505572828 @ 382176.0 2161.646240234375 1
-7.708313734624467 -0.8003210994935155 5.482864206924144 = 2709.0935055728287 @ 373939.0 3173.98046875 1
5.48286420425333 -1.4251284314696178 -0.8003210991188134 = 2709.0935055728273 @ 365968.0 4145.584716796875 1
-7.708313731437391 -0.8003210998307915 -7.083506410234436 = 2709.093505572828 @ 363499.0 4446.6142578125 1
-7.708313734262786 5.482864205767565 5.482864208359206 = 2709.0935055728282 @ 362346.0 4586.001220703125 1
5.482864205850815 -7.083506407955321 -1.425128427428566 = 2709.093505572828 @ 359975.0 4872.193115234375 1
-7.708313735502953 5.482864205901749 -0.8003211004549483 = 2709.0935055728282 @ 358752.0 5020.16162109375 1
5.482207171793292 5.481882250725412 -7.709557377694895 = 2708.9964693769884 @ 350501.0 6030.55615234375 1
-0.8003210995526936 4.858056879353329 -0.8003211014696272 = 2709.0935055728282 @ 349292.0 6177.242431640625 1
5.48286420650469 -0.8003211012154196 -7.708313735381131 = 2709.0935055728282 @ 342147.0 7055.2236328125 1
5.482864206251078 -1.4251284285394745 5.482864206669503 = 2709.093505572828 @ 339612.0 138.78173828125 1
-0.8003211002842873 5.4828642056390375 4.858056878694329 = 2709.0935055728287 @ 338543.0 267.29541015625 1
-0.8003211013483953 -7.083506408216941 -7.7083137366216175 = 2709.0935055728287 @ 337376.0 413.211181640625 1
5.482864208070449 -7.083506406436053 -7.708313736394163 = 2709.0935055728282 @ 336167.0 561.28125 1
-0.8003210993018515 -0.8003211005785015 -7.708313735767097 = 2709.0935055728282 @ 332690.0 994.136962890625 1
4.858056878206144 5.482864204772823 -7.083506404931211 = 2709.0935055728282 @ 330809.0 1221.893798828125 1
-0.8003210996158862 4.858056878403518 -7.083506407125068 = 2709.0935055728282 @ 328354.0 1522.946533203125 1
-7.083506409067028 -7.708313735286962 -0.8003211002279088 = 2709.0935055728282 @ 327159.0 1670.635498046875 1
5.482864764366884 4.858056781584413 -7.083507082322638 = 2709.0935055479436 @ 324536.0 1995.21142578125 1
-7.083506406524228 4.858056877105762 -7.083506407218267 = 2709.0935055728282 @ 315543.0 3094.109375 1
-1.4251284271464681 5.482864206333479 -0.8003211005345122 = 2709.093505572828 @ 291266.0 1024.703125 1
-0.8003210992443748 5.48286420665876 -1.4251284275156126 = 2709.093505572828 @ 288069.0 1421.480224609375 1
4.858056879468089 -0.8003211026419067 -7.0835064073598 = 2709.0935055728282 @ 285418.0 1749.01123046875 1
-7.083506407408707 -7.0835064075327185 4.858056880908977 = 2709.0935055728287 @ 281983.0 2164.99462890625 1
4.858057143819181 5.48286413052596 5.482864575228329 = 2709.093505565913 @ 280130.0 2389.27197265625 1
-7.083506409196499 -0.80032109999203 4.858056879923773 = 2709.093505572828 @ 278963.0 2537.3369140625 1
-7.7083141298800655 -0.800320731526309 -0.8003212145320386 = 2709.093505562786 @ 276928.0 2784.195068359375 1
-7.0835064064463715 -7.708313735036709 -7.083506409136643 = 2709.0935055728282 @ 274515.0 3081.393310546875 1
-7.0835064083184225 -1.425128429558418 -7.0835064069857925 = 2709.093505572828 @ 273124.0 3250.437744140625 1
-1.4251284810871032 5.482863332525641 -7.083505578372052 = 2709.0935055261843 @ 262297.0 4584.839599609375 1
-0.8003210995877588 -0.8003211002143908 4.858056878197724 = 2709.0935055728287 @ 254050.0 132.39697265625 1
-0.8003211012819795 -7.708313736212885 5.482864206247724 = 2709.0935055728282 @ 252883.0 272.733642578125 1
-1.4251284276253933 -0.8003210987763286 5.482864207434541 = 2709.093505572828 @ 233222.0 2714.728271484375 1
-0.8003211016156665 4.858056877329711 5.482864205492566 = 2709.0935055728282 @ 230921.0 2998.880859375 1
-7.083506409563786 4.858056878204892 -0.8003210994407152 = 2709.0935055728282 @ 210186.0 132.958251953125 1
5.482864207892289 4.858056879619776 -0.8003211020650152 = 2709.0935055728282 @ 203097.0 1007.397705078125 1
4.858056877804772 -7.083506408416803 -0.8003211021973335 = 2709.0935055728282 @ 201244.0 1237.3291015625 1
-7.708314372084325 -7.083507097630273 -0.8003226181591662 = 2709.0935054700135 @ 195891.0 1895.21826171875 1
-7.083506405353079 -0.8003211002495233 -1.425128428644804 = 2709.093505572828 @ 176104.0 4347.68017578125 1
-0.8003209626784585 -1.4251284434349138 -0.8003208127157623 = 2709.093505569556 @ 167087.0 81.72607421875 1
-1.4251285500582607 -7.083506218456857 -7.083506310295222 = 2709.093505570874 @ 160936.0 836.810546875 1
-0.8003223548252005 -7.083507105654991 -1.4251276511259543 = 2709.093505486339 @ 153259.0 1801.01171875 1
-1.425128427844858 5.482864205524584 5.4828642071500795 = 2709.093505572828 @ 152148.0 1941.967529296875 1
-7.083506407796691 -7.083506408158361 -1.4251284282092636 = 2709.093505572828 @ 129649.0 136.267333984375 1
-7.083506409764475 -1.4251284283161505 5.482864206845015 = 2709.093505572828 @ 122420.0 1039.953369140625 1
4.858056878394736 5.4828642073832565 -0.8003210999250381 = 2709.0935055728282 @ 80867.0 1245.3818359375 1
-0.8003209326982578 -0.8003212273666236 -1.4251290581249512 = 2709.0935055579953 @ 77530.0 1660.927978515625 1
-0.8001393487862357 -1.4250277170406336 5.482818062170034 = 2709.0920352953644 @ 69559.0 2657.22216796875 1
-7.083506406663596 5.482864206480371 -1.4251284288952195 = 2709.093505572828 @ 62624.0 3519.68408203125 1
-7.083506404426289 -0.8003211004897018 -7.708313736576271 = 2709.093505572828 @ 46607.0 717.5732421875 1
5.482864207512061 -7.708313735574221 -7.083506405934312 = 2709.0935055728282 @ 40512.0 1470.060791015625 1
-0.8003211004081106 -7.708313736350631 -0.800321098719244 = 2709.0935055728282 @ 38071.0 1773.557861328125 1
5.482864206938245 -7.7083137358710285 -0.8003211019142837 = 2709.0935055728282 @ 33166.0 2383.560546875 1
-7.708313736763513 5.482864206874025 -7.083506406845801 = 2709.0935055728282 @ 3401.0 274.242431640625 1
