0.49999999954111 0.6250000001134665 = -2.0 @ 199212.0 71.26611328125 1
0.1666666664512802 0.12499999996031869 = -2.0 @ 198528.0 144.925048828125 1
0.16666666666456426 0.8749999999696364 = -2.0 @ 197887.0 216.844482421875 1
0.5000000000130879 0.37500000041034776 = -2.0 @ 197246.0 289.095458984375 1
0.16666666639922378 0.6250000002219218 = -2.0 @ 195885.0 439.916015625 1
0.1666666664782672 0.3750000002008839 = -2.0 @ 195220.0 512.515380859375 1
0.49999999970335823 0.8750000000484206 = -2.0 @ 191843.0 884.2216796875 1
0.8333333333138075 0.6250000006812871 = -2.0000000000000018 @ 191262.0 950.069580078125 1
0.833333333451391 0.37499999985620197 = -2.0 @ 189829.0 1126.593505859375 1
0.49999999968483944 0.12500000010133375 = -2.0 @ 188420.0 1286.935302734375 1
0.8333320040776069 0.12500136886281774 = -2.000000008151222 @ 175291.0 325.42431640625 1
0.8333333329479439 0.8750000000172289 = -2.0 @ 155222.0 183.487548828125 1
