-0.800321099616892 -7.708313736130085 = 186.73090883102392 @ 199200.0 78.96240234375 1
-1.4251284279102785 -0.8003210998224233 = 186.7309088310239 @ 198432.0 171.044677734375 1
5.482864204912889 -1.4251284269199416 = 186.7309088310239 @ 196435.0 402.775634765625 1
-7.708313737261177 -0.8003210978441875 = 186.73090883102392 @ 195002.0 570.48095703125 1
-7.708313735764802 -7.083506407419116 = 186.73090883102392 @ 194325.0 648.817138671875 1
-7.0835064067320035 -7.708313736330423 = 186.73090883102392 @ 193612.0 733.775146484375 1
-7.083506408342047 4.858056877783307 = 186.73090883102392 @ 192935.0 817.2861328125 1
4.858056883086343 -0.8003210995938134 = 186.7309088310239 @ 192210.0 902.185546875 1
-0.8003210987058748 4.85805688147253 = 186.7309088310239 @ 191545.0 981.0 1
-7.083506405289635 -1.4251284292449682 = 186.73090883102387 @ 190088.0 1157.2763671875 1
5.482864208162442 4.858056881013555 = 186.73090883102392 @ 180891.0 2235.7578125 1
4.858056881514893 -7.083506408956326 = 186.7309088310239 @ 180178.0 2318.300537109375 1
-0.8003210982605536 -1.4251284284387995 = 186.7309088310239 @ 179393.0 2412.3515625 1
5.482864206956668 -7.708313735162063 = 186.73090883102392 @ 178728.0 2489.34521484375 1
-1.425128427630268 5.4828642057302375 = 186.73090883102387 @ 176255.0 115.4765625 1
-1.4251258254102264 -7.083505132563712 = 186.73090881164026 @ 163674.0 1599.36181640625 1
-7.708313735860257 5.482864205599966 = 186.73090883102392 @ 155909.0 745.940673828125 1
4.858056879350402 5.48286420788371 = 186.73090883102392 @ 153744.0 999.5771484375 1
