-7.083506407091648 -1.4251284272905138 = 186.7309088310239 @ 199224.0 75.135009765625 1
-7.708313733522827 -0.8003210990124213 = 186.73090883102392 @ 198612.0 145.34619140625 1
-0.8003210996629486 4.858056878549414 = 186.73090883102392 @ 197947.0 220.782470703125 1
-1.4251284291135062 -7.0835064057513835 = 186.7309088310239 @ 197318.0 291.68994140625 1
-1.425128429128065 -0.8003210999169064 = 186.7309088310239 @ 194685.0 596.03857421875 1
4.858056880302941 -7.083506407254089 = 186.73090883102392 @ 190084.0 1118.36083984375 1
-1.4251284278425842 5.482864206335129 = 186.7309088310239 @ 189311.0 1211.10302734375 1
-7.083506405338121 4.85805688054881 = 186.73090883102392 @ 188622.0 1289.607666015625 1
5.482864205687235 -1.4251284280370569 = 186.7309088310239 @ 187333.0 1437.439697265625 1
-7.708313735358287 5.482864208619687 = 186.73090883102392 @ 186632.0 1519.4345703125 1
-0.8003211002912356 -7.708313734774718 = 186.73090883102392 @ 186003.0 1594.29296875 1
-7.70831373433411 -7.083506405369676 = 186.73090883102392 @ 185314.0 1672.92431640625 1
5.4828642072793405 -7.708313734645662 = 186.73090883102392 @ 184613.0 1752.473388671875 1
4.858056880490333 -0.8003210989676827 = 186.73090883102392 @ 182592.0 1982.160400390625 1
5.482864206750706 4.8580568792890535 = 186.73090883102392 @ 181879.0 2062.55517578125 1
4.858056876997482 5.482864209783087 = 186.73090883102392 @ 179066.0 2409.9306640625 1
-7.083506374514273 -7.708313693904786 = 186.73090883101733 @ 170677.0 918.906005859375 1
-0.8003206225026299 -1.4251289809803798 = 186.7309088298071 @ 164684.0 1610.177490234375 1
