-0.8003210997472279 -1.4251284273772196 = 186.73090883102387 @ 199200.0 76.175537109375 1
5.48286420743409 4.858056880272409 = 186.73090883102392 @ 198588.0 145.66357421875 1
-7.083506406199899 4.858056877573781 = 186.7309088310239 @ 197851.0 230.330078125 1
-0.8003211005101857 -7.708313734421052 = 186.73090883102392 @ 197078.0 318.0107421875 1
4.858056878610649 -0.8003211009107487 = 186.73090883102392 @ 196389.0 396.744384765625 1
5.482864204124431 -7.708313734900917 = 186.73090883102392 @ 191464.0 964.826171875 1
-1.4251284286720387 -0.8003211020384844 = 186.73090883102387 @ 190199.0 1109.73046875 1
-0.8003210983932042 4.858056878332805 = 186.73090883102392 @ 189534.0 1190.198486328125 1
-7.708313735832261 -0.8003211010532628 = 186.73090883102392 @ 186601.0 1536.572021484375 1
4.858056879414841 -7.083506407858618 = 186.73090883102392 @ 184568.0 1770.850830078125 1
-1.4251284278165524 -7.0835064092171525 = 186.7309088310239 @ 183195.0 1930.122802734375 1
-7.70831373791931 -7.0835064101926974 = 186.73090883102387 @ 176726.0 72.30859375 1
-7.08350602593351 -1.425127843174914 = 186.73090882990383 @ 175701.0 191.40087890625 1
-7.08350640702974 -7.708313735630858 = 186.73090883102392 @ 170560.0 792.663818359375 1
-1.425129906128513 5.48286120616023 = 186.73090880603812 @ 164483.0 1502.9521484375 1
-7.708313811467198 5.482857815453102 = 186.7309087407431 @ 153214.0 1181.8984375 1
4.857948940509934 5.482749093625048 = 186.7308523949126 @ 139269.0 601.717529296875 1
5.4828630545029 -1.425129095413705 = 186.73090882705293 @ 118736.0 1545.7900390625 1
