0.8333333335036706 0.12499999999354011 = -2.0 @ 199236.0 69.46337890625 1
0.500000000002049 0.6249999997887743 = -2.0 @ 197880.0 216.447265625 1
0.833333333129272 0.6250000000201348 = -2.0 @ 196555.0 360.729248046875 1
0.16666666691695908 0.37499999994127353 = -2.0 @ 195878.0 434.183837890625 1
0.4999999999721729 0.8749999998201918 = -2.0 @ 195201.0 506.117919921875 1
0.5000000003838089 0.1249999998419208 = -2.0 @ 194476.0 583.234619140625 1
0.166666666663717 0.8749999999198592 = -2.0 @ 193847.0 650.487548828125 1
0.4999999998795637 0.3750000000714044 = -2.0 @ 191610.0 888.70166015625 1
0.8333333331069804 0.3749999998409486 = -2.0 @ 190957.0 957.756591796875 1
0.1666666668869575 0.12499999974990655 = -2.0 @ 187136.0 1371.4365234375 1
0.16666666660294738 0.6249999998384519 = -2.0 @ 178875.0 2261.76123046875 1
0.8305784758704463 0.8702670514192982 = -2.0757295548617396 @ 177098.0 106.09765625 1
