4.1112071395281715 4.111207147617102 = 1.0 @ 199356.0 55.318115234375 1
7.706277252932788 2.1932800510419224 = 1.0 @ 198852.0 108.649169921875 1
7.706277253098851 7.706277259836075 = 1.0 @ 198331.0 163.350830078125 1
1.1700887871186147 7.706277284987851 = 0.9999999999999997 @ 196670.0 339.26025390625 1
2.193280047790387 7.706277250645083 = 1.0 @ 196065.0 402.7265625 1
7.706277247946858 4.111207140400353 = 1.0 @ 195556.0 456.550048828125 1
4.11120714029319 1.170088786995705 = 1.0 @ 194483.0 575.086181640625 1
2.193280050532887 4.111207147172545 = 1.0 @ 193902.0 637.688720703125 1
7.706277259788887 1.1700887884490816 = 1.0 @ 192805.0 753.7509765625 1
4.111207141827554 7.706277263140554 = 1.0 @ 192272.0 810.253662109375 1
4.111207145726048 2.1932800535019554 = 1.0 @ 187143.0 1363.515625 1
0.33301843330288694 4.111207169102751 = 0.999999999999998 @ 183250.0 1781.576904296875 1
0.62422843349192 1.170088787046554 = 1.0 @ 181377.0 70.94140625 1
0.6355092829572486 4.027350532002313 = 0.9814222387945029 @ 180904.0 123.114013671875 1
1.2063734531333676 4.3187254244131905 = 0.9174566040317305 @ 180904.0 123.114013671875 1
2.193280051692714 2.193280049122306 = 1.0 @ 170854.0 300.71484375 1
2.1932800514551016 1.1700887878898332 = 1.0 @ 169649.0 432.57470703125 1
0.6154963520955469 7.80448480341156 = 0.9910432189361313 @ 168708.0 533.914794921875 1
0.3422284917765937 7.8519142011082845 = 0.972771718438568 @ 168331.0 575.26123046875 1
1.1700887863496874 0.33301843596318037 = 1.0 @ 161298.0 122.49609375 1
4.111207142502977 0.624228433308158 = 1.0 @ 160693.0 186.6298828125 1
7.703563023852746 0.624069343192185 = 0.9999952733577182 @ 154832.0 830.3544921875 1
1.170069704184719 2.1932727891918558 = 0.9999999930760335 @ 153603.0 965.9033203125 1
0.6242284345041695 0.3330184358124678 = 1.0 @ 113514.0 135.289306640625 1
2.136528824201147 0.34756694476607586 = 0.9378995741726782 @ 86673.0 1231.05859375 1
0.6242284334762445 2.1932800498302183 = 1.0 @ 77388.0 128.2158203125 1
2.229644928067464 0.6433905105330355 = 0.9705739079967877 @ 72079.0 717.06982421875 1
0.3330184353600847 1.170088787875938 = 1.0 @ 57874.0 288.455810546875 1
1.1601459948389188 0.6209488893131234 = 0.9974869390204506 @ 55781.0 521.005126953125 1
7.715498987356432 0.33212963692750846 = 0.9997857000715468 @ 31880.0 806.608154296875 1
1.1700887881189492 1.170088788358264 = 1.0 @ 1647.0 247.9521484375 1
