4.111207142674536 1.1700887881944033 2.1932800524382974 = 1.0 @ 398786.0 112.531982421875 1
7.706277255200853 4.11120714676655 7.7062772541598195 = 1.0 @ 398016.0 198.11181640625 1
7.70627725406368 4.111207146427621 4.111207138948741 = 1.0 @ 397101.0 297.701416015625 1
0.6242284333145255 4.11120713821967 4.111207135487816 = 1.0 @ 396242.0 394.951171875 1
4.111207141272288 7.706277250697259 7.706277252725694 = 1.0 @ 395425.0 485.6669921875 1
4.111207135841393 4.111207146552225 7.706277264586514 = 1.0 @ 394538.0 582.761474609375 1
1.1700887862861022 7.706277263497791 7.706277258951218 = 1.0 @ 393637.0 680.8671875 1
7.7062772423373636 7.706277263526 2.1932800527757204 = 1.0 @ 392820.0 773.2646484375 1
4.111207144754995 2.1932800502709657 0.6242284340265012 = 1.0 @ 391807.0 883.32421875 1
2.193280051431179 2.193280053800648 7.7062772530024075 = 1.0 @ 390906.0 981.24462890625 1
1.1700887858678364 2.193280050899953 7.706277259478184 = 1.0 @ 385777.0 1546.59814453125 1
2.193280051120098 4.111207143572277 7.7062772517176015 = 1.0 @ 384092.0 1735.77294921875 1
0.6242284345722396 7.706277268344171 4.1112071439495015 = 1.0 @ 383163.0 1837.989990234375 1
1.1700887890274652 4.111207142558047 7.7062772632013825 = 1.0 @ 382234.0 1941.823974609375 1
7.706277251240449 7.706277261775457 7.706277255686402 = 1.0 @ 380437.0 2140.50830078125 1
7.706277255107493 2.193280049608054 4.111207142988446 = 1.0 @ 379424.0 2250.214599609375 1
7.706277256167736 7.706277260545336 4.111207142873922 = 1.0 @ 377697.0 2438.75390625 1
1.1700887870453633 4.111207142572253 4.111207137275818 = 1.0 @ 376810.0 2535.203125 1
7.706277243356331 7.706277262417989 1.170088786850524 = 1.0 @ 375783.0 2646.528564453125 1
4.1112071421653305 4.111207137106897 4.111207140431113 = 1.0 @ 374910.0 2744.90380859375 1
7.706277261666277 0.6242284332382322 7.706277262976794 = 1.0 @ 372763.0 2982.222412109375 1
4.111207140370076 2.1932800488593895 2.1932800525192224 = 1.0 @ 370364.0 3249.558349609375 1
4.111207140915953 2.1932800512848734 7.7062772607631596 = 1.0 @ 369449.0 3350.74267578125 1
7.706277260063304 4.1112071492293785 2.193280052053828 = 1.0 @ 367652.0 3546.644775390625 1
2.193280053514311 4.111207147037167 4.111207145560458 = 1.0 @ 365925.0 3735.877685546875 1
4.111207139317891 2.1932800491684947 4.111207144100814 = 1.0 @ 364184.0 3927.201171875 1
7.706277251495399 1.1700887890509466 2.1932800482591372 = 1.0 @ 363185.0 4040.778076171875 1
2.1932800504537826 2.1932800513251025 2.1932800510934225 = 1.0 @ 361444.0 4232.103515625 1
7.706277247663331 1.170088788961318 7.706277259031057 = 1.0 @ 359745.0 4425.201904296875 1
4.111197617071358 7.706960859638437 1.1700910736734358 = 0.9999998687086782 @ 353612.0 145.59423828125 1
2.1932800514066577 7.7062772563936255 2.1932800519369993 = 1.0 @ 352641.0 255.860595703125 1
4.111207143304693 4.111207139542081 2.19328005133941 = 1.0 @ 351726.0 356.6494140625 1
1.1701809907759255 7.705111628041902 4.110740692407443 = 0.9999993005773233 @ 351399.0 392.223388671875 1
1.1700887860118836 7.706277266357328 2.1932800499899026 = 1.0 @ 350372.0 505.079833984375 1
4.113315420803297 1.1702802987939986 0.6244270611932851 = 0.9999934859597752 @ 348953.0 665.09228515625 1
7.706277249832733 0.6242284339369667 4.111207142911326 = 1.0 @ 347898.0 782.803466796875 1
4.111207139419875 7.706277255169316 2.193280051827912 = 1.0 @ 346787.0 905.2470703125 1
1.1700608809618374 1.1700659122834685 2.1932755742856487 = 0.9999999840798746 @ 346306.0 958.049560546875 1
2.193286852347638 7.706252518488611 7.706075589236921 = 0.9999999882538961 @ 345279.0 1073.1396484375 1
7.706343011749827 2.1931522703339734 7.706015426280118 = 0.9999999229725267 @ 343720.0 1247.246826171875 1
7.706341795543942 2.1932047765880793 2.193261912111998 = 0.9999999780589937 @ 342539.0 1387.959228515625 1
7.7061896010973205 4.111212367191115 1.1701118957000634 = 0.999999991316411 @ 334554.0 2289.06787109375 1
7.706277261566107 2.193280051458656 0.6242284331015892 = 1.0 @ 332253.0 2543.508544921875 1
0.6621554928870858 8.070290058094526 7.601115248901445 = 0.9056571686691977 @ 330680.0 2721.08251953125 1
2.193280048028851 4.1112071447169765 0.6242284336604995 = 1.0 @ 326504.0 3188.94873046875 1
4.111207146256697 0.6242284347141274 7.7062772600409595 = 1.0 @ 321057.0 390.37939453125 1
0.6242326451616965 0.6242262392846093 7.7064362385598235 = 0.9999999919421105 @ 318238.0 705.411376953125 1
1.1774997793810114 4.032107700543461 2.317183968467706 = 0.9439859529951053 @ 318065.0 725.407470703125 1
4.094592715579456 0.3331075202613035 4.115113563071018 = 0.9997105122695987 @ 312880.0 1294.681640625 1
1.1700887854073003 1.1700887873028762 7.706277268522329 = 1.0 @ 311699.0 1425.259033203125 1
7.480330097979287 0.3395241499008693 7.732849636371854 = 0.978932707600717 @ 311540.0 1442.79931640625 1
4.1092505200113525 7.7063445534030866 4.110998793215631 = 0.9999961790677161 @ 311269.0 1472.34619140625 1
0.6242284333189618 2.1932800499518788 4.111207145276001 = 1.0 @ 308926.0 1738.665771484375 1
1.1701171401243848 1.1700663277307994 4.111195976113557 = 0.9999999839505747 @ 307423.0 1907.514892578125 1
0.6242284341593185 4.111207141936752 7.706277246771125 = 1.0 @ 305920.0 2077.20361328125 1
7.70627726645272 1.1700887887184097 4.111207145201926 = 1.0 @ 304529.0 2231.4052734375 1
7.640443890307459 1.1696007248491085 0.6340432177547629 = 0.9947228846243443 @ 302844.0 2420.8779296875 1
2.1932800528768865 7.706277264578273 4.11120713678707 = 1.0 @ 299479.0 2800.531005859375 1
0.3416304990942942 2.220166507461209 2.1274157819887662 = 0.9713486401876545 @ 298088.0 2958.449462890625 1
2.193611561357622 7.699561218158927 0.33310543111617597 = 0.9999858126433208 @ 295497.0 221.86279296875 1
4.111207145138667 2.1932800528092655 1.170088786801928 = 1.0 @ 294582.0 322.79052734375 1
4.111207145996781 7.706277258428254 0.6242284330619712 = 1.0 @ 292057.0 601.90234375 1
4.111220252736141 4.110778044817603 0.6241484499816364 = 0.9999995445849617 @ 291660.0 645.713623046875 1
0.6145917475713085 0.31660039732680756 7.673467870516978 = 0.9539693085260308 @ 291263.0 691.532958984375 1
7.624047638715171 0.33322103469284703 1.1709461471075706 = 0.9980686339109675 @ 285434.0 1347.284423828125 1
4.111207139231248 4.11120713968858 1.17008878899708 = 1.0 @ 284561.0 1443.189697265625 1
2.1372663153954172 4.006110305960013 1.1962393837043792 = 0.9696835765398722 @ 282190.0 1711.296142578125 1
0.32072017904939093 7.793676246280622 7.766181736791146 = 0.9735620617581637 @ 277621.0 2227.34912109375 1
0.6584253231581373 7.805847582976183 7.8476650433602755 = 0.9454663822741083 @ 277621.0 2227.34912109375 1
4.111207149241431 0.6242284341531547 2.1932800496824814 = 1.0 @ 275722.0 2440.62939453125 1
2.1932800515956075 7.706277260325816 1.1700887876898096 = 1.0 @ 274219.0 2608.93505859375 1
1.1698883878463944 7.743017954513362 1.1699033629358393 = 0.9996221231298833 @ 269930.0 3082.5126953125 1
8.05194610997648 1.170198184750776 1.161887381927088 = 0.9675983088229447 @ 263681.0 3786.908447265625 1
2.1932800480848984 2.1932800529951626 4.111207137394839 = 1.0 @ 261594.0 193.810302734375 1
2.1932800547293225 1.1700887865307368 4.111207144388392 = 1.0 @ 249969.0 1505.562255859375 1
7.706277248641025 7.7062772659734815 0.624228433395565 = 1.0 @ 247668.0 1763.823974609375 1
0.3330184353720133 0.6242284340711278 4.111207142613331 = 1.0 @ 243099.0 2278.23828125 1
2.193907748412078 4.329151414127548 2.1860598560360796 = 0.9563271007136005 @ 241078.0 2504.21630859375 1
4.111207140371369 1.1700887883464062 7.706277249744463 = 1.0 @ 223703.0 805.547119140625 1
7.823548214406977 0.3384128629695453 2.2876682806048048 = 0.9627573721021925 @ 214402.0 1850.34521484375 1
2.193280051411097 1.1700887878492798 7.706277251844235 = 1.0 @ 213095.0 1999.91845703125 1
2.2303219600751913 0.33560200140377583 4.16094073103451 = 0.9919343114516832 @ 206160.0 2784.917724609375 1
0.6404625524855257 4.057551419920389 1.1825884308963717 = 0.9843217743517985 @ 199897.0 3492.6123046875 1
1.1363540241731651 4.18193697371491 1.1946242126204096 = 0.9738479851554818 @ 199897.0 3492.6123046875 1
7.714655619712131 0.6246448150857069 2.192605838767136 = 0.9999713350812733 @ 189209.0 929.78662109375 1
7.706276496155842 0.6242284957279739 0.6242283058878806 = 0.9999999999989748 @ 183534.0 1569.41796875 1
2.193280050667278 2.1932800517995217 1.1700887872261512 = 1.0 @ 164419.0 3725.47607421875 1
1.170088786756031 2.1932800524390665 4.111207138950506 = 1.0 @ 160792.0 344.9951171875 1
4.111207143784887 0.6242284333825623 4.111207147505629 = 1.0 @ 159485.0 491.67626953125 1
2.1932800502040966 0.6242284343679516 4.111207139763655 = 1.0 @ 158514.0 598.05517578125 1
4.111207143533966 0.6242284344331529 0.33301843604463377 = 1.0 @ 130709.0 407.113037109375 1
0.6242284338374854 4.11120714356174 2.1932800510277843 = 1.0 @ 117124.0 1930.215576171875 1
0.6233108206772577 2.192122701524851 7.492321899686385 = 0.9868332341130737 @ 113101.0 2373.15576171875 1
0.3330184349870706 4.111207150131927 7.706277262988819 = 1.0 @ 107860.0 2972.689453125 1
4.1112071486888215 1.1700887868926966 4.111207139326698 = 1.0 @ 87657.0 1031.757568359375 1
7.576168410189524 7.723553937104078 0.33240856069513086 = 0.9950397464621168 @ 87022.0 1110.08056640625 1
1.1700887880671011 2.193280052041346 2.193280051656439 = 1.0 @ 84357.0 1408.72021484375 1
0.6242284339914099 1.170088786726503 2.1932800540797484 = 1.0 @ 77450.0 2193.59619140625 1
0.623378263344047 7.8354824655075666 1.1690324775955043 = 0.9953583089697229 @ 46243.0 3041.12255859375 1
7.891483559729486 2.1711998716021865 1.139213390225264 = 0.9770913505044354 @ 43606.0 3344.768310546875 1
7.75447368499253 2.1161422532526535 0.3120068181067326 = 0.9098937814414205 @ 43606.0 3344.768310546875 1
1.1700887862703875 0.6242284336588177 0.6242284335977365 = 1.0 @ 12744.0 3155.3564453125 1
