-0.8003211029401527 4.858056880072313 5.482864206972496 = 2709.0935055728282 @ 398660.0 140.55029296875 1
4.8580568811969815 -0.8003210998551895 5.4828642059868695 = 2709.0935055728282 @ 397512.0 284.52490234375 1
-7.0835064080895 5.4828642081872045 -7.708313736805038 = 2709.0935055728282 @ 393139.0 819.96044921875 1
-0.8003211000268436 -7.083506408850116 -7.708313734147152 = 2709.0935055728282 @ 391972.0 961.505615234375 1
-1.4251284270775713 -0.8003211006192378 5.48286420667577 = 2709.093505572828 @ 389657.0 1243.59521484375 1
5.482864208236207 -0.8003211018544013 -7.708313734575567 = 2709.093505572828 @ 388546.0 1381.72021484375 1
4.858056879954477 5.482864207999778 -0.8003210990593908 = 2709.0935055728282 @ 384089.0 1931.672607421875 1
-1.4251284281378929 -7.083506407355821 5.482864207402389 = 2709.093505572828 @ 377210.0 2775.306640625 1
-7.0835064083840615 -7.083506408217035 -7.70831373400449 = 2709.0935055728287 @ 373579.0 3219.602294921875 1
-7.7083137366212195 -7.083506408117389 5.482864205764108 = 2709.0935055728282 @ 371306.0 3502.33935546875 1
5.482864205783097 4.858056878703616 5.482864206032204 = 2709.0935055728282 @ 368767.0 3814.5029296875 1
-0.8003210997524483 5.4828642059727795 -7.70831373590819 = 2709.0935055728287 @ 367572.0 3959.546630859375 1
-7.7083137327854185 5.482864205134933 -0.8003211020631092 = 2709.0935055728282 @ 364053.0 4391.856201171875 1
-0.8003210996870287 -0.8003210997822136 -7.70831373584017 = 2709.0935055728287 @ 362676.0 4560.541748046875 1
-1.425128428834969 -0.8003211004024066 -0.8003210990841355 = 2709.093505572828 @ 358989.0 5016.699462890625 1
-7.083506407916765 -7.7083137358050475 5.482864206092058 = 2709.0935055728282 @ 357598.0 5185.21923828125 1
-0.8003211004628107 -1.4251284287536445 5.482864204599802 = 2709.093505572828 @ 355213.0 5481.447509765625 1
4.858056879187254 5.482864206375747 -7.0835064072230525 = 2709.0935055728282 @ 352926.0 5759.025634765625 1
-0.8003211007112245 -1.4251284288255603 -7.083506405113487 = 2709.093505572828 @ 344787.0 6756.87841796875 1
5.4828642073839715 -1.4251284281868497 -0.800321100593737 = 2709.093505572828 @ 342098.0 139.905517578125 1
4.858056878805117 -7.083506405812091 -7.0835064063851 = 2709.0935055728282 @ 339867.0 415.89404296875 1
-0.800323595784474 -7.708311244773762 -7.083505112294496 = 2709.0935051096353 @ 336782.0 797.573974609375 1
5.482864206084405 -7.708313735225266 5.482864206974458 = 2709.0935055728282 @ 334509.0 1080.625732421875 1
5.482864205279055 -7.08350640859807 -1.425128428313799 = 2709.093505572828 @ 332978.0 1267.754150390625 1
5.482864207417135 -7.083506409304633 4.858056878112267 = 2709.0935055728287 @ 330929.0 1517.31787109375 1
-7.083506407650967 -7.08350640578307 -1.4251284284004355 = 2709.093505572828 @ 327368.0 1965.281982421875 1
-7.708313735362514 -7.083506407764825 -0.8003210992667037 = 2709.0935055728282 @ 320811.0 2772.0478515625 1
4.85805687766412 -0.8003211009696176 -0.8003211005305146 = 2709.0935055728282 @ 318244.0 3092.175537109375 1
-1.425128428908795 -7.083506408824842 -0.8003211000857212 = 2709.093505572828 @ 309055.0 4224.33251953125 1
-1.4251278212266396 -7.08350694919278 -7.083507030815924 = 2709.093505538512 @ 307160.0 4460.600341796875 1
-0.8003210988408053 4.858056878440943 -0.8003211014855485 = 2709.0935055728282 @ 296589.0 494.978271484375 1
4.858056984944863 -7.083506226883335 5.482864365460679 = 2709.0935055705895 @ 291138.0 1175.0908203125 1
5.482864204441717 4.858056878779381 -0.8003211017097291 = 2709.0935055728282 @ 286429.0 1760.472412109375 1
-1.4251284267897506 -0.800321100614229 -7.083506406782605 = 2709.093505572828 @ 278612.0 2729.37158203125 1
5.482864204941534 5.482864207236977 -7.708313736597324 = 2709.0935055728287 @ 267827.0 4063.315673828125 1
-7.083506406551696 -7.0835064060092 4.858056875732832 = 2709.093505572828 @ 260332.0 4986.85205078125 1
-7.083341948428504 -1.424774602289555 5.483602428051192 = 2709.0709348525884 @ 254643.0 5682.203857421875 1
-7.083506408307274 -0.8003211014073877 -7.70831373483024 = 2709.0935055728282 @ 252136.0 288.379150390625 1
-0.8003210996197792 -7.083506406648754 4.858056878591272 = 2709.0935055728287 @ 245299.0 1129.052001953125 1
-1.4251284134846192 5.4828636732270235 -0.8003215615562118 = 2709.093505556878 @ 243894.0 1302.82666015625 1
-7.0835064097131 4.858056878430235 -0.8003210985132722 = 2709.0935055728282 @ 238247.0 2010.33447265625 1
-7.083506407707589 -1.4251284289259507 -7.083506408376545 = 2709.093505572828 @ 233034.0 2658.300537109375 1
-7.708313439726041 -0.800320897900978 -0.8003206010490124 = 2709.093505560556 @ 228801.0 3185.43603515625 1
-0.8003211000066196 -1.4251284283749097 -0.8003210998481004 = 2709.093505572828 @ 221348.0 4109.163818359375 1
-7.083506408631075 4.85805687602649 -7.083506410857912 = 2709.0935055728282 @ 216415.0 4726.690673828125 1
4.8580568772573205 -0.8003211004425554 -7.083506408617505 = 2709.0935055728282 @ 212704.0 132.386962890625 1
-7.708313735325339 -0.8003211022084529 5.482864206597156 = 2709.0935055728282 @ 201513.0 1539.896240234375 1
5.48286420799038 -1.4251284274361822 5.482864206902207 = 2709.093505572828 @ 171100.0 5330.052490234375 1
-7.708313735703859 -0.8003211013569304 -7.083506409287838 = 2709.0935055728282 @ 168677.0 273.083740234375 1
-0.80032110233793 -7.08350640749779 -1.4251284275820342 = 2709.093505572828 @ 165438.0 677.703125 1
-0.8003211016040933 -7.7083137348268576 -0.8003211000039885 = 2709.0935055728282 @ 164229.0 825.690185546875 1
-7.0835065472559124 -0.800321053078037 4.85805677830515 = 2709.093505571789 @ 151680.0 2392.91552734375 1
5.482864355972201 -1.4251315280437968 -7.083505397427327 = 2709.093505214503 @ 150471.0 2543.29833984375 1
5.48286420706585 -0.8003211007043951 4.858056879940749 = 2709.0935055728282 @ 128854.0 285.48828125 1
4.85805687839934 -7.083506408907643 -0.800321101361258 = 2709.0935055728282 @ 127729.0 424.440673828125 1
-0.800321100015384 -0.8003210989059993 -1.4251284288962327 = 2709.093505572828 @ 121298.0 1218.933837890625 1
-7.083506406967057 -7.708313736202362 -0.8003211004132901 = 2709.0935055728282 @ 119011.0 1502.698486328125 1
-7.7083137365346115 -7.083506406570522 -7.0835064102784955 = 2709.0935055728282 @ 114120.0 2110.594970703125 1
-0.8003206102078175 4.858057290902492 -7.083506308251017 = 2709.093505559062 @ 100941.0 3748.06396484375 1
5.482864122602018 -7.708313700403359 -7.0835071969318495 = 2709.093505552586 @ 97982.0 4120.626708984375 1
-0.800321352963094 5.4828642512385075 -1.4251283835470803 = 2709.0935055706504 @ 97235.0 4213.518798828125 1
4.8580568786283695 5.482864207436074 5.482864205308095 = 2709.0935055728282 @ 84606.0 134.50927734375 1
-7.083506406528333 4.858056877680001 5.482864208450574 = 2709.0935055728282 @ 79785.0 730.546875 1
-1.4251276698515303 5.482863587492376 5.482864279029404 = 2709.093505540914 @ 66256.0 2418.45556640625 1
-7.083506406962848 5.482864206488044 -1.42512842767057 = 2709.093505572828 @ 57599.0 3505.167236328125 1
-7.083506407829095 -1.4251284278895928 -0.8003210992505824 = 2709.093505572828 @ 17334.0 2823.259765625 1
-0.8003210988987688 -0.8003211026072923 4.858056880884861 = 2709.0935055728282 @ 7837.0 4016.67822265625 1
