-1.4251284279228544 5.482864205703758 5.482864206741449 = 2709.093505572828 @ 392990.0 833.366943359375 1
4.858056877557752 -0.8003210995030045 5.482864206210852 = 2709.0935055728282 @ 391674.0 994.16552734375 1
-1.425128428689502 5.482864206868063 -0.800321100203519 = 2709.093505572828 @ 390507.0 1136.955322265625 1
4.858056875659878 -0.8003211008521804 -7.083506406834866 = 2709.0935055728282 @ 388136.0 1424.442626953125 1
-0.8003211002981587 5.482864206666498 4.858056877427488 = 2709.0935055728282 @ 383427.0 2003.76318359375 1
-0.8003211004363682 -7.083506406989028 -7.70831373447364 = 2709.0935055728282 @ 376478.0 2846.947998046875 1
-7.083506407749515 -7.708313735355565 -0.8003211008510244 = 2709.0935055728282 @ 375297.0 2990.794677734375 1
-7.083506410779799 5.482864206256043 -7.7083137355434115 = 2709.0935055728282 @ 374060.0 3141.529052734375 1
-0.8003210999546048 4.858056880348409 5.4828642055553924 = 2709.0935055728282 @ 371759.0 3419.173828125 1
5.482864207030732 -1.4251284287155332 5.48286420564939 = 2709.093505572828 @ 368072.0 3868.3212890625 1
-0.8003211018055548 -0.8003211017877022 -7.7083137327281275 = 2709.093505572828 @ 364707.0 4278.885498046875 1
4.85805687942876 -7.083506409325975 -0.8003210998205672 = 2709.0935055728282 @ 362154.0 4589.5478515625 1
-7.708313733491222 -7.08350640713809 -0.8003211002141408 = 2709.0935055728282 @ 360959.0 4734.91796875 1
5.482864206539279 -7.708313734006039 -7.083506407967848 = 2709.0935055728287 @ 358644.0 5016.6572265625 1
-0.8003211000289864 4.858056877572368 -7.083506411184354 = 2709.0935055728282 @ 349259.0 6158.765625 1
-0.8003211000134736 -1.425128427832909 -7.0835064052942345 = 2709.093505572828 @ 341638.0 7080.9853515625 1
5.482864207106813 -7.083506407057123 -1.4251284265402653 = 2709.093505572828 @ 340457.0 7223.153076171875 1
-7.708313734882642 5.482864207812372 5.482864206220034 = 2709.0935055728282 @ 339084.0 143.12890625 1
-7.083506408288746 -7.083506406705815 -7.708313734949526 = 2709.0935055728282 @ 335817.0 540.76953125 1
-0.800321099041562 -7.7083137365407515 5.482864207549481 = 2709.093505572828 @ 334608.0 689.45263671875 1
-7.083506544175281 -7.083506711262566 -1.4251279979761908 = 2709.0935055630116 @ 333903.0 775.517578125 1
-0.8003193976610966 5.482864926007825 -1.425129186063195 = 2709.0935054438637 @ 330902.0 1144.07421875 1
-7.708313735849478 -0.80032110084624 -7.083506404452433 = 2709.0935055728282 @ 322063.0 2222.21533203125 1
-7.70831373499419 -0.8003210993726071 5.482864208962573 = 2709.0935055728282 @ 319776.0 2498.007568359375 1
-1.4251284280551217 -7.083506405771496 5.482864207552188 = 2709.093505572828 @ 317349.0 2793.541748046875 1
-0.8003211824732069 4.858056937494754 -0.8003215607765016 = 2709.093505565701 @ 315174.0 3058.365234375 1
-7.083506405873786 4.858056878281326 5.482864208758782 = 2709.0935055728282 @ 312187.0 3430.39111328125 1
-7.083506177454035 -1.4251286000330934 -0.8003210290799618 = 2709.093505569968 @ 299498.0 4978.088623046875 1
5.482864208601198 -7.083506408376559 4.858056876360132 = 2709.0935055728282 @ 297435.0 5234.50537109375 1
-0.8003210986257244 -7.708313736198269 -7.083506407608012 = 2709.0935055728282 @ 291372.0 530.882080078125 1
-0.8003206350379836 -7.0835054592469255 4.858057301821656 = 2709.093505530995 @ 279313.0 1998.38818359375 1
-0.8003210999918617 5.482864204351499 -7.708313736956476 = 2709.0935055728282 @ 275990.0 2407.028076171875 1
5.482864208697009 -7.0835064062047595 -7.708313734986623 = 2709.0935055728287 @ 263553.0 3931.470947265625 1
-1.4251284271518734 5.482864207914835 -7.083506407174334 = 2709.093505572828 @ 253328.0 5182.177490234375 1
5.482863565575733 5.4828638729611034 4.858056632284822 = 2709.093505554022 @ 252529.0 73.83349609375 1
-7.083506407931243 -7.083506406980416 4.8580568778098385 = 2709.0935055728282 @ 250662.0 302.986083984375 1
-7.0835064105168986 -0.8003211020350682 -7.708313735152954 = 2709.0935055728282 @ 243237.0 1214.670166015625 1
5.482952954464731 -0.7998764542536059 -7.707811386692923 = 2709.0783805767105 @ 240446.0 1558.023681640625 1
5.482864205086577 4.858056879930588 5.482864207639864 = 2709.0935055728282 @ 236437.0 2041.216552734375 1
-7.083506406952211 -7.7083137370689325 5.482864207675524 = 2709.0935055728287 @ 233184.0 2437.277099609375 1
-1.4251287264385808 -7.083506330230827 -0.80032089433392 = 2709.0935055682676 @ 206621.0 5684.141357421875 1
5.482864207430274 -0.8003210981356819 -1.4251284300107918 = 2709.093505572828 @ 203918.0 139.367431640625 1
4.858056877296457 5.48286420742027 -7.083506409454856 = 2709.0935055728282 @ 194743.0 1258.5966796875 1
-7.083506408660924 -7.708313737529464 -7.083506408952965 = 2709.0935055728282 @ 191042.0 1711.206787109375 1
-7.708313737735301 -0.8003210998255776 -0.800321099528396 = 2709.0935055728282 @ 187705.0 2117.969970703125 1
4.8580568784463 -0.8003210990956837 -0.8003211012673724 = 2709.0935055728282 @ 180252.0 3028.541748046875 1
-1.4251286597760346 -0.8003214863684655 -0.8003206291939788 = 2709.093505559121 @ 177755.0 3335.22998046875 1
5.482864205371669 5.482864206361661 -1.4251284285933472 = 2709.093505572828 @ 153646.0 524.9931640625 1
5.482864205827722 -1.4251284281821037 -7.0835064098126725 = 2709.093505572828 @ 144667.0 1630.534912109375 1
5.482864205589773 -0.8003211001375181 4.858056879685089 = 2709.0935055728287 @ 136542.0 2632.949951171875 1
4.8580568768211965 -7.083506407690326 -7.083506406778286 = 2709.093505572828 @ 75631.0 551.1396484375 1
5.48286420579795 -7.7083137344886605 5.4828642068977365 = 2709.0935055728282 @ 74506.0 690.63720703125 1
-1.4251284275184612 -0.8003211000878163 -7.083506407298147 = 2709.093505572828 @ 70035.0 1239.5595703125 1
-0.8003200716947135 -1.425128308157804 5.482863175996251 = 2709.0935055043465 @ 69414.0 1315.52001953125 1
5.482864207124285 4.858056880097893 -7.083506407107014 = 2709.0935055728282 @ 66007.0 1737.542724609375 1
-0.8003210996677989 -7.7083137352990985 -0.8003211004423432 = 2709.0935055728282 @ 58666.0 2633.749755859375 1
-0.8003212429160868 -1.425129132715989 -0.8003202916572999 = 2709.093505534426 @ 57275.0 2808.84228515625 1
-0.8003211014712563 -7.083506408752847 -1.425128428035316 = 2709.093505572828 @ 48044.0 3947.166259765625 1
-7.083506546044974 4.858056790235901 -7.083506292111289 = 2709.0935055715204 @ 26791.0 935.483154296875 1
-7.708313479333607 -7.083506456647755 5.482864260619582 = 2709.093505570438 @ 24896.0 1168.546630859375 1
-7.708313284227708 -7.083506651944115 -7.083506193371798 = 2709.093505562555 @ 22973.0 1412.0732421875 1
-7.708313734881996 5.482864209056897 -0.8003210999485522 = 2709.0935055728282 @ 20056.0 1781.689697265625 1
-7.083506406666156 -0.8003210990560325 4.858056881270722 = 2709.0935055728282 @ 17447.0 2109.426025390625 1
-7.083506408297104 5.482864205988842 -1.4251284278546084 = 2709.093505572828 @ 14628.0 2459.639892578125 1
