0.4999999999312126 0.6250000001535415 = -2.0 @ 199212.0 72.086669921875 1
0.16666666685180453 0.8750000002136032 = -2.0 @ 198480.0 150.926025390625 1
0.5000000002366648 0.8749999998199746 = -2.0 @ 197803.0 225.96044921875 1
0.1666666666219954 0.6250000000830446 = -2.0 @ 197138.0 298.06201171875 1
0.1666666668050715 0.12499999976153545 = -2.0 @ 196473.0 369.933837890625 1
0.16666666660261173 0.3749999999016801 = -2.0 @ 193780.0 661.807861328125 1
0.5000000001087741 0.37500000005674045 = -2.0 @ 191747.0 887.0 1
0.5000000000007779 0.12500000028329425 = -2.0 @ 190326.0 1041.299072265625 1
0.8333333332573284 0.12499999970729682 = -2.0 @ 188377.0 1275.44287109375 1
0.8333333331670191 0.6250000002681819 = -2.0 @ 187700.0 1347.856689453125 1
0.8333333331904305 0.37500000029390534 = -2.0 @ 186987.0 1424.76708984375 1
0.8333333333216667 0.8750000003402523 = -2.0 @ 185002.0 1639.192138671875 1
