2.1932800533138663 7.706277247761712 7.706277247642814 = 1.0 @ 398898.0 99.269775390625 1
4.11120714103242 4.111207139002359 1.1700887879681783 = 1.0 @ 397106.0 299.39990234375 1
7.7062772552509005 7.706277255776495 4.11120713834836 = 1.0 @ 396303.0 385.91259765625 1
4.1112071382491315 4.111207140379301 0.6242284340241672 = 1.0 @ 395248.0 500.6953125 1
4.111207139207662 1.170088787935904 1.1700887889939722 = 1.0 @ 394207.0 614.05810546875 1
7.706277264105779 4.11120713941422 7.706277242908679 = 1.0 @ 393362.0 705.19921875 1
2.193280049690337 4.111207143612121 7.7062772537828765 = 1.0 @ 392335.0 816.62646484375 1
4.111207146730112 1.170088787933684 4.111207145065812 = 1.0 @ 391392.0 918.351806640625 1
7.7062772485658595 7.706277247406722 7.706277266719917 = 1.0 @ 390575.0 1012.456298828125 1
4.111207143835596 4.1112071432081105 4.111207140035696 = 1.0 @ 389632.0 1116.16845703125 1
4.111207148051614 7.706277253288186 7.706277267316919 = 1.0 @ 388731.0 1215.28369140625 1
4.111207146767806 4.111207140499855 2.1932800497435987 = 1.0 @ 387788.0 1317.231689453125 1
7.743469581920822 0.6218767463362173 4.128463659134763 = 0.9990839454110974 @ 385235.0 1601.234375 1
4.111207140856941 2.1932800494366966 7.706277258959659 = 1.0 @ 384334.0 1700.367919921875 1
4.11120714512163 7.70627725491407 2.193280049961332 = 1.0 @ 383405.0 1800.908203125 1
1.1700887873169585 7.706277250405234 2.1932800483286634 = 1.0 @ 380712.0 2096.344970703125 1
7.706277258058845 4.111207141911047 2.1932800519772857 = 1.0 @ 379027.0 2285.177001953125 1
2.193280050899708 4.111207144763287 4.111207143965109 = 1.0 @ 378126.0 2383.82958984375 1
7.706277260492624 0.6242284329485587 1.1700887878535144 = 1.0 @ 376287.0 2588.527099609375 1
7.706277264019349 2.19328005011554 7.706277249021482 = 1.0 @ 369996.0 3275.331787109375 1
0.6242284329344657 7.706277246020936 7.706277264502268 = 1.0 @ 369039.0 3383.42236328125 1
0.3329964749234057 1.17000762727676 4.108039484741504 = 0.9999899454114938 @ 366710.0 3639.48193359375 1
4.111207149850575 1.1700887867848746 7.706277252439757 = 1.0 @ 365767.0 3743.50390625 1
4.111207147847003 4.111207147014039 7.706277244829489 = 1.0 @ 364712.0 3863.030517578125 1
1.1700887878217705 7.706277246097951 4.11120713617117 = 1.0 @ 355831.0 4842.994384765625 1
7.706277260308657 7.7062772552303995 1.1700887868955319 = 1.0 @ 353964.0 5052.63720703125 1
1.170088786999366 2.1932800518010733 1.1700887869669607 = 1.0 @ 351905.0 108.2216796875 1
2.1931816629541374 7.706419630657448 4.11110134503163 = 0.999999949733718 @ 351522.0 149.695068359375 1
7.705931307267996 1.1701167843385165 4.111150309014135 = 0.9999999536838217 @ 350859.0 223.77490234375 1
4.111207142797403 7.706277257122243 0.6242284330999157 = 1.0 @ 349174.0 411.502197265625 1
7.706365784689695 4.111245862089705 1.1700900128793748 = 0.9999999963039561 @ 348553.0 478.845947265625 1
1.1804177482345615 7.807355193813724 7.738522935444628 = 0.9955967716611136 @ 347666.0 582.559326171875 1
4.111207142529729 2.1932800511073784 4.111207141076663 = 1.0 @ 346709.0 688.174072265625 1
0.624228434390118 4.11120714502883 1.1700887886630535 = 1.0 @ 345682.0 799.51123046875 1
4.111215663851846 7.706486870061374 1.1701128860864103 = 0.9999999805282715 @ 344879.0 888.94140625 1
1.170088786501638 4.111207141674913 7.706277259971541 = 1.0 @ 343446.0 1053.332275390625 1
1.1700887868571745 2.1932800499390925 7.706277257422581 = 1.0 @ 342615.0 1143.393798828125 1
7.706277263903536 4.111207137355193 4.111207137735656 = 1.0 @ 341812.0 1231.018310546875 1
7.723995153362235 7.710507098343177 2.1943237238267748 = 0.9999033138611139 @ 338755.0 1570.42333984375 1
7.769381868594063 1.1891931934590838 7.716086046949463 = 0.9945031431898688 @ 338526.0 1596.017578125 1
2.193280050065543 1.170088787616996 7.706277256358457 = 1.0 @ 337555.0 1705.526611328125 1
7.706277252579377 2.1932800521882356 4.111207140151505 = 1.0 @ 336542.0 1818.71142578125 1
4.11128979361844 2.193170475334103 2.193125118304531 = 0.9999998684909035 @ 333107.0 2204.645751953125 1
7.604139712188402 2.128092959674615 1.1362087712039632 = 0.9676940608799072 @ 332500.0 2274.916015625 1
1.1701350253376122 4.111113654922829 4.111083113288957 = 0.9999999501870211 @ 332145.0 2313.405517578125 1
2.193280047818223 2.193280048693035 1.17008878667154 = 1.0 @ 330250.0 2523.419677734375 1
0.6242284335764201 2.1932800523249023 7.706277251300017 = 1.0 @ 327333.0 2844.37158203125 1
4.111207136015439 7.7062772479307045 4.1112071474389715 = 1.0 @ 324728.0 126.71875 1
1.1700813500497085 2.19327333093147 4.111328231031717 = 0.999999984712425 @ 320691.0 583.41455078125 1
2.193280051710491 7.706277246180354 1.1700887878006128 = 1.0 @ 319776.0 683.754638671875 1
1.1700887870892607 4.111207137683398 0.6242284339957543 = 1.0 @ 315137.0 1202.2998046875 1
2.1932800521204174 7.706277249723364 0.6242284341405049 = 1.0 @ 314040.0 1323.298828125 1
2.13962685303746 2.1193841079648132 0.591414214399854 = 0.9230129769338739 @ 313909.0 1338.457763671875 1
7.706193218813491 7.706277807152494 0.6242330247386336 = 0.9999999971163335 @ 312336.0 1519.161865234375 1
2.1932800516648663 7.706277256930083 2.1932800528538405 = 1.0 @ 310273.0 1752.077880859375 1
1.1700802881000263 1.1701082460227425 7.70618763454788 = 0.9999999922572158 @ 302792.0 2586.4873046875 1
7.70651890157659 4.111155391498716 0.6242249821414916 = 0.9999999804623967 @ 292389.0 854.58447265625 1
7.706277255108911 1.1700887890479728 2.1932800517947038 = 1.0 @ 288212.0 1331.483642578125 1
2.193560198505372 2.193117908389037 7.706293755715698 = 0.9999996369491553 @ 286947.0 1471.919921875 1
7.706277256420679 2.1932800507494896 2.1932800517347335 = 1.0 @ 284758.0 1721.3515625 1
4.111207140938447 1.1700887866872458 2.193280051043012 = 1.0 @ 281071.0 2136.287109375 1
1.170079675526668 7.706286592642406 1.1701012951630334 = 0.9999999970603941 @ 280226.0 2231.557861328125 1
2.1932800509213988 4.111207145426054 2.1932800481429604 = 1.0 @ 277407.0 2543.93408203125 1
2.1922205811970823 4.116990873905207 1.1694956214697152 = 0.9999588849648358 @ 272656.0 3078.765380859375 1
2.2528316747991406 2.104459839094688 2.082074302459863 = 0.9159150133499465 @ 271307.0 3234.35546875 1
4.111207142595004 2.193280049125951 1.1700887879847381 = 1.0 @ 269062.0 3487.70703125 1
0.6594019689331442 7.602182909160818 1.2063046628281302 = 0.9327157642965258 @ 267899.0 12.548583984375 1
7.704399386706914 0.6243246146345814 7.698455037307531 = 0.9999814252325608 @ 260684.0 826.345947265625 1
2.199082429926855 1.1705893533797058 2.205130785103397 = 0.9993967756405293 @ 247239.0 2331.6787109375 1
7.6993762366257945 1.1698070007368702 1.1698888141700143 = 0.9999851688528392 @ 223438.0 1223.0419921875 1
7.706277261672038 1.1700887875611534 0.6242284339299994 = 1.0 @ 207865.0 2959.68115234375 1
2.1932882269112213 2.193298012289543 4.111196400300029 = 0.9999999985368426 @ 200440.0 3787.64306640625 1
1.170088786919713 0.6242284338230047 0.6242284341497978 = 1.0 @ 194797.0 503.695556640625 1
0.33269991266794674 7.66275949329571 7.618084213708393 = 0.9972446963038413 @ 188814.0 1170.203369140625 1
2.1932800504643537 1.1700887882107922 1.1700887875425763 = 1.0 @ 187745.0 1289.12939453125 1
0.6242284335033603 7.706277253996484 4.111207142398449 = 1.0 @ 168742.0 3410.31884765625 1
7.706277267274044 2.1932800505891143 0.6242284335283212 = 1.0 @ 149617.0 1437.400634765625 1
0.6248967951297122 0.6227413937749758 7.6639518032095015 = 0.9993807011516416 @ 131944.0 3432.578857421875 1
1.1700887874358936 2.1932800519875384 2.193280052113438 = 1.0 @ 105245.0 2796.04052734375 1
0.624228433775815 4.1112071400541605 4.111207142873315 = 1.0 @ 101992.0 3162.076904296875 1
4.111121502381915 0.6242225272090131 7.70615276531033 = 0.9999999869259852 @ 100265.0 3361.41455078125 1
7.706277254534244 0.6242284330563165 2.1932800521801794 = 1.0 @ 99252.0 3473.81396484375 1
1.1701950492239888 0.6258615789146449 7.767621885332799 = 0.9988388629467307 @ 89913.0 352.36181640625 1
1.1700887872995689 1.170088786418768 4.111207139367133 = 1.0 @ 88550.0 503.684814453125 1
0.6240737514298961 1.174189778979042 7.8163910645453845 = 0.9964457448881097 @ 72907.0 2235.3447265625 1
1.1700887883716058 4.111207140262333 1.1700887877594057 = 1.0 @ 38130.0 1278.642333984375 1
2.1932800512793014 0.624228433018053 2.193280048736511 = 1.0 @ 12113.0 4201.78662109375 1
4.111207145782304 0.6242284341352625 2.193280052011235 = 1.0 @ 11100.0 4311.802734375 1
4.116387716623886 0.33261090457742115 7.65156659092195 = 0.9991028874838013 @ 3693.0 806.691162109375 1
