5.482864208490787 4.85805687915447 5.4828642054759795 = 2709.0935055728287 @ 398618.0 145.037841796875 1
-7.083506406552201 4.8580568775810296 5.482864206389137 = 2709.0935055728282 @ 397526.0 275.81591796875 1
-0.8002058605319468 -1.424994796622941 5.483199273368611 = 2709.0888767566057 @ 393517.0 757.27099609375 1
5.48286420597084 -0.8003210999878656 -1.4251284281120247 = 2709.093505572828 @ 392364.0 894.536865234375 1
-7.083506410009211 -7.083506404789464 -7.7083137342913215 = 2709.0935055728282 @ 390161.0 1156.24365234375 1
-7.083506407598067 -7.083506408851749 -1.4251284273350535 = 2709.093505572828 @ 388924.0 1308.31640625 1
5.482864207664219 -0.8003211010040757 -7.708313734183132 = 2709.0935055728282 @ 377635.0 2662.745361328125 1
-7.708313735333929 -0.8003211004993839 -7.083506409617865 = 2709.0935055728282 @ 376538.0 2792.304931640625 1
4.858056879489547 -7.083506405825887 5.482864207312941 = 2709.0935055728287 @ 374055.0 3093.27197265625 1
5.4828642060089825 -1.4251284300320868 -7.083506408701749 = 2709.093505572828 @ 368184.0 3797.95849609375 1
4.858056877937409 5.4828642060011 -0.800321100139244 = 2709.0935055728282 @ 367171.0 3918.17822265625 1
-7.083506407656708 4.85805687776177 -7.0835064051863865 = 2709.0935055728282 @ 362322.0 4505.47802734375 1
-1.425128427274462 -0.8003211008144913 -7.083506408611961 = 2709.093505572828 @ 360035.0 4779.435546875 1
-7.70831373661734 5.482864206287995 5.4828642064462905 = 2709.0935055728282 @ 355018.0 5394.193359375 1
-0.8003210986272266 -7.08350641056277 -7.7083137357954765 = 2709.0935055728282 @ 348027.0 6244.84716796875 1
-7.083506407733687 -7.083506407331175 4.858056879209302 = 2709.0935055728282 @ 340924.0 7100.334716796875 1
4.858056878345445 -7.083506409697926 -7.0835064074042595 = 2709.0935055728282 @ 337171.0 129.880615234375 1
5.482864207888208 -7.083506408140022 -1.4251284288452672 = 2709.093505572828 @ 335878.0 290.955810546875 1
-7.708313735810242 -0.8003210998665845 -0.8003211001441028 = 2709.0935055728282 @ 332359.0 715.25830078125 1
-7.08350625814571 5.482862947795148 -1.4251293688303068 = 2709.093505491389 @ 331724.0 792.731201171875 1
4.858056878139147 5.482864208302784 5.482864205283776 = 2709.0935055728282 @ 327897.0 1264.481689453125 1
-7.083506405665244 4.858056879942703 -0.8003210983552128 = 2709.0935055728282 @ 323118.0 1845.54248046875 1
5.482864208648826 -1.4251284268634463 5.482864204815761 = 2709.093505572828 @ 313313.0 3030.80517578125 1
5.482864204303655 -7.083506407109433 -7.708313736623266 = 2709.0935055728287 @ 307176.0 3768.124755859375 1
-0.8003211000463456 -7.08350640814279 -1.4251284287463326 = 2709.093505572828 @ 305379.0 3986.540283203125 1
5.482864207039411 -7.708313734899368 -0.80032109987182 = 2709.0935055728282 @ 294440.0 5307.05517578125 1
-0.8003211006883889 -0.8003211005935613 -1.4251284278652745 = 2709.093505572828 @ 290309.0 147.99609375 1
5.482864206901736 -7.7083137343428785 5.482864207196462 = 2709.0935055728282 @ 282618.0 1080.56103515625 1
-7.083506408995499 -0.8003210999288225 4.858056878650453 = 2709.0935055728287 @ 280289.0 1362.928466796875 1
-7.083506408908308 -1.4251284287005495 5.48286420755044 = 2709.093505572828 @ 273298.0 2207.90771484375 1
-0.8003223186716826 -0.8003210432427176 -7.708313532902039 = 2709.093505523756 @ 272131.0 2348.7255859375 1
5.482864206225066 4.858056878720044 -0.8003210993885657 = 2709.0935055728282 @ 270880.0 2499.88427734375 1
-1.4251284273252072 5.482864207099821 -7.083506408625862 = 2709.093505572828 @ 262643.0 3498.789794921875 1
-1.4251284290209651 -0.8003211018239073 -0.8003210987866587 = 2709.093505572828 @ 252796.0 4689.402587890625 1
-0.8003211008756769 5.482864205880835 -1.4251284282828782 = 2709.093505572828 @ 245249.0 262.315673828125 1
-7.708313887706782 5.482864324887799 -0.8003211830685052 = 2709.0935055713776 @ 242388.0 604.151611328125 1
-7.708313736182026 5.482864206642205 -7.083506408871388 = 2709.0935055728287 @ 232317.0 1820.87939453125 1
-0.8003211001324173 -7.708313734343596 -7.083506409113461 = 2709.0935055728282 @ 223576.0 2882.917724609375 1
-7.708313734188144 -7.08350640536611 -0.8003210980558683 = 2709.0935055728282 @ 216907.0 3698.5283203125 1
-1.4251284285923815 -0.8003211008964373 5.482864206845053 = 2709.093505572828 @ 201898.0 562.07470703125 1
-0.8003211005635829 -0.8003210992997445 4.858056878528297 = 2709.0935055728287 @ 193409.0 1595.913330078125 1
-7.083506408467742 -0.8003211019127922 -7.708313735928483 = 2709.0935055728282 @ 192312.0 1726.406005859375 1
-1.4251284263016792 5.482864208736369 5.4828642065298 = 2709.093505572828 @ 183445.0 2803.64208984375 1
-7.083508047358176 -1.4251295823871508 -0.800319455941667 = 2709.0935053548874 @ 176650.0 3632.46142578125 1
-1.4251284289355488 -7.083506409197574 5.482864206524257 = 2709.093505572828 @ 158645.0 421.741455078125 1
4.858056879169377 5.482864204950533 -7.083506406412234 = 2709.0935055728282 @ 156106.0 726.216552734375 1
-0.8003211004007299 -7.708313735820033 5.482864204213151 = 2709.0935055728282 @ 148471.0 1654.75634765625 1
5.482863916972563 5.482864676845785 4.858056783033356 = 2709.0935055627397 @ 144854.0 2092.39892578125 1
4.858056878913169 -0.8003211001667089 -0.8003210993285603 = 2709.0935055728282 @ 136855.0 3068.958740234375 1
-1.4251284291935367 -7.083506406738391 -7.083506408472549 = 2709.093505572828 @ 111654.0 415.79345703125 1
-1.4251284281805403 5.482864207894883 -0.8003211005906091 = 2709.093505572828 @ 105013.0 1220.96044921875 1
-0.8003202237981921 -1.4251279793924836 -0.8003214581524761 = 2709.0935055372693 @ 103076.0 1459.08154296875 1
-0.8004776267350376 -7.084079707462059 4.857978402008535 = 2709.0819736727344 @ 86733.0 3435.27783203125 1
5.48286383981765 -1.4251287579288519 -0.8003206660645288 = 2709.0935055587875 @ 80428.0 4201.73681640625 1
5.482864472489038 5.482864290242833 -7.708313731208004 = 2709.093505570338 @ 59889.0 224.896728515625 1
-0.8003211011820471 4.858056876978987 -7.083506406895474 = 2709.0935055728282 @ 57294.0 542.415771484375 1
5.482864207254756 5.482864207072661 -1.4251284288229469 = 2709.093505572828 @ 50289.0 1391.419677734375 1
-7.708313709680989 -0.80032121247412 5.482864743385309 = 2709.0935055631685 @ 23264.0 4668.52099609375 1
-7.083506406895464 5.482864204865655 4.858056878957344 = 2709.0935055728287 @ 10677.0 909.599853515625 1
-0.800321100557259 4.858056879750253 5.482864208651019 = 2709.0935055728282 @ 2860.0 1851.3232421875 1
-7.708313737894612 -7.083506407109483 5.482864206109815 = 2709.0935055728287 @ 475.0 2142.1650390625 1
