4.111207147760775 7.706277254331677 1.1700887865292298 = 1.0 @ 398870.0 103.425537109375 1
7.706277257510008 1.1700887872986325 4.111207138871269 = 1.0 @ 397862.0 219.833251953125 1
7.706277268086652 7.706277247234286 7.706277260725639 = 1.0 @ 397031.0 312.24609375 1
2.1932800542748585 1.1700887891469722 2.1932800478664416 = 1.0 @ 396130.0 411.111083984375 1
7.69456146679509 1.1704244021271755 7.716728225133146 = 0.9999294388841012 @ 393353.0 715.5712890625 1
7.7062772499824135 4.111207145720109 7.706277259425419 = 1.0 @ 392536.0 805.13916015625 1
4.11120714327913 4.11120714915649 7.706277263455868 = 1.0 @ 391705.0 897.315673828125 1
4.111207136514116 7.706277257443179 4.111207144224472 = 1.0 @ 390006.0 1089.25048828125 1
2.1932800522127924 7.706277265396413 7.706277254795711 = 1.0 @ 389133.0 1184.81640625 1
7.706277252145132 4.111207144610065 2.1932800502768033 = 1.0 @ 387364.0 1385.837890625 1
7.706277259146445 2.1932800498612086 4.1112071437030275 = 1.0 @ 386435.0 1489.3896484375 1
1.1700887874971966 2.1932800496611633 4.11120714211293 = 1.0 @ 384722.0 1682.205810546875 1
7.706277268206553 4.111207140657499 4.1112071425066885 = 1.0 @ 382911.0 1881.701416015625 1
2.1932800487499313 4.111207146335023 7.706277258012093 = 1.0 @ 381912.0 1991.3896484375 1
4.111207144096499 2.193280049827729 7.706277256563772 = 1.0 @ 380955.0 2096.6591796875 1
7.706277251667496 2.193280049919034 1.170088788391844 = 1.0 @ 379872.0 2219.45849609375 1
7.706277264638163 7.706277263405748 0.6242284343693734 = 1.0 @ 378019.0 2424.114013671875 1
2.1932800546682882 7.706277249220116 4.1112071479346595 = 1.0 @ 377230.0 2511.1591796875 1
4.111207145362576 7.7062772561132595 2.1932800532869132 = 1.0 @ 376217.0 2626.093017578125 1
4.111207141960783 1.1700887879755717 7.706277257140806 = 1.0 @ 375344.0 2722.845703125 1
7.70627726976716 7.706277253583547 2.193280053941301 = 1.0 @ 374373.0 2828.962890625 1
7.706277257983666 2.193280050528046 7.70627725378685 = 1.0 @ 373500.0 2925.870361328125 1
4.111207146007403 7.706277243202973 7.706277251347845 = 1.0 @ 370863.0 3215.915771484375 1
7.5689196454137075 7.8158322077902405 1.1684383153740785 = 0.9912747572480829 @ 367470.0 3592.87646484375 1
2.1932800499427643 0.6242284333677804 4.111207148493918 = 1.0 @ 365673.0 3794.6611328125 1
1.1700887894929768 7.706277262574777 4.111207141385442 = 1.0 @ 364772.0 3894.83203125 1
0.6233224764671608 4.119915034481717 7.7460513269528875 = 0.9994486354505421 @ 361617.0 4240.58251953125 1
7.706277257739864 7.706277247703029 4.111207142332103 = 1.0 @ 360800.0 4331.021728515625 1
2.193280052558844 0.6242284337785725 0.6242284333176522 = 1.0 @ 358919.0 4537.8427734375 1
0.6245655544592237 2.1953604665684208 7.782505005114508 = 0.9983667058755252 @ 354364.0 5050.437744140625 1
2.1932800513775264 4.111207142989669 0.6242284334890916 = 1.0 @ 352441.0 5266.69287109375 1
2.193280050513758 7.706277256002509 2.1932800513717092 = 1.0 @ 348240.0 146.639892578125 1
4.111207143056727 4.111207142574153 4.111207137827197 = 1.0 @ 347409.0 238.62451171875 1
2.193280059364554 4.111207137893537 2.193280052708664 = 0.9999999999999998 @ 346564.0 333.05712890625 1
0.5986649005264733 7.690979008931738 4.09407005998668 = 0.9709248600435427 @ 346419.0 349.064697265625 1
0.33085950678227277 7.392581962515454 4.363553356936531 = 0.913507701560675 @ 346419.0 349.064697265625 1
0.3251720846897874 8.164649755195214 3.95672232297604 = 0.912309390726319 @ 346419.0 349.064697265625 1
2.1932800510516977 4.1112071406251856 4.111207145609506 = 1.0 @ 345522.0 446.36474609375 1
0.6242284336562283 7.706277250199695 1.1700887875798756 = 1.0 @ 344439.0 569.098876953125 1
1.1700887878162594 4.11120714212494 2.19328005229588 = 1.0 @ 342348.0 799.669677734375 1
4.111207143935822 4.11120714383429 2.1932800511754036 = 1.0 @ 340131.0 1046.906982421875 1
1.146743054251804 4.142945537314606 7.7271302312901025 = 0.9921463649148212 @ 339454.0 1123.6357421875 1
1.1700887880448505 1.1700887874015033 4.111207138856645 = 1.0 @ 338245.0 1257.89404296875 1
2.1932800528202083 2.193280053210822 0.624228433340997 = 1.0 @ 334936.0 1633.695068359375 1
1.1768475343048235 7.696157442286966 7.702490704202141 = 0.9994144556688411 @ 333811.0 1763.9326171875 1
4.111207139439732 2.193280050242245 4.111207148469301 = 1.0 @ 331104.0 2067.273681640625 1
4.111207142711984 4.111207140524981 1.1700887878441024 = 1.0 @ 329839.0 2208.427001953125 1
0.6242244436545726 7.706258192498962 7.706111659030555 = 0.999999991520885 @ 327566.0 2461.93994140625 1
4.111207138440241 1.1700887881931257 4.111207145298371 = 1.0 @ 326315.0 2611.412353515625 1
7.706277258707745 0.6242284335750236 2.1932800530351955 = 1.0 @ 324420.0 2820.228515625 1
7.706234115606013 0.6242313570668364 4.1111930349348444 = 0.9999999989158714 @ 321139.0 3190.131103515625 1
2.1932800505902716 7.706277250241066 0.6242284325259668 = 1.0 @ 320112.0 3304.228515625 1
1.1700887864350071 2.193280050935321 7.706277261322794 = 1.0 @ 315729.0 282.606689453125 1
1.1700887872331875 1.170088787744497 2.193280051986139 = 1.0 @ 314758.0 390.608154296875 1
1.170088786891497 4.111207142064552 1.1700887884976765 = 1.0 @ 313381.0 543.435791015625 1
4.0770262614278145 0.6251609942693632 7.802905435131697 = 0.9962172508811655 @ 306194.0 1344.161376953125 1
7.706277251724627 4.111207137140097 0.6242284329576382 = 1.0 @ 305209.0 1456.872314453125 1
7.706277251581589 4.1112071503328425 1.1700887889991478 = 1.0 @ 295852.0 2512.941162109375 1
2.1932800488571713 2.1932800473729253 7.70627726626116 = 1.0 @ 293425.0 2788.193115234375 1
2.058137039451353 2.1725981636565566 0.34194586618069756 = 0.9217409251959505 @ 281632.0 4116.10009765625 1
2.199954018472117 7.754220305340445 1.171299681941687 = 0.9991874470568707 @ 278229.0 356.826171875 1
1.1699524756488082 7.756256855336043 2.196522424664318 = 0.9992671230293295 @ 275662.0 640.3154296875 1
0.6242284342212048 4.111207140054431 4.11120714419807 = 1.0 @ 269679.0 1319.516845703125 1
7.70627725721409 0.6242284337997461 1.1700887854138786 = 1.0 @ 268652.0 1433.2099609375 1
0.6242284339952964 7.706277262641884 2.193280051704771 = 1.0 @ 265217.0 1821.48486328125 1
4.111207142853275 2.193280050318706 2.193280052010592 = 1.0 @ 262860.0 2090.26025390625 1
0.6242284332148657 2.193280048433578 4.111207141647185 = 1.0 @ 260615.0 2340.532470703125 1
4.111207145130389 0.3330184356691091 2.1932800519424527 = 1.0 @ 259560.0 2462.5712890625 1
2.1932800514445536 2.1932800523964784 4.111207147943229 = 1.0 @ 252037.0 3326.626220703125 1
7.721975274828048 8.123727441164736 0.32655268600467907 = 0.9482274472574759 @ 248242.0 286.269287109375 1
7.706277256319848 1.1700887868946184 2.1932800511563793 = 1.0 @ 245661.0 575.947265625 1
4.111361713232735 2.1932900559069255 1.1701210196719103 = 0.9999999634480284 @ 241386.0 1061.838134765625 1
2.193280048298031 4.111207140115069 1.1700887880579847 = 1.0 @ 240429.0 1169.995849609375 1
2.1932800503922603 2.1932800486142345 2.1932800499032292 = 1.0 @ 216530.0 580.436767578125 1
1.170088787011794 2.1932800497752045 1.1700887872780807 = 1.0 @ 215293.0 719.390869140625 1
0.62422843303781 1.1700887880656083 7.706277269202235 = 1.0 @ 214056.0 858.6650390625 1
2.193280054146515 0.6242284340973326 2.1932800500841516 = 1.0 @ 213113.0 961.9482421875 1
1.1700887877703277 4.111207142660725 4.111207145448649 = 1.0 @ 212114.0 1073.518798828125 1
4.111207139823421 1.170088787862184 2.193280049475565 = 1.0 @ 202645.0 2152.706787109375 1
7.706277259595994 1.1700887888191092 1.1700887855394044 = 1.0 @ 194814.0 3041.275146484375 1
8.115757876405478 4.052998493233762 0.32390146074262094 = 0.9401727474599924 @ 194641.0 3061.9150390625 1
2.1932800501916714 1.1700887893543352 4.111207141606379 = 1.0 @ 158384.0 457.06396484375 1
7.7104239411950495 0.625993035026037 7.669792386356769 = 0.999487089130814 @ 158085.0 491.8583984375 1
0.6243204883079135 0.6248159548649181 8.043499683563741 = 0.9698772445805619 @ 154566.0 892.39453125 1
7.70614549218002 2.1932611297423823 2.193285544767704 = 0.9999999937824429 @ 146609.0 1796.185791015625 1
4.112808966184063 0.6242017087481904 2.1945777820427943 = 0.9999916089411098 @ 134508.0 3186.075927734375 1
1.1695144400801165 7.654622783932498 0.6244325441163858 = 0.9992406184257301 @ 131437.0 3534.22802734375 1
0.6242284329623244 4.11120714541762 2.193280049139909 = 1.0 @ 106600.0 2250.408447265625 1
3.913113368313362 7.655871659698933 0.6206962557502371 = 0.9589200235174313 @ 106427.0 2270.160888671875 1
2.1927743486219113 0.6241110418237091 7.701164609556138 = 0.9999911835115585 @ 101256.0 2856.522216796875 1
7.706277260385999 4.111207139557826 0.33301843572173945 = 1.0 @ 94871.0 400.9189453125 1
1.1700887866742375 2.193280049592227 2.1932800472116423 = 1.0 @ 74678.0 2704.608154296875 1
4.114909950658099 0.3361333558193802 7.767812936137034 = 0.9974891685920412 @ 68779.0 3378.688232421875 1
1.1700887856553348 1.1700887895185261 7.706277247387336 = 1.0 @ 63776.0 3946.0546875 1
