7.706277253224823 7.706277247855989 = 1.0 @ 199344.0 58.804443359375 1
0.6242284327591194 2.1932800493942377 = 1.0 @ 198252.0 178.230712890625 1
4.11120714426063 4.111207142371432 = 1.0 @ 197671.0 242.0419921875 1
4.111207140865492 1.1700887867290646 = 1.0 @ 197126.0 301.3056640625 1
2.1932800503787946 7.7062772582807595 = 1.0 @ 196017.0 427.31884765625 1
1.1700887863031884 4.111207141693867 = 1.0 @ 195412.0 494.24658203125 1
1.1700887855746167 7.706277253306717 = 1.0 @ 194855.0 555.471923828125 1
7.7062772604596805 2.193280049414567 = 1.0 @ 193626.0 691.08837890625 1
4.1112071441337354 7.706277263508323 = 1.0 @ 192421.0 823.684814453125 1
7.706277259617337 4.111207142563759 = 1.0 @ 191900.0 880.838623046875 1
4.11120714405244 2.1932800480030505 = 1.0 @ 188631.0 1246.59814453125 1
0.6241821870600415 7.7188454020732795 = 0.9999334768867261 @ 182362.0 1943.885986328125 1
2.1932800488974324 4.111207136674383 = 1.0 @ 181757.0 2010.9189453125 1
2.1932800474135155 0.33301843519315316 = 1.0 @ 181080.0 2087.668701171875 1
2.2182630888058097 1.1732140200006178 = 0.9966184194116993 @ 180887.0 6.630615234375 1
2.1558089368588877 0.6063633827139007 = 0.971663790913762 @ 180887.0 6.630615234375 1
8.050995889653214 1.192697104186209 = 0.9437561768678331 @ 180577.0 40.462158203125 1
1.1700887876679886 2.193280048147966 = 1.0 @ 179192.0 195.271484375 1
0.3327487388760817 7.700588661810559 = 0.9999699575563281 @ 174567.0 726.393310546875 1
2.1932800505494736 2.193280053044668 = 1.0 @ 170738.0 186.01025390625 1
7.70627724677443 0.6242284332743901 = 1.0 @ 165921.0 720.991455078125 1
4.1112071486787265 0.6242284336133804 = 1.0 @ 159004.0 1488.84033203125 1
1.1700887866286571 0.333018435209179 = 1.0 @ 155783.0 1850.5390625 1
1.170088786554234 1.1700887857534186 = 1.0 @ 151834.0 414.35009765625 1
0.3289271361969277 4.292331834136499 = 0.9504307654272481 @ 127517.0 88.067138671875 1
0.3488247872446757 0.6064078064175136 = 0.9263714673430924 @ 119680.0 28.451904296875 1
7.706277238483847 0.3330184357099629 = 0.9999999999999999 @ 73143.0 546.60595703125 1
0.6266131053021602 4.1067867907956614 = 0.9996076545581936 @ 52758.0 13.360595703125 1
