-7.708313733252693 -7.08350640755469 5.482864206935336 = 2709.0935055728282 @ 396392.0 419.52685546875 1
5.4828642077710015 4.858056879643344 -0.800321097890312 = 2709.0935055728282 @ 395188.0 564.059326171875 1
-7.708313737814313 5.482864205002772 -0.8003211009652839 = 2709.0935055728282 @ 394049.0 701.466552734375 1
4.858056879588888 -7.083506407641616 -0.8003211017724966 = 2709.0935055728282 @ 392854.0 846.271240234375 1
-1.4251284288315555 -0.8003210991395865 -0.8003210998646896 = 2709.093505572828 @ 391757.0 981.96435546875 1
-0.8003211024328608 -7.708313735890462 -7.083506407608369 = 2709.0935055728282 @ 390436.0 1143.6201171875 1
5.4828643843753415 -0.800321214952131 -1.4251281395414146 = 2709.093505568574 @ 387547.0 1498.64697265625 1
-7.0835064060287 4.858056879291903 -7.08350640684514 = 2709.0935055728282 @ 385316.0 1769.5068359375 1
-0.8003210991747426 -7.083506406791316 -1.4251284292836028 = 2709.093505572828 @ 384135.0 1912.465576171875 1
-7.083506407296903 -1.4251284286041286 -7.083506408323505 = 2709.093505572828 @ 382912.0 2059.23193359375 1
-0.8003211006812246 -1.4251284302448712 -0.8003211012045056 = 2709.093505572828 @ 373219.0 3239.504150390625 1
-0.8003211006070603 5.4828642068918425 4.858056878295587 = 2709.0935055728287 @ 371856.0 3407.736083984375 1
-0.8003211006561224 -0.8003210992902489 4.858056878611203 = 2709.0935055728282 @ 360427.0 4807.540771484375 1
-1.4251284283400378 -7.0835064063381425 -7.083506406329641 = 2709.093505572828 @ 358210.0 5081.69775390625 1
5.4828626256071855 -7.0835050255301795 4.858055911894585 = 2709.093505399821 @ 356777.0 5256.52587890625 1
5.482864207611506 4.858056877773054 -7.0835064077733225 = 2709.0935055728282 @ 347238.0 6422.057373046875 1
-1.425128428917122 -0.8003211015068726 -7.083506407054689 = 2709.093505572828 @ 343565.0 6865.86376953125 1
-1.4251284279849337 -7.083506406468134 5.482864207501609 = 2709.093505572828 @ 340778.0 145.28173828125 1
-0.8003211009466521 4.858056876596345 -7.083506406844764 = 2709.0935055728282 @ 334067.0 968.476318359375 1
4.858056876899576 -7.083506406943642 -7.083506405558926 = 2709.0935055728282 @ 326026.0 1955.51025390625 1
-7.708313736152574 -7.083506405890789 -7.08350640948664 = 2709.0935055728282 @ 324635.0 2127.60498046875 1
5.48286420684333 -7.708313734679853 -7.083506407543268 = 2709.0935055728282 @ 318190.0 2918.251220703125 1
-0.8003213062045617 -1.4251284215616546 5.482864420406864 = 2709.0935055700043 @ 316757.0 3092.65087890625 1
-7.0835207165120995 -7.708314721876979 5.482866948798256 = 2709.0934987347446 @ 310942.0 3803.819580078125 1
-7.708313736994802 5.482864206418489 5.482864207534764 = 2709.0935055728282 @ 309733.0 3955.92578125 1
5.4828629694849305 -0.8003218727466028 4.858057420566813 = 2709.093505494709 @ 308804.0 4070.314697265625 1
-7.708313733944086 -0.8003210998965617 -0.8003210984356462 = 2709.0935055728282 @ 301397.0 253.7666015625 1
-0.8003211015393996 -7.708313736114034 -0.8003210993076543 = 2709.0935055728282 @ 299222.0 525.51220703125 1
-0.800321101025124 5.48286420649062 -1.4251284270580338 = 2709.093505572828 @ 297341.0 758.51513671875 1
-7.083506407919938 -7.708313734333698 -0.8003211005075918 = 2709.0935055728282 @ 290910.0 1553.347412109375 1
-7.083506407705105 -1.4251284275817901 -0.8003211009089827 = 2709.093505572828 @ 287965.0 1914.59716796875 1
5.4828642062700546 -7.708313734252043 5.4828642075395875 = 2709.0935055728282 @ 286798.0 2057.121337890625 1
-7.083506407774167 -0.8003211015630551 -1.4251284271682336 = 2709.093505572828 @ 281949.0 2655.047119140625 1
5.482863920551321 5.4828643290442765 -7.708313745299595 = 2709.093505569718 @ 269792.0 4156.0439453125 1
4.858056878013693 -0.8003211003784729 -0.8003211015432297 = 2709.0935055728282 @ 260327.0 149.029296875 1
5.482864209565167 -7.083506408349161 -7.708313736092547 = 2709.0935055728282 @ 234170.0 3375.73388671875 1
-1.4251280684895296 -7.08350681287974 -0.8003211695896034 = 2709.093505563031 @ 231799.0 3671.51953125 1
-0.8003211024137333 -7.708313734506524 5.482864207844834 = 2709.0935055728282 @ 202034.0 2252.401611328125 1
-7.708313734432037 -0.8003211000008338 -7.083506409123153 = 2709.0935055728282 @ 196135.0 2977.960693359375 1
5.482864205518793 -7.083506408910681 -1.4251284280847178 = 2709.093505572828 @ 188528.0 3905.1337890625 1
-7.083506404671073 -7.083506406119655 -7.708313736511057 = 2709.093505572828 @ 173897.0 140.314697265625 1
-7.083506407414512 4.858056879610477 5.482864206026305 = 2709.0935055728282 @ 171414.0 442.847900390625 1
-7.083506406308541 -7.0835064073857215 -1.4251284283226544 = 2709.0935055728282 @ 160755.0 1751.8115234375 1
5.482864206481408 -1.4251284288901191 -7.083506408372394 = 2709.093505572828 @ 140422.0 4259.814208984375 1
-7.083506407458665 5.482864206607135 4.858056877154178 = 2709.0935055728287 @ 134369.0 5010.056884765625 1
5.482864205929405 -1.4251284277128362 5.482864207744217 = 2709.093505572828 @ 126962.0 308.05615234375 1
-0.8003211007901413 4.858056880048396 -0.8003211014587339 = 2709.0935055728282 @ 112747.0 2074.870849609375 1
4.858056880132481 5.4828642097573725 5.4828642065325575 = 2709.093505572828 @ 100324.0 3619.0419921875 1
-7.708313351933935 5.482863562345474 -7.0835075140904475 = 2709.0935055152922 @ 74437.0 1214.5283203125 1
-7.083506407520659 5.482864206976853 -1.4251284283969006 = 2709.093505572828 @ 50086.0 4288.65380859375 1
5.482864439337972 -1.4251286647851007 -0.8003190464567338 = 2709.09350543394 @ 35371.0 1201.386474609375 1
