7.706277243383823 7.706277248442065 = 1.0 @ 199392.0 52.78369140625 1
4.11120714092904 4.111207149104148 = 1.0 @ 198876.0 108.71630859375 1
1.1700887887882536 7.706277255356291 = 1.0 @ 198307.0 169.44677734375 1
7.706277252750908 2.1932800499410594 = 1.0 @ 197222.0 291.569091796875 1
4.111207318513544 7.7062770524036415 = 0.9999999999999369 @ 196149.0 408.232177734375 1
4.111207139506893 2.193280048341066 = 1.0 @ 195508.0 477.365478515625 1
7.706277263999342 0.6242284338672494 = 1.0 @ 194927.0 539.418212890625 1
7.7062772442277785 4.11120713864612 = 1.0 @ 193314.0 713.990478515625 1
2.193280053763806 1.1700887872495023 = 1.0 @ 189253.0 1158.9248046875 1
1.1700887870680061 2.193280049345988 = 1.0 @ 187880.0 1306.928466796875 1
2.193280052895709 7.706277267625335 = 1.0 @ 187299.0 1368.82275390625 1
2.193280050049814 2.193280051663832 = 1.0 @ 185590.0 1559.01806640625 1
1.1700887864282212 4.111207136378278 = 1.0 @ 184385.0 1689.761474609375 1
2.1932800523671996 4.11120713815501 = 1.0 @ 182244.0 1922.058349609375 1
7.664666964877535 1.1649716549471376 = 0.9987871868870355 @ 181307.0 30.357177734375 1
4.100611937894047 0.6240926153720064 = 0.9998323537583802 @ 178722.0 316.556396484375 1
4.111207143965689 0.3330184350729395 = 1.0 @ 176749.0 535.37890625 1
1.1700887877971586 1.1700887864227023 = 1.0 @ 171456.0 66.879150390625 1
0.6242284339755098 2.19328005240407 = 1.0 @ 169951.0 231.7333984375 1
1.1700887882030697 0.3330184354806453 = 1.0 @ 164294.0 863.351318359375 1
0.6242284337779301 7.706277260311663 = 1.0 @ 147125.0 588.083740234375 1
2.1932800519510516 0.6242284336810772 = 1.0 @ 144708.0 856.90673828125 1
0.6242284347017079 1.1700887887265905 = 1.0 @ 144067.0 930.7822265625 1
0.6354264185706295 4.187620972442059 = 0.9836627865591092 @ 134850.0 666.070068359375 1
7.70627726026115 0.33301843550322896 = 1.0 @ 131353.0 1054.230224609375 1
2.1500881848183413 0.3389764702271387 = 0.9823021798153649 @ 131276.0 1062.57080078125 1
1.1700887875606554 0.6242284339982995 = 1.0 @ 127555.0 350.523681640625 1
4.111207142163656 1.170088788407335 = 1.0 @ 122726.0 890.547119140625 1
0.32832149533261845 7.708748083969887 = 0.9949616732509158 @ 67205.0 1170.858154296875 1
