-1.4814715358946358 3.674022685126057 = -5.249171064015577e-21 @ 199284.0 190.4404296875 1
0.1628760229213811 3.781510002660869 = -4.508454515527445e-12 @ 197352.0 801.996337890625 1
-0.4996950653825669 -4.01259708480195 = 0.0 @ 191275.0 2729.349853515625 1
-2.1849843511337483 1.6870539388189725 = 0.0 @ 190250.0 3055.62255859375 1
-3.3951130204251165 -3.3173071966655994 = 0.0 @ 164509.0 3356.590087890625 1
4.141256940137703 2.4770113534868994 = -1.7236094377147589e-09 @ 162140.0 4137.060546875 1
-0.49969436042997306 -4.012597232485228 = -0.05088591470914607 @ 126027.0 2125.667724609375 1
-0.49969460077349276 -4.012597084802666 = -0.028242169332822788 @ 119942.0 4167.65771484375 1
-0.4996938284012123 -4.012597566946222 = -0.09986247490726011 @ 102181.0 4748.52978515625 1
1.7577435912821309 1.5957372537867651 = 0.0 @ 95018.0 1406.828857421875 1
-0.4996950642012016 -4.0125972394381755 = -0.014817828678903461 @ 67357.0 4683.124267578125 1
-0.49969575388622994 -4.012597785371111 = -0.06757462615301967 @ 66576.0 4974.7490234375 1
-0.49969490193073746 -4.012597034866693 = -0.02387861608821779 @ 34029.0 611.45947265625 1
-0.4996949997765883 -4.012596980930396 = -0.02450598548715016 @ 34029.0 611.45947265625 1
-0.4996955425381172 -4.0125970762654015 = -0.034625686498875874 @ 34029.0 611.45947265625 1
-0.4996946525232243 -4.012596635158439 = -0.06586236941060172 @ 34029.0 611.45947265625 1
-2.184984403042415 1.687053810976844 = -0.02421225758996943 @ 27672.0 2968.154541015625 1
-2.184984499451642 1.68705384127593 = -0.030322158880651033 @ 27672.0 2968.154541015625 1
-2.184984981939602 1.6870539186597957 = -0.04123940140708038 @ 7476.0 4808.1142578125 1
-2.184984825829825 1.687053691150917 = -0.05310941629968164 @ 7476.0 4808.1142578125 1
