5.482864206641798 4.858056880330097 -7.083506408442078 = 2709.0935055728282 @ 398744.0 125.408447265625 1
-7.708313737832787 -0.8003211014518625 -7.083506409526739 = 2709.0935055728282 @ 391898.0 943.76220703125 1
-1.425128427723808 -7.083506406284855 -0.800321100776772 = 2709.093505572828 @ 389219.0 1269.3251953125 1
-7.083506409715314 -0.8003211029304811 -7.708313735255585 = 2709.0935055728282 @ 388066.0 1408.91650390625 1
5.482864208316381 -7.708313736298896 -7.083506407250074 = 2709.0935055728282 @ 385877.0 1671.45556640625 1
-7.0835064089873585 5.482864205945581 4.858056877830515 = 2709.0935055728282 @ 381014.0 2254.5703125 1
-7.083506407808875 -1.4251284279797143 5.482864206190069 = 2709.093505572828 @ 376067.0 2848.231689453125 1
-7.0835064075796055 -1.425128430366207 -0.8003211006766188 = 2709.093505572828 @ 373388.0 3165.68603515625 1
5.482864207003099 5.482864206756082 4.85805688003987 = 2709.0935055728287 @ 372305.0 3293.89013671875 1
-7.708313733542651 5.482864206353431 -0.8003210998378636 = 2709.0935055728282 @ 371180.0 3431.35107421875 1
-0.8003211012068553 -0.8003211010372413 -7.708313736526369 = 2709.0935055728287 @ 364399.0 4247.5341796875 1
-7.083506405334661 5.482864205805085 -7.708313736078571 = 2709.0935055728287 @ 363148.0 4394.68212890625 1
-1.4251284295246618 -7.083506405779688 5.482864208058315 = 2709.093505572828 @ 359657.0 4814.72998046875 1
-0.8003210996591744 -7.708313736759029 5.4828642063427075 = 2709.0935055728282 @ 358504.0 4951.3515625 1
4.858056877042538 -7.083506410216453 -7.083506408454853 = 2709.0935055728282 @ 344723.0 6606.292724609375 1
-1.4251284268814908 -0.8003211016561721 5.482864206477411 = 2709.093505572828 @ 343556.0 6744.770751953125 1
5.482864205614124 -7.708313733850785 -0.800321100853579 = 2709.0935055728282 @ 342281.0 127.37939453125 1
-1.4251277723074565 -7.083506076151757 -7.083506381369688 = 2709.0935055547297 @ 341674.0 202.8291015625 1
-7.083506138480113 5.482863882606808 -1.425128227666535 = 2709.093505565775 @ 338449.0 599.852783203125 1
-7.083506406973982 -7.708313735299482 -0.8003211007782792 = 2709.0935055728282 @ 332774.0 1280.421630859375 1
4.858057589145551 5.482864167809428 5.482864195884335 = 2709.0935055557147 @ 329633.0 1672.456298828125 1
-7.083506409275789 -7.083506405728294 -1.4251284284815797 = 2709.093505572828 @ 328522.0 1810.065673828125 1
5.4828642066886495 -0.8003210998948798 -7.708313734714926 = 2709.0935055728282 @ 320173.0 2815.23388671875 1
-7.7083135320222995 -0.8003215076839179 -0.8003226723071986 = 2709.0935054869005 @ 310676.0 3965.682861328125 1
4.858056877680108 5.482864205635916 -7.083506407427636 = 2709.0935055728287 @ 300535.0 5190.990234375 1
-7.708313458210615 -7.083506955844336 -7.0835068456828765 = 2709.093505554441 @ 296194.0 67.725830078125 1
-7.708313737137372 5.4828642081909305 -7.083506408430615 = 2709.0935055728282 @ 294999.0 210.7802734375 1
-7.7083137354096944 5.4828642068171325 5.482864205463804 = 2709.0935055728282 @ 292698.0 485.68359375 1
5.482864206380148 5.482864205387371 -1.4251284276498732 = 2709.093505572828 @ 291125.0 682.971435546875 1
-0.8003210996404394 -1.425128427712165 -7.083506406189544 = 2709.093505572828 @ 281152.0 1889.62646484375 1
-0.8003210998526548 -1.4251284266526034 5.482864208383581 = 2709.093505572828 @ 279397.0 2098.743896484375 1
-7.083506673357849 -1.4251284607024282 -7.083506298160886 = 2709.0935055701443 @ 271818.0 3019.65966796875 1
-7.083506010510981 -7.708314662724429 5.4828644530797614 = 2709.0935055367545 @ 267375.0 3559.361572265625 1
-7.7083137342838395 -0.8003210996671642 5.4828642062260595 = 2709.0935055728282 @ 253696.0 265.184814453125 1
-7.083514731991138 -7.708316561581059 -7.083507824622579 = 2709.0935030167957 @ 253187.0 325.81884765625 1
-1.4251284558966326 5.482864293308079 5.482864139858128 = 2709.0935055724176 @ 252468.0 418.046875 1
5.48286420669487 -1.425128427550003 -0.8003211020733882 = 2709.093505572828 @ 247381.0 1039.913818359375 1
5.482864564126974 4.8580568041816505 -0.8003205266440371 = 2709.093505557986 @ 239144.0 2034.04443359375 1
5.4828642078901435 -1.4251284278552214 -7.083506407971407 = 2709.093505572828 @ 237515.0 2232.935302734375 1
-0.8003210999279927 -0.8003211008814879 -1.4251284272135896 = 2709.093505572828 @ 227066.0 3502.85791015625 1
-0.8003211011012887 -7.083506406652447 -1.4251284282244476 = 2709.093505572828 @ 224541.0 3804.46142578125 1
-0.8003211005571285 -7.708313734608586 -7.083506408985881 = 2709.0935055728282 @ 223304.0 3951.044677734375 1
4.858056880867633 -0.8003210998193506 -7.0835064088976525 = 2709.093505572828 @ 219267.0 4443.049072265625 1
-0.8003211011236023 -7.083506407763093 -7.708313735154233 = 2709.0935055728287 @ 218086.0 4585.64208984375 1
-0.800321100896818 -7.083506408161684 4.858056878821822 = 2709.0935055728287 @ 208243.0 701.33447265625 1
-0.8003211013428083 5.4828642087799775 -7.708313735949799 = 2709.0935055728282 @ 201910.0 1470.393798828125 1
4.858056878127664 -7.083506407550843 -0.8003211007738952 = 2709.0935055728282 @ 197131.0 2056.100830078125 1
5.482864206446868 -7.083506407222296 4.858056880199927 = 2709.0935055728282 @ 190630.0 2843.03076171875 1
5.482864206870493 -7.08350640772406 -1.425128427774062 = 2709.0935055728282 @ 183933.0 3657.335693359375 1
-0.8003205817261414 5.482864318257375 4.858056750464008 = 2709.093505563243 @ 176242.0 4584.96044921875 1
-7.708313733919807 -7.083506407310581 -0.8003211001699344 = 2709.0935055728282 @ 172223.0 289.837158203125 1
-7.7083137356298925 -7.083506405242824 5.482864206544583 = 2709.093505572828 @ 171056.0 428.917724609375 1
-7.083506408565394 -0.8003210985719135 4.858056880138529 = 2709.093505572828 @ 167495.0 859.03125 1
4.858056877546312 -0.8003211024124846 5.48286420504317 = 2709.0935055728282 @ 163136.0 1385.067626953125 1
-0.8003210989872162 4.85805687842276 -0.8003210993418624 = 2709.0935055728282 @ 160653.0 1691.921875 1
-7.083506407902597 -7.083506407164097 -7.708313734234649 = 2709.0935055728282 @ 150106.0 2975.390625 1
5.482864204526779 4.858056308384868 5.4828641818179324 = 2709.0935055618024 @ 140189.0 4185.01904296875 1
-0.8003209124378104 4.858056685990304 5.482864194292817 = 2709.0935055704294 @ 128872.0 5560.728515625 1
-1.4251284278320913 -0.8003210988564697 -7.083506407202628 = 2709.093505572828 @ 125273.0 410.117919921875 1
5.48286420551794 -7.083506408207495 -7.708313735883179 = 2709.0935055728282 @ 123000.0 690.205078125 1
5.4828642070577 -7.708313734743006 5.482864206038256 = 2709.0935055728287 @ 115127.0 1648.609375 1
5.482863859773847 -0.8003215498512366 4.858057180261442 = 2709.093505559423 @ 108668.0 2435.997314453125 1
-1.4251284284135552 -0.8003210996962968 -0.8003211009141228 = 2709.093505572828 @ 85227.0 5295.494140625 1
5.482864207153305 -0.8003211013330299 -1.425128429743095 = 2709.093505572828 @ 75804.0 1116.116455078125 1
-7.083506406145568 4.858056878743967 5.482864208052574 = 2709.0935055728282 @ 65621.0 2353.163818359375 1
4.858056748960332 -0.8003212907739589 -0.8003212188948445 = 2709.0935055706454 @ 43832.0 5012.607421875 1
-0.800321101944324 5.4828642063568065 -1.4251284282587497 = 2709.093505572828 @ 39893.0 5495.30419921875 1
-7.083506384213764 -0.800321120063624 -1.4251282881750538 = 2709.093505572133 @ 35608.0 498.16357421875 1
-0.8003204906365881 -7.708313922511229 -0.8003213186746185 = 2709.0935055581954 @ 4607.0 4281.916015625 1
