7.706277245749947 2.193280050203919 7.7062772568444515 = 1.0 @ 398954.0 93.2431640625 1
4.1112071481922605 1.1700887874577024 7.706277260067824 = 1.0 @ 397988.0 198.79150390625 1
7.70627725817185 7.706277252006079 2.1932800511259094 = 1.0 @ 397073.0 297.90478515625 1
2.1932800519946447 7.706277258567035 7.7062772533813275 = 1.0 @ 396116.0 407.44775390625 1
7.706277247180318 7.706277257761633 7.706277263006675 = 1.0 @ 395355.0 491.33349609375 1
2.193280050782732 2.1932800506215493 2.193280051530097 = 1.0 @ 394384.0 598.27392578125 1
4.1112071450989625 7.706277264236339 2.1932800535132513 = 1.0 @ 393525.0 691.846435546875 1
0.6239257830157928 7.668041194882001 4.102083489713825 = 0.9995015550814952 @ 390426.0 1035.66796875 1
4.111207144840379 7.706277248919235 7.70627726651306 = 1.0 @ 389637.0 1123.6376953125 1
0.6242284332452886 1.170088787486347 2.1932800526384533 = 1.0 @ 387770.0 1326.99658203125 1
0.33301843581073814 7.706277246189162 4.111207148405242 = 1.0 @ 385707.0 1556.83984375 1
7.706277258126986 2.193280051762504 4.111207137743145 = 1.0 @ 384736.0 1663.9248046875 1
4.1112071481373365 0.6242284333198888 2.1932800500623446 = 1.0 @ 382687.0 1889.313232421875 1
2.1932800511157473 1.1700887875525858 7.706277259445032 = 1.0 @ 379896.0 2201.728271484375 1
7.706277263775526 7.70627725193157 4.111207142950092 = 1.0 @ 378995.0 2299.685791015625 1
7.706277265988954 4.111207145183873 4.1112071477738725 = 1.0 @ 378136.0 2392.7490234375 1
1.1700887855232514 7.706277263828476 7.706277246882189 = 1.0 @ 376101.0 2616.564208984375 1
7.706277244492527 0.6242284329535815 2.1932800518468127 = 1.0 @ 374276.0 2820.367431640625 1
7.706277252746075 4.111207140062101 2.193280051880846 = 1.0 @ 373389.0 2916.98095703125 1
4.111207144512343 7.706277268647015 1.1700887889553566 = 1.0 @ 372418.0 3023.320556640625 1
4.111207138231786 4.111207138709021 7.706277257843578 = 1.0 @ 370747.0 3211.893310546875 1
7.711377577841677 1.1701041432413015 1.1700580156786033 = 0.9999926899241496 @ 368236.0 3488.9609375 1
7.706277260994302 1.170088787392719 7.706277252590377 = 1.0 @ 364969.0 3846.74560546875 1
2.193280052193202 4.111207135533435 4.111207147432376 = 1.0 @ 360414.0 4356.032958984375 1
1.1700887859931202 4.111207141046467 7.706277257727419 = 1.0 @ 353031.0 5171.876953125 1
7.706277263970554 4.111207140096301 7.706277262338856 = 1.0 @ 350324.0 5472.11083984375 1
1.1700887893464453 2.1932800511522994 4.111207145365526 = 1.0 @ 349339.0 5583.966552734375 1
2.1932800521854925 4.111207143826323 1.1700887880784312 = 1.0 @ 348396.0 5688.778076171875 1
2.1932800512779993 7.706277268728084 2.1932800519876103 = 1.0 @ 347317.0 97.17724609375 1
2.1932800491118245 1.170088787455111 4.111207145779582 = 1.0 @ 346402.0 196.411376953125 1
4.111207139840751 4.1112071409548205 1.170088787440553 = 1.0 @ 344857.0 368.40283203125 1
0.6249294834500223 1.170782314091489 4.164082747365803 = 0.9972549991266486 @ 342542.0 624.51953125 1
2.141938198377088 7.5840584898026995 4.146304284650031 = 0.985238193854233 @ 342425.0 638.12841796875 1
4.111207141786899 7.706277257116572 4.111207142755941 = 1.0 @ 339508.0 964.2724609375 1
4.111207140379272 4.111207146993693 2.193280051449887 = 1.0 @ 337795.0 1160.0634765625 1
2.193280052446201 7.706277268050545 1.1700887890636238 = 1.0 @ 334822.0 1490.634521484375 1
4.111207144289534 4.111207146492433 0.33301843529590197 = 1.0 @ 333291.0 1659.45654296875 1
2.193280049705685 4.111207144563993 2.193280050124465 = 1.0 @ 332376.0 1759.76708984375 1
4.1112223229706295 4.111249140938835 4.111168212170998 = 0.9999999965390067 @ 331979.0 1807.435546875 1
1.1700887886095033 7.706277249631134 1.1700887875540438 = 1.0 @ 330406.0 1986.007568359375 1
1.170050663138604 7.7064277864440704 4.111301908236253 = 0.9999999670914749 @ 329995.0 2031.0537109375 1
4.111207144964797 1.170088788787874 4.111207136089179 = 1.0 @ 327484.0 2317.815673828125 1
2.1932583485779236 2.193406673481934 4.1128385492566375 = 0.9999973194398393 @ 324259.0 2674.16357421875 1
7.7064334584226 2.193163906915685 2.193379839179105 = 0.9999999119154239 @ 323764.0 2728.88818359375 1
2.1932800522471245 2.1932800510860124 1.1700887876601036 = 1.0 @ 322429.0 2876.611328125 1
7.706277250698753 1.1700887878795276 4.111207145126867 = 1.0 @ 319344.0 3231.711669921875 1
4.111207146271785 0.6242284335054002 7.706277254776787 = 1.0 @ 315619.0 326.890380859375 1
2.193280051124559 2.1932800506759147 7.706277254052168 = 1.0 @ 314354.0 465.902099609375 1
7.706721130614314 7.711873699828911 1.1698138381375682 = 0.9999902407420689 @ 311493.0 783.299072265625 1
1.1700887873497576 1.1700887873093813 7.706277254736592 = 1.0 @ 309654.0 995.05224609375 1
0.6242284344360798 7.706277262845894 2.1932800491841205 = 1.0 @ 307969.0 1184.16845703125 1
1.1700887893905951 0.624228433928728 7.706277251093751 = 1.0 @ 306942.0 1302.9541015625 1
0.6244353858676792 7.8155161381711915 7.682216367342586 = 0.9965385210255799 @ 306797.0 1319.412109375 1
4.11120715418159 1.1700887869261487 0.624228435128499 = 0.9999999999999998 @ 303824.0 1650.954833984375 1
1.170088787152158 4.111207138767406 4.111207146287732 = 1.0 @ 302909.0 1753.183837890625 1
7.686669476989477 0.6240357059736998 0.6245578015744581 = 0.9998856051203273 @ 299376.0 2151.4365234375 1
7.727621904385177 4.10628610671626 0.6240160789081778 = 0.9998466633955699 @ 294947.0 2654.84130859375 1
2.186108969148089 0.3328916056333145 4.139981996162748 = 0.9990083894351474 @ 289706.0 3241.544677734375 1
1.1691380123973183 2.195675346744863 7.679848468906283 = 0.9997724491223181 @ 286481.0 3603.646240234375 1
7.706277248171429 7.706277243122868 0.6242284337011501 = 1.0 @ 283830.0 3903.553955078125 1
1.170050244978952 4.111126791018419 2.1933006256940017 = 0.9999999740822201 @ 283433.0 3947.560302734375 1
1.1700887874400077 2.1932800498024085 2.1932800525708354 = 1.0 @ 281468.0 4165.178955078125 1
4.11120713750341 2.1932800498826213 2.193280053356814 = 1.0 @ 277183.0 135.34033203125 1
2.193280048128948 4.111207141646391 7.70627726051999 = 1.0 @ 276142.0 251.420166015625 1
0.6340600078132576 4.097164315555699 2.3370303262151575 = 0.930800776140178 @ 274191.0 472.68212890625 1
0.3326593608922467 2.2054594559211744 7.7225926055095115 = 0.9993950874085795 @ 273696.0 528.175537109375 1
0.6242410220708017 2.19327261818792 2.1933178650116485 = 0.9999999880765984 @ 261721.0 1884.13720703125 1
4.111207138705571 2.193280052302246 7.706277250371264 = 1.0 @ 260078.0 2069.096923828125 1
1.1691648523130869 0.6245855161332813 2.210842864825393 = 0.9989245236527728 @ 251701.0 3021.483154296875 1
0.33290983111361516 7.768484142704188 0.6243311938730013 = 0.9989210411298645 @ 249698.0 198.403076171875 1
7.70620484192296 4.111278570074161 1.1701156256281544 = 0.9999999847295025 @ 245451.0 679.00341796875 1
7.706277248910728 0.6242284334789079 4.111207142373819 = 1.0 @ 243458.0 906.124267578125 1
7.717768231119685 1.1703507521437406 2.19392702071625 = 0.9999607136209205 @ 239561.0 1339.82373046875 1
7.746086876672357 1.1701159429973502 0.6239266585503215 = 0.999553708563083 @ 234628.0 1894.532470703125 1
4.111207140746485 2.193280053169146 4.1112071472362945 = 1.0 @ 229653.0 2456.770263671875 1
7.919492205485196 0.6220779167702437 1.1731278412412218 = 0.9873521595950083 @ 225154.0 2957.968017578125 1
4.111207140972853 2.1932800538617743 1.1700887869080099 = 1.0 @ 215895.0 3994.783203125 1
1.1670034782302046 7.966626804011644 0.6250935613773089 = 0.9816211128903156 @ 205114.0 699.1455078125 1
2.1885975270485742 0.6249520613956381 7.66999838739302 = 0.9995304511142078 @ 200629.0 1209.345703125 1
1.1700887871122307 7.706277268411057 2.1932800522439937 = 1.0 @ 195458.0 1791.71240234375 1
1.1700887891699046 1.1700887860185176 1.1700887883361415 = 1.0 @ 183483.0 3159.4306640625 1
7.637999330997873 4.063981621147767 0.3600269158531668 = 0.9001411065622625 @ 162020.0 2265.15087890625 1
4.11120714522051 4.111207139893265 0.6242284326360057 = 1.0 @ 158586.0 2659.912841796875 1
2.207473993204906 7.754739506579989 0.3332703941804046 = 0.9986423922643728 @ 152225.0 3386.417236328125 1
7.744530926602985 7.627376798819493 0.3307422787369336 = 0.9970441761525022 @ 150876.0 3539.44140625 1
7.706277253751061 2.1932800500783594 0.62422843307091 = 1.0 @ 148579.0 148.25634765625 1
0.3338212424061987 7.938612604233418 1.1424196450630657 = 0.9758068983974015 @ 136030.0 1589.621337890625 1
0.6519080774230557 7.976031928453666 1.1625978814190716 = 0.9488922299223925 @ 136030.0 1589.621337890625 1
2.1932459525039816 4.111352192367735 0.6242242518654216 = 0.9999999744779867 @ 127816.0 2529.07421875 1
0.62422843363656 1.1700887877885537 7.706277253325276 = 1.0 @ 116979.0 919.280029296875 1
0.6242284329833268 2.193280049061073 7.70627726203466 = 1.0 @ 115364.0 1099.372314453125 1
2.1830604420568784 7.673916040182976 0.6064135162970615 = 0.9854662794814151 @ 105881.0 2177.165283203125 1
7.7063532497478535 2.1933372547423002 1.1700948472913106 = 0.9999999865951612 @ 104644.0 2317.330078125 1
7.624347072172602 0.6510741924347013 8.006209021369642 = 0.9449772974344768 @ 80815.0 1395.588134765625 1
2.1933863819652366 1.1700999582507237 2.1932802441910315 = 0.9999999593101361 @ 74020.0 2160.368408203125 1
2.28856824217026 0.6538067484802524 2.1825103022716563 = 0.9348160022177365 @ 65965.0 3065.182373046875 1
7.674212346529623 0.33312195323418164 2.1939622784890407 = 0.9997070657889229 @ 50550.0 1094.6015625 1
1.1700887894087442 2.193280053635565 1.170088788762375 = 1.0 @ 15479.0 874.505615234375 1
