0.16666666611690703 0.12500000002219663 = -2.0 @ 199248.0 67.736328125 1
0.49999999981506044 0.6250000000278056 = -2.0 @ 198552.0 141.234375 1
0.1666666665098012 0.8750000003405701 = -2.0 @ 197875.0 212.6416015625 1
0.8333333334247338 0.8750000000586764 = -2.0 @ 197162.0 288.133544921875 1
0.8333333331242385 0.12500000012556878 = -2.0 @ 196533.0 354.27734375 1
0.16666666634915292 0.6249999998537735 = -2.0 @ 195832.0 428.390625 1
0.4999999995717551 0.3750000000343081 = -2.0 @ 193751.0 654.257568359375 1
0.8333333330784694 0.37499999983512355 = -2.0 @ 192366.0 801.76904296875 1
0.5000000001020382 0.12499999974148981 = -2.0 @ 189661.0 1114.656005859375 1
0.8333333329718097 0.6249999998170266 = -2.0 @ 186284.0 1481.204345703125 1
0.5000000002702053 0.8749999998706708 = -2.0 @ 184275.0 1696.11572265625 1
0.16666666626197252 0.3749999997453672 = -2.0 @ 178186.0 2345.8173828125 1
