-7.708313735594407 5.482864209123845 = 186.73090883102392 @ 199200.0 80.23095703125 1
-0.8003210996687483 -1.4251284289599062 = 186.7309088310239 @ 197196.0 315.165771484375 1
-1.425128428546464 5.4828642065325175 = 186.7309088310239 @ 196555.0 393.26953125 1
4.858056877545247 5.482864208804648 = 186.73090883102392 @ 195806.0 481.406005859375 1
-0.8003211004379754 -7.708313737054345 = 186.73090883102392 @ 195141.0 558.0634765625 1
-7.083506409345746 4.858056876645152 = 186.73090883102392 @ 194536.0 628.210693359375 1
5.482864207864237 -7.708313736909046 = 186.73090883102392 @ 193127.0 791.073486328125 1
5.482864207782547 4.858056877944842 = 186.73090883102392 @ 191802.0 943.001953125 1
-7.0835064062936475 -7.708313735865714 = 186.73090883102392 @ 191101.0 1024.498779296875 1
-7.708313734870201 -7.083506406490238 = 186.73090883102392 @ 190340.0 1115.21435546875 1
-0.800321099674863 4.85805687811297 = 186.73090883102392 @ 188379.0 1347.69775390625 1
-7.7083137353589475 -0.8003211007100505 = 186.73090883102392 @ 182854.0 1999.090087890625 1
5.48286420724669 -1.4251284288106711 = 186.7309088310239 @ 179357.0 2410.218994140625 1
4.858056877402207 -7.0835064070924645 = 186.73090883102392 @ 177172.0 72.83837890625 1
-7.08350640797092 -1.4251284295273456 = 186.73090883102387 @ 162399.0 77.54150390625 1
4.858056878325316 -0.8003211002860399 = 186.73090883102392 @ 159586.0 405.307373046875 1
-1.4251284272578029 -7.083506407524412 = 186.7309088310239 @ 154433.0 1016.4150390625 1
-1.4251284291420858 -0.8003210991192488 = 186.7309088310239 @ 100980.0 959.126953125 1
