7.706277266581762 7.706277258198352 = 1.0 @ 199368.0 55.980712890625 1
7.706277263110762 1.1700887877103217 = 1.0 @ 198696.0 127.755859375 1
4.11120714094667 4.111207136964138 = 1.0 @ 198163.0 184.37158203125 1
7.706277254864883 2.1932800533887606 = 1.0 @ 197618.0 243.043212890625 1
2.193280051496488 7.706277246668181 = 1.0 @ 197049.0 303.5078125 1
7.706277253261926 0.3330184353011801 = 1.0 @ 196324.0 380.3359375 1
1.1700887887133786 7.7062772522308425 = 1.0 @ 195251.0 495.511474609375 1
4.111207136618096 7.7062772612508725 = 1.0 @ 193542.0 682.965087890625 1
4.111207139952844 2.1932800507348906 = 1.0 @ 191869.0 862.113037109375 1
7.684833866890933 4.1040921956661816 = 0.9997308984899058 @ 190292.0 1034.323486328125 1
0.6252949035713573 7.668348730900288 = 0.9993186890729583 @ 187491.0 1333.5576171875 1
1.1700887884304523 2.1932800486088797 = 1.0 @ 186718.0 1416.235595703125 1
2.1932800529791523 4.1112071384625075 = 1.0 @ 179189.0 2237.8857421875 1
2.166500341462883 1.170508523706282 = 0.9962284696604422 @ 177772.0 83.472412109375 1
2.19328005165242 2.1932800481136 = 1.0 @ 170775.0 69.86865234375 1
1.170088788436546 0.6242284339938616 = 1.0 @ 169462.0 213.07861328125 1
0.6242284339154958 4.111207143810387 = 1.0 @ 168821.0 284.910888671875 1
1.1700887870926377 4.111207142761463 = 1.0 @ 168156.0 356.849365234375 1
4.1112071452902486 1.1700887888043603 = 1.0 @ 167239.0 456.039306640625 1
0.3330499278668201 2.1962578306578666 = 0.9999537570387784 @ 164522.0 744.97802734375 1
4.111207148840077 0.6242284335022777 = 1.0 @ 162849.0 924.607421875 1
2.215284063468722 0.3364909515988194 = 0.9948230430722359 @ 162448.0 967.85302734375 1
0.6242284337764201 1.170088788699761 = 1.0 @ 160079.0 1227.383544921875 1
7.709959364402965 0.6240871914263879 = 0.9999930150576821 @ 157746.0 1483.64697265625 1
2.1932800514665307 0.6242284337466403 = 1.0 @ 143397.0 444.18701171875 1
1.1700887876962842 1.1700887868541838 = 1.0 @ 138400.0 988.385986328125 1
0.3330184356459207 7.706277262978344 = 1.0 @ 125335.0 156.949951171875 1
0.33301843568467004 0.6242284333319884 = 1.0 @ 31542.0 562.05419921875 1
0.6242284338081747 2.1932800495463187 = 1.0 @ 30625.0 661.166259765625 1
