0.16287607219068925 3.7815099725781827 = -1.2869030864807554e-19 @ 199248.0 205.66162109375 1
-1.4814715359738273 3.6740226848583397 = -2.8672020361983974e-18 @ 197352.0 824.248779296875 1
-2.1849843511337563 1.6870539388189725 = 0.0 @ 189751.0 3304.866455078125 1
4.141256932463096 2.47701181070289 = 0.0 @ 189014.0 3542.03369140625 1
-0.4996950653825688 -4.012597084801954 = 0.0 @ 181401.0 6022.148193359375 1
-3.395113022167337 -3.3173071971457437 = 0.0 @ 173540.0 722.94970703125 1
-0.4996950608892772 -4.0125969428649855 = -0.020318786349045465 @ 160215.0 5172.265625 1
-0.4996949328336607 -4.012597237760942 = -0.03236233054204152 @ 160215.0 5172.265625 1
-0.4996945379101813 -4.0125971492507055 = -0.046535271471315295 @ 160215.0 5172.265625 1
-0.4996948765847495 -4.012597465807085 = -0.053986090295629154 @ 160215.0 5172.265625 1
1.757743591142854 1.5957372551420952 = 0.0 @ 137957.0 1186.274169921875 1
-2.1849843511311238 1.6870534742082002 = -0.028242175924636573 @ 122692.0 968.528076171875 1
-2.184983807516238 1.6870539147753068 = -0.039283907963319334 @ 83986.0 3467.5791015625 1
-2.1849839192240754 1.6870534750133492 = -0.06340628319140527 @ 83986.0 3467.5791015625 1
-0.49969434571813887 -4.01259652782229 = -0.07666520065065546 @ 72851.0 860.558837890625 1
-0.49969362246628907 -4.012596850492308 = -0.08134044268204163 @ 72851.0 860.558837890625 1
-2.1849843511330973 1.6870541109340964 = -0.017100621863806113 @ 37068.0 3244.63134765625 1
-2.184984335439661 1.687054624269694 = -0.03916334923667253 @ 26654.0 1166.372802734375 1
-2.184984001570507 1.6870536644772514 = -0.06754039502940812 @ 26654.0 1166.372802734375 1
-2.1849847665847193 1.6870545927847 = -0.07192576018905551 @ 26654.0 1166.372802734375 1
-2.1849858431671128 1.6870539952937054 = -0.07922939139805266 @ 26654.0 1166.372802734375 1
-2.1849841381638107 1.6870523419004364 = -0.08984080814584425 @ 26654.0 1166.372802734375 1
