-7.08350640721342 4.858056878568698 = 186.73090883102392 @ 198564.0 152.072265625 1
5.482864207114388 -1.4251284294012139 = 186.7309088310239 @ 196968.0 332.5361328125 1
-0.8003210997877639 4.85805687935674 = 186.73090883102392 @ 196195.0 419.49560546875 1
-1.4251284285839758 5.4828642066962665 = 186.7309088310239 @ 192842.0 809.66552734375 1
-0.8003210990133747 -7.7083137387433975 = 186.73090883102392 @ 190869.0 1033.8525390625 1
-7.70831373733783 -7.083506406791685 = 186.73090883102392 @ 189508.0 1189.9541015625 1
4.858056879537509 -0.8003211009056809 = 186.73090883102392 @ 188675.0 1284.370361328125 1
-1.425128427979622 -7.08350640779223 = 186.73090883102387 @ 187974.0 1373.16015625 1
5.4828642078761956 4.858056878641841 = 186.73090883102395 @ 187165.0 1465.14697265625 1
-1.4251284293081798 -0.8003211010759128 = 186.73090883102387 @ 183488.0 1886.2236328125 1
5.482864205633803 -7.7083137352242 = 186.73090883102392 @ 182811.0 1963.768310546875 1
-7.083506406733214 -1.4251284278898735 = 186.7309088310239 @ 181570.0 2103.076171875 1
-7.708313736304893 5.482864205701993 = 186.73090883102392 @ 178145.0 2492.611328125 1
4.858057646410159 -7.08350777165315 = 186.73090882553936 @ 176788.0 40.677001953125 1
-7.083502078872385 -7.708312149031748 = 186.73090878374938 @ 174419.0 314.105224609375 1
4.858056710366864 5.48286372951168 = 186.7309088304545 @ 171870.0 606.966796875 1
-0.8003210998782866 -1.4251284297129838 = 186.73090883102387 @ 162557.0 116.9560546875 1
-7.708313735419116 -0.8003211010257927 = 186.73090883102392 @ 147832.0 74.988525390625 1
