7.706277268727337 2.1932800514177857 1.1700887888300253 = 1.0 @ 398394.0 156.82177734375 1
2.1933446556064053 7.70607706120465 1.1700852231553773 = 0.9999999741369494 @ 397190.0 290.53466796875 1
4.111207143163619 7.706277260527535 7.706277253477542 = 1.0 @ 396401.0 378.429931640625 1
4.111207136114747 2.1932800502154444 7.706277253430403 = 1.0 @ 394562.0 579.860107421875 1
7.706277258395942 7.706277252239689 7.706277260122414 = 1.0 @ 393717.0 672.594970703125 1
7.706277259434525 4.11120714824304 4.111207144513639 = 1.0 @ 392886.0 766.79150390625 1
1.1700887866229015 7.706277269715089 1.1700887879490487 = 1.0 @ 390893.0 989.33544921875 1
4.1112071450114245 7.706277267706096 4.111207140868409 = 1.0 @ 390090.0 1078.52734375 1
4.111207143121114 4.111207148114017 7.706277254665656 = 1.0 @ 389259.0 1173.9765625 1
7.706277258664073 4.111207140143242 2.19328004917353 = 1.0 @ 388372.0 1272.57470703125 1
2.193280052034392 4.111207143611389 2.193280048370951 = 1.0 @ 387513.0 1366.92822265625 1
7.706277255977115 2.1932800495067384 7.706277264219525 = 1.0 @ 386682.0 1457.819580078125 1
2.1932800500564333 4.111207141145966 7.706277255939745 = 1.0 @ 385725.0 1561.592041015625 1
7.706277255398281 4.1112071447493905 7.706277257591041 = 1.0 @ 383984.0 1752.337158203125 1
0.624226755170383 7.706295526142687 4.111220413308421 = 0.9999999996121709 @ 381235.0 2058.802001953125 1
7.706277253450166 7.7062772561805115 4.111207141643049 = 1.0 @ 380446.0 2145.55908203125 1
4.111207149347239 4.111207139219108 2.193280049933389 = 1.0 @ 379573.0 2240.67041015625 1
2.193280048462804 2.1932800493458933 7.706277247867979 = 1.0 @ 375074.0 2738.866943359375 1
7.706277267158663 2.193280051076175 4.111207145725958 = 1.0 @ 373963.0 2859.96484375 1
7.706277252564415 1.170088786729859 2.1932800499120475 = 1.0 @ 372124.0 3061.96923828125 1
0.6242284334842461 4.111207137917045 4.11120714429239 = 1.0 @ 369095.0 3401.650634765625 1
2.1932800522554436 7.706277260830929 7.706277243206141 = 1.0 @ 366262.0 3722.2060546875 1
7.704952132200322 0.6242084263400712 7.711277473375017 = 0.9999924777965499 @ 362771.0 4109.450927734375 1
7.706277249001281 7.706277261683202 1.1700887882962299 = 1.0 @ 359938.0 4427.366943359375 1
2.193280050091627 7.706277251338637 2.1932800535781203 = 1.0 @ 357245.0 4726.4521484375 1
0.33922497583189115 7.678718124012761 4.113125188432076 = 0.9941155857202921 @ 354360.0 22.186279296875 1
2.1932800494219533 2.1932800524437104 2.1932800521983205 = 1.0 @ 352997.0 174.515380859375 1
1.1700887868290553 4.11120714648239 0.6242284328860355 = 1.0 @ 351228.0 372.24169921875 1
4.111207144844036 7.706277279611199 1.1700887864056302 = 0.9999999999999998 @ 350285.0 479.56396484375 1
7.70602131616833 1.1700841014098007 7.7064265761257325 = 0.9999999750909402 @ 348684.0 661.670654296875 1
4.111207137017757 4.111207145901245 4.11120714925243 = 1.0 @ 347811.0 759.712890625 1
7.706204029437205 7.7062776251674165 2.1933002135482207 = 0.9999999970865665 @ 347414.0 804.560791015625 1
7.7062772500900865 2.1932800506688994 2.193280052159696 = 1.0 @ 346065.0 960.093994140625 1
2.193280052167181 2.1932800523023164 4.111207142171175 = 1.0 @ 344366.0 1151.508544921875 1
1.1701004798370207 4.1111632952710355 7.706386019450215 = 0.9999999931200847 @ 343199.0 1283.14892578125 1
2.1932800481247288 7.706277265968109 4.111207148116422 = 1.0 @ 338070.0 1862.606201171875 1
2.1932800507214525 4.111207141147456 1.1700887857717515 = 1.0 @ 335349.0 2171.329833984375 1
4.111207137785684 4.11120714391912 0.6242284344861916 = 1.0 @ 334000.0 2321.801025390625 1
4.111206829518213 7.706277724657247 2.1932792514673656 = 0.9999999999976283 @ 331881.0 2560.29638671875 1
1.1700887876335386 2.1932800486812387 2.1932800508748063 = 1.0 @ 330854.0 2673.000732421875 1
7.7042564029303255 2.1936163235982864 0.6242750850716764 = 0.9999983687804777 @ 329089.0 175.2587890625 1
7.706277253679559 1.1700887887663567 1.1700887863171898 = 1.0 @ 328090.0 286.841064453125 1
7.706277258796782 1.1700887855683442 4.111207143470229 = 1.0 @ 325201.0 615.072021484375 1
4.111295011146773 2.1933136922473047 1.1701485886382847 = 0.9999999449338461 @ 324020.0 746.87109375 1
1.1434592322911816 2.283556794404103 4.035204664067646 = 0.9586685465200873 @ 320795.0 1110.10302734375 1
1.1700887856937077 7.706277261416992 4.111207141889176 = 1.0 @ 319460.0 1257.1865234375 1
1.1519038723115915 7.680368108894138 7.646579361952808 = 0.9947227719364609 @ 317509.0 1477.64599609375 1
1.162961358469302 2.1217192970229335 7.5313413754739535 = 0.9724574330273759 @ 315614.0 1693.730224609375 1
4.111187745445441 2.1933084721179443 4.111142650629096 = 0.9999999927289498 @ 315217.0 1737.41357421875 1
2.1853364500505914 0.6734487008421559 7.700524454577562 = 0.9082899531121811 @ 314876.0 1776.913818359375 1
2.1932800493577633 4.111207140344163 4.111207143467207 = 1.0 @ 298677.0 912.49365234375 1
0.6242284340404578 4.11120714489295 7.706277260289444 = 1.0 @ 277434.0 3308.31982421875 1
8.103470666924098 7.879570466671777 0.6274847464917339 = 0.9501227175680547 @ 265813.0 988.47607421875 1
4.111207139707301 0.624228433906009 7.706277250986334 = 1.0 @ 262168.0 1402.08056640625 1
1.1700887884920874 4.111207148256327 4.111207140189538 = 1.0 @ 260007.0 1643.19970703125 1
4.111207138302706 1.1700887874622823 7.706277246075567 = 1.0 @ 250832.0 2665.250732421875 1
4.111207146496142 1.170088786913256 4.111207146124274 = 1.0 @ 243197.0 3512.882080078125 1
2.1932800511014183 1.1700887873337948 1.1700887866456224 = 1.0 @ 238310.0 105.757568359375 1
7.774546070841062 0.6253539847764049 1.1716305899434558 = 0.9986213576934526 @ 232201.0 784.064208984375 1
1.1700887885207658 7.706277244443562 2.193280050393239 = 1.0 @ 226722.0 1396.353515625 1
7.70627726073373 4.111207143634104 0.6242284341921821 = 1.0 @ 218611.0 2310.330810546875 1
4.1112071447628304 2.1932800508639203 0.6242284339525804 = 1.0 @ 216730.0 2517.301513671875 1
2.19328005163092 4.111207141489217 0.6242284329845587 = 1.0 @ 213057.0 2926.841552734375 1
2.1932800522354094 2.193280052330355 1.1700887887095326 = 1.0 @ 212114.0 3030.1259765625 1
2.1929628118044695 7.687752763588813 0.6240447793046433 = 0.9999016750953815 @ 209953.0 3268.089599609375 1
4.103091567174642 7.663025305994309 0.333220313163652 = 0.9994009706675788 @ 207064.0 3589.83935546875 1
7.706418404668429 4.111226622594424 1.1700760517695683 = 0.9999999920601218 @ 200703.0 4301.788330078125 1
4.13670554357021 4.094591564519758 1.1709776587063392 = 0.9990801309853323 @ 197268.0 4690.3330078125 1
1.1865188101931614 1.1427571557278713 4.15241775871011 = 0.9858404626581962 @ 192909.0 5175.993408203125 1
0.6242284326662185 2.193280047156488 7.7062772410708265 = 0.9999999999999999 @ 177354.0 1733.192626953125 1
0.6061100563218751 2.0896362124908716 3.9906943524045553 = 0.9327013914773098 @ 169579.0 2610.931884765625 1
0.6242284344587267 7.706277262775453 7.706277253254594 = 1.0 @ 165948.0 3022.206787109375 1
2.1932800527063945 2.1932800522014646 0.6242284347241518 = 1.0 @ 142763.0 1611.34228515625 1
1.1762457797611756 1.1697727162492904 7.726761164414645 = 0.9994223929323999 @ 142632.0 1626.12890625 1
0.6454925739880111 1.186398491358363 8.166838973730824 = 0.923686706941486 @ 142632.0 1626.12890625 1
4.111207139920337 7.7062772588901 0.6242284337926454 = 1.0 @ 133914.0 2609.49560546875 1
4.111201656635126 2.193328858448329 2.193277514339955 = 0.9999999916947282 @ 119769.0 4197.801025390625 1
7.2673206405183315 0.6437117516466848 4.171345684358507 = 0.9251700589652545 @ 112180.0 479.251220703125 1
0.3330184350768227 4.1112071498082265 2.1932800498751037 = 1.0 @ 106883.0 1134.150390625 1
7.52261825551384 7.748420808265844 0.6229686133761064 = 0.9897862652180645 @ 87450.0 217.06298828125 1
7.47036473894376 0.3193191278339411 7.903663897138161 = 0.9444344048445497 @ 81831.0 854.6318359375 1
1.1700887874708494 1.170088787735644 2.193280050177797 = 1.0 @ 74770.0 1649.744384765625 1
7.818176357489092 0.3288990628412905 4.175575178324342 = 0.9899490809519382 @ 73701.0 1775.148681640625 1
7.829548455650149 0.6450569136086436 4.090769715947325 = 0.9776032445952711 @ 73701.0 1775.148681640625 1
2.1932800509842516 0.3330184350336195 7.706277259874066 = 1.0 @ 63765.0 2899.033447265625 1
4.057085187314069 0.33789302725062326 7.588291090761368 = 0.9896045649885927 @ 61945.0 133.402587890625 1
0.6242284337177874 2.1932800508734718 2.193280052309082 = 1.0 @ 51062.0 1361.919677734375 1
2.1932800536623747 1.1700887864075764 2.1932800574097957 = 0.9999999999999998 @ 49853.0 1497.18408203125 1
0.6242284335481132 2.1932800503383225 1.17008878789144 = 1.0 @ 48854.0 1606.461181640625 1
0.6249079707137472 0.3323094250529641 4.075171103047887 = 0.9986135711156641 @ 29001.0 825.369384765625 1
